1 0.967367 -0.253377
2 0.886451 -0.462828
3 0.949211 -0.314622
4 0.984473 0.175521
5 0.783718 -0.621113
6 0.937694 0.34747
7 0.986518 0.163668
8 0.843909 0.536492
9 0.857704 -0.514149
10 0.969297 -0.245902
11 0.936923 -0.349536
12 0.999619 -0.0274475
13 0.997111 0.0759858
14 0.820208 -0.572065
15 0.723025 0.690827
16 0.988508 -0.151168
17 0.99938 -0.0352562
18 0.985938 -0.16711
19 0.992594 0.121472
20 0.99562 -0.0934894
21 0.985324 0.170694
22 0.917433 -0.397889
23 0.978195 0.207685
24 0.990593 -0.136816
25 0.878304 -0.478098
26 0.969321 -0.245807
27 0.968869 0.247563
28 0.824278 -0.566184
29 0.928273 -0.371897
30 0.998637 0.0521251
31 0.964549 0.263912
32 0.953559 0.301211
33 0.783504 -0.621387
34 0.942999 0.332784
35 0.900308 -0.435256
36 0.999994 -0.00157233
37 0.841952 0.539554
38 0.964906 0.262595
39 0.999671 -0.0256655
40 0.999946 0.0101561
41 0.936677 0.350196
42 0.984593 -0.17486
43 0.757087 -0.65332
44 0.999942 0.0109716
45 0.990602 -0.136771
46 0.979513 0.201404
47 0.99997 -0.00786774
48 0.718386 0.695645
49 0.986501 -0.163752
50 0.715397 -0.698714
51 0.770968 0.63687
52 0.941258 0.3377
53 0.49385 0.869548
54 0.813321 -0.581818
55 0.984137 0.177411
56 0.943464 -0.331476
57 0.393712 0.919233
58 0.988872 0.148759
59 0.785201 0.619239
60 0.97925 0.202656
61 0.913847 0.406059
62 0.88502 0.465551
63 0.9521 -0.305794
64 0.794903 0.606742
65 0.955216 -0.295915
66 0.996501 0.0835466
67 0.903407 -0.428785
68 0.996083 -0.0884192
69 0.991234 -0.132123
70 0.896571 0.442891
71 0.963384 -0.26814
72 0.991497 -0.130126
73 0.917828 -0.39698
74 0.806441 0.591315
75 0.997762 0.0668907
76 0.997292 -0.0735595
77 0.99988 -0.0157834
78 0.959134 0.282959
79 0.597149 -0.802132
80 0.71424 0.6999
81 0.997582 0.0694741
82 0.96485 -0.262805
83 0.988141 -0.153525
84 0.96691 -0.25513
85 0.999905 -0.0134065
86 0.998547 -0.0538376
87 0.999723 -0.0236384
88 0.868032 -0.496501
89 0.861399 -0.507927
90 0.973669 -0.227984
91 0.993503 -0.113762
92 0.994625 -0.103554
93 0.998768 -0.0496637
94 0.899501 -0.436915
95 0.819 0.573795
96 0.869391 0.494131
97 0.99797 0.0637681
98 0.951979 0.306162
99 0.793193 -0.608968
100 0.728427 0.685123
101 0.979146 -0.203159
102 0.895267 0.445524
103 0.978067 -0.2083
104 0.937491 0.348007
105 0.747834 -0.66389
106 0.998954 0.0456351
107 0.974027 -0.22642
108 0.95226 -0.305302
109 0.989747 0.14286
110 0.997941 -0.0642082
111 0.993087 0.117416
112 0.965146 -0.261713
113 0.967061 0.254551
114 0.996071 0.0885299
115 0.950137 0.311842
116 0.959796 -0.280682
117 0.809829 0.586667
118 0.899124 -0.437689
119 0.975515 -0.219941
120 0.706605 -0.707604
121 0.99163 0.129126
122 0.977786 0.20962
123 0.992935 0.11864
124 0.999767 -0.0218698
125 0.825107 0.56498
126 0.996263 0.0863724
127 0.965954 0.258719
128 0.957846 -0.287284
129 0.974561 0.224122
130 0.993809 0.111105
131 0.911297 -0.411747
132 0.996835 0.0794776
133 0.986103 0.166138
134 0.970373 0.241631
135 0.619834 -0.784735
136 0.996123 -0.0879705
137 0.988833 -0.149001
138 0.999575 -0.0290382
139 0.978787 0.204896
140 0.818466 0.574556
141 0.997226 0.0744395
142 0.537168 0.843478
143 0.739914 -0.672704
144 0.992317 0.123725
145 0.996914 -0.0784809
146 0.930293 -0.366823
147 0.986101 -0.166129
148 0.995733 -0.0923273
149 0.795174 -0.606381
150 0.990695 -0.136121
151 0.916538 0.39995
152 0.864057 -0.503391
153 0.987366 -0.158453
154 0.9994 -0.0344758
155 0.999899 -0.0140851
156 0.998782 -0.049287
157 0.921714 -0.387868
158 0.999983 0.00624264
159 0.997417 0.0718736
160 0.867254 0.49786
161 0.992625 -0.121223
162 0.796055 0.605222
163 0.917829 -0.396966
164 0.917297 -0.398196
165 0.798048 0.602595
166 0.999946 -0.0102135
167 0.999872 0.0157313
168 0.784037 0.620713
169 0.997216 -0.0745329
170 0.973745 0.227626
171 0.934417 -0.356177
172 0.938867 0.344281
173 0.927834 -0.372985
174 0.942866 0.333166
175 0.996371 -0.0851642
176 0.996017 -0.0891367
177 0.778226 0.62798
178 0.73906 -0.67364
179 0.989976 -0.141249
180 0.868253 -0.496121
181 0.956452 -0.291897
182 0.978391 -0.206768
183 0.998147 -0.0608516
184 0.744347 -0.667795
185 0.845796 0.533507
186 0.96281 -0.270183
187 0.890275 0.455417
188 0.95812 -0.286377
189 0.997042 0.076906
190 0.838739 -0.544534
191 0.963366 -0.268195
192 0.907873 -0.419254
193 0.950753 -0.30994
194 0.998444 0.0557257
195 0.779788 -0.62604
196 0.897161 0.441707
197 0.810546 -0.585669
198 0.852944 0.522005
199 0.986266 -0.165193
200 0.998233 -0.0593394
201 0.94678 -0.321879
202 0.92163 0.388073
203 0.980281 -0.197615
204 0.972993 -0.230814
205 0.991208 0.132319
206 0.946679 0.322171
207 0.950727 0.31002
208 0.986895 0.161333
209 0.998963 0.0456065
210 0.929655 -0.368438
211 0.887841 0.460157
212 0.525757 -0.850634
213 0.997129 0.0756719
214 0.906409 -0.422409
215 0.902672 0.430337
216 0.999821 -0.0188298
217 0.913295 0.407303
218 0.948568 0.316574
219 0.847511 0.530775
220 0.999076 -0.0429184
221 0.972484 0.232962
222 0.96054 -0.278131
223 0.913745 -0.406279
224 0.990151 0.140031
225 0.991342 -0.131293
226 0.995841 0.0911345
227 0.958103 -0.286426
228 0.855024 0.51859
229 0.999112 -0.042109
230 0.980227 -0.197872
231 0.986849 0.161627
232 0.990554 -0.137136
233 0.974962 -0.222401
234 0.958785 0.28414
235 0.999682 0.0251941
236 0.981239 0.192791
237 0.992625 0.121263
238 0.971702 -0.236211
239 0.997006 -0.0773254
240 0.804743 0.593623
241 0.900369 0.435128
242 0.998986 0.0450164
243 0.97935 -0.202181
244 0.843026 -0.537866
245 0.93337 -0.358913
246 0.982402 -0.186768
247 0.990885 -0.134714
248 0.999299 0.0375233
249 0.976979 0.213351
250 0.998896 -0.0469491
251 0.99653 -0.0832415
252 0.990717 0.135922
253 0.990624 0.136635
254 0.995839 -0.0911841
255 0.872033 -0.48944
256 0.970636 0.240567
257 0.988893 -0.148609
258 0.983622 0.180263
259 0.999556 -0.0297179
260 0.99754 -0.0700974
261 0.989392 -0.145249
262 0.995599 -0.0937414
263 0.997911 -0.0646126
264 0.951034 0.309092
265 0.855005 -0.518625
266 0.989955 0.141387
267 0.908659 -0.417532
268 0.869365 0.494167
269 0.913958 -0.405802
270 0.937838 0.347085
271 0.999991 -0.0047055
272 0.99983 0.0181378
273 0.994847 -0.101385
274 0.998577 0.0533912
275 0.933402 0.358838
276 0.97534 -0.220699
277 0.957085 0.289814
278 0.751141 0.660147
279 0.79652 0.604615
280 0.904136 -0.427247
281 0.987683 0.156495
282 0.998338 0.0575839
283 0.957615 0.28806
284 0.905311 0.42475
285 0.829443 0.558591
286 0.999418 -0.0341547
287 0.475061 0.879955
288 0.999704 -0.0243686
289 0.994619 -0.10363
290 0.997696 -0.0678204
291 0.851216 -0.524808
292 0.969866 0.243654
293 0.896915 -0.442205
294 0.929921 0.367754
295 0.931737 -0.363136
296 0.998624 0.0524357
297 0.998731 -0.0504049
298 0.98447 0.175552
299 0.976166 0.217026
300 0.70001 -0.714134
301 0.94768 -0.319217
302 0.999602 0.0282359
303 0.999071 -0.0430561
304 0.901971 -0.431799
305 0.99873 0.0503561
306 0.900453 -0.434958
307 0.866116 -0.499845
308 0.914172 -0.405324
309 0.984677 -0.174362
310 0.702586 -0.711595
311 0.994795 0.101939
312 0.955567 -0.294782
313 0.79771 0.603041
314 0.967661 0.252237
315 0.914741 0.404051
316 0.876885 0.480702
317 0.903886 0.427762
318 0.941731 -0.336374
319 0.964311 0.264766
320 0.888215 0.459431
321 0.949602 -0.31345
322 0.761736 0.647886
323 0.938772 -0.344528
324 0.975016 0.22215
325 0.76153 -0.648132
326 0.896238 0.443573
327 0.998519 -0.0544472
328 0.999451 0.0330908
329 0.941214 -0.337805
330 0.582981 0.812486
331 0.985547 -0.169376
332 0.983899 0.178703
333 0.95205 0.305938
334 0.879267 0.476322
335 0.978937 0.204177
336 0.890825 0.454349
337 0.878923 0.476962
338 0.999668 0.0257697
339 0.826368 0.563137
340 0.956545 -0.291581
341 0.996707 -0.0811133
342 0.725387 -0.688338
343 0.963551 0.267504
344 0.813644 -0.581364
345 0.882811 0.469733
346 0.889851 -0.456262
347 0.99106 0.133396
348 0.98834 0.152279
349 0.998612 -0.0527332
350 0.977049 -0.213012
351 0.78968 -0.613517
352 0.989348 -0.145577
353 0.973226 -0.229844
354 0.983995 0.178227
355 0.998997 -0.0448665
356 0.943542 0.331253
357 0.998977 -0.045212
358 0.962492 0.271299
359 0.981062 -0.193669
360 0.906286 0.422662
361 0.999974 0.00699947
362 0.99756 -0.0697352
363 0.811579 -0.58424
364 0.975351 0.220649
365 0.974812 0.223018
366 0.860605 0.509268
367 0.999648 -0.0266655
368 0.991727 0.128366
369 0.868441 0.495795
370 0.999645 0.0267684
371 0.959389 0.28209
372 0.975493 -0.220021
373 0.8637 0.504002
374 0.992885 -0.119079
375 0.993571 -0.11321
376 0.950723 -0.310037
377 0.793049 0.609153
378 0.656685 -0.754168
379 0.913982 0.405747
380 0.951019 -0.309145
381 0.787637 0.616147
382 0.935095 -0.354391
383 0.999077 -0.0430224
384 0.929735 -0.368217
385 0.99994 -0.0110597
386 0.73966 0.672977
387 0.956494 0.291739
388 0.884913 0.465754
389 0.998928 -0.0463448
390 0.990725 0.135891
391 0.901263 0.433275
392 0.979317 0.202326
393 0.976989 -0.213302
394 0.926364 0.376641
395 0.989302 0.145862
396 0.999551 -0.0298298
397 0.95167 0.307131
398 0.951467 -0.307738
399 0.898347 0.439286
400 0.943579 -0.331156
401 0.999551 -0.0300397
402 0.960591 -0.27795
403 0.798002 0.602651
404 0.999082 -0.0427387
405 0.993314 0.115448
406 0.981061 0.193696
407 0.859331 0.511416
408 0.973702 -0.227826
409 0.999562 -0.0296784
410 0.951828 0.30662
411 0.999984 0.00627841
412 0.995646 -0.0932468
413 0.98869 -0.14995
414 0.950549 -0.31057
415 0.898627 0.43871
416 0.886846 0.462066
417 0.976851 -0.213925
418 0.998968 0.045403
419 0.999226 0.0392054
420 0.97588 -0.218318
421 0.965987 -0.258591
422 0.877779 0.47906
423 0.792899 -0.609347
424 0.839574 0.543238
425 0.896719 0.442605
426 0.960899 -0.276893
427 0.997345 0.0727613
428 0.915996 0.401199
429 0.838801 -0.544434
430 0.927106 -0.374804
431 0.972159 -0.234308
432 0.971135 0.238531
433 0.984838 0.17348
434 0.898487 0.438994
435 0.974316 0.225188
436 0.938934 0.34409
437 0.851383 0.524541
438 0.974562 -0.224115
439 0.903174 0.429284
440 0.999967 -0.00870724
441 0.629951 0.776633
442 0.790029 0.613062
443 0.723306 0.690531
444 0.957977 0.286835
445 0.984387 -0.176044
446 0.763862 0.64538
447 0.9967 0.0811715
448 0.997629 -0.068786
449 0.877256 -0.480026
450 0.95834 0.285627
451 0.891261 0.453489
452 0.999593 -0.0286893
453 0.988954 -0.14819
454 0.848963 0.528449
455 0.98243 -0.186616
456 0.826276 0.563261
457 0.999534 0.0306362
458 0.856722 0.515779
459 0.917828 -0.396977
460 0.999942 -0.01091
461 0.946945 -0.321392
462 0.998303 0.0582341
463 0.996141 -0.087776
464 0.826885 0.562372
465 0.959194 0.282736
466 0.97203 -0.234855
467 0.988937 0.14831
468 0.848309 -0.529502
469 0.999881 0.0156244
470 0.817211 -0.576343
471 0.954291 0.298868
472 0.999603 0.0282536
473 0.806957 0.590607
474 0.986849 0.161627
475 0.930036 0.367467
476 0.80511 -0.593124
477 0.987215 0.159429
478 0.974054 -0.226329
479 0.97361 0.228214
480 0.859042 -0.511906
481 0.929582 -0.368626
482 0.990619 0.136641
483 0.999421 -0.0338895
484 0.949423 0.314004
485 0.889712 0.456528
486 0.405117 0.914266
487 0.881802 0.471618
488 0.996084 0.0883573
489 0.980352 -0.197264
490 0.999776 0.0212098
491 0.966756 0.255698
492 0.938842 -0.344362
493 0.995577 -0.0939924
494 0.94158 -0.336779
495 0.983268 -0.182147
496 0.987037 -0.160503
497 0.882026 0.471199
498 0.871531 -0.490333
499 0.940317 0.340303
500 0.995184 -0.0980554
501 0.999963 0.00860709
502 0.87771 -0.479199
503 0.935851 0.352386
504 0.787878 -0.615829
505 0.999148 -0.0413522
506 0.972032 -0.234843
507 0.997375 0.0724789
508 0.990649 -0.136465
509 0.911863 0.410501
510 0.995138 -0.0984564
511 0.99802 -0.0629002
512 0.962251 -0.272179
513 0.695561 -0.718467
514 0.999869 -0.016329
515 0.88461 -0.466325
516 0.784878 -0.619648
517 0.583807 -0.811896
518 0.514122 0.857719
519 0.974328 -0.225143
520 0.98974 0.142916
521 0.948194 0.317699
522 0.995867 0.0907814
523 0.990945 0.134276
524 0.982157 -0.188061
525 0.986233 -0.165366
526 0.966807 0.255496
527 0.963889 0.266302
528 0.972139 0.234406
529 0.94889 0.315606
530 0.972419 0.233226
531 0.936114 0.351704
532 0.946235 -0.323481
533 0.998174 0.0604115
534 0.999762 -0.021863
535 0.908375 0.418152
536 0.999888 -0.014849
537 0.906702 -0.421765
538 0.931994 -0.362486
539 0.999971 -0.00777174
540 0.956502 -0.291736
541 0.903511 0.428573
542 0.864988 0.501789
543 0.988953 -0.148215
544 0.99496 0.100244
545 0.749142 -0.66241
546 0.978329 0.207071
547 0.930221 -0.367004
548 0.976602 -0.215055
549 0.824579 -0.565753
550 0.980083 0.198582
551 0.999988 -0.00468602
552 0.960236 0.279205
553 0.973761 -0.227583
554 0.824086 -0.566462
555 0.965171 -0.261608
556 0.993648 0.112556
557 0.99823 -0.0595485
558 0.87412 0.48571
559 0.818131 -0.575032
560 0.663295 -0.748358
561 0.999446 0.0334567
562 0.930534 -0.3662
563 0.951097 0.308889
564 0.999687 -0.0250561
565 0.888558 0.45877
566 0.79215 -0.610324
567 0.980261 0.197722
568 0.981447 -0.191723
569 0.98393 0.178546
570 0.997648 -0.0685032
571 0.999974 -0.00703119
572 0.717124 -0.696942
573 0.996542 -0.0830414
574 0.999918 -0.0126279
575 0.981596 0.190953
576 0.917407 -0.397956
577 0.652438 -0.757845
578 0.96778 0.251784
579 0.980047 0.198774
580 0.94482 0.3276
581 0.936258 -0.351302
582 0.878895 -0.477019
583 0.926343 0.376684
584 0.816567 0.577251
585 0.964422 -0.26438
586 0.903779 0.428
587 0.868003 0.496561
588 0.684297 -0.7292
589 0.927817 -0.373033
590 0.884528 -0.466487
591 0.999996 -0.00236537
592 0.998068 -0.062203
593 0.971722 0.236116
594 0.998025 0.0628015
595 0.99746 0.0712661
596 0.99997 -0.00776906
597 0.760734 0.649065
598 0.914621 -0.404317
599 0.981308 0.192433
600 0.999315 -0.0369092
601 0.999958 0.00935003
602 0.983835 -0.179104
603 0.583517 0.812103
604 0.997276 -0.0736747
605 0.999558 0.0296206
606 0.966699 0.255925
607 0.963119 -0.269088
608 0.996741 0.0806947
609 0.954253 -0.299
610 0.977001 0.213219
611 0.970911 -0.239439
612 0.975074 0.221888
613 0.998275 0.0586511
614 0.973816 0.227334
615 0.886601 -0.462533
616 0.999973 -0.00779415
617 0.83056 -0.55693
618 0.986296 0.164986
619 0.993673 -0.112356
620 0.896861 0.442314
621 0.974839 -0.222916
622 0.999968 0.00863411
623 0.991273 0.131824
624 0.990407 0.138184
625 0.93302 0.359826
626 0.911144 -0.412085
627 0.967803 0.25172
628 0.955845 -0.293873
629 0.884118 0.467266
630 0.888979 0.457944
631 0.963296 0.268453
632 0.894625 0.44682
633 0.997511 -0.0705506
634 0.817855 -0.575422
635 0.856284 0.516499
636 0.942974 -0.332857
637 0.875809 -0.482655
638 0.999893 -0.0148874
639 0.868918 -0.49496
640 0.951868 0.306504
641 0.947908 -0.318549
642 0.812469 0.583005
643 0.986367 0.164548
644 0.997068 0.0765206
645 0.944316 -0.329041
646 0.999832 -0.0180879
647 0.974218 -0.225612
648 0.997805 0.0662686
649 0.867022 -0.49827
650 0.904719 0.426008
651 0.999997 -0.000788084
652 0.996856 -0.0792186
653 0.964071 -0.265643
654 0.961995 0.273084
655 0.969633 -0.24458
656 0.996977 0.0776891
657 0.922714 0.385491
658 0.995675 -0.0929046
659 0.998014 0.0629992
660 0.917019 -0.398835
661 0.987858 0.155362
662 0.990877 -0.134778
663 0.984454 0.175628
664 0.961743 -0.273942
665 0.99634 -0.0854509
666 0.897947 0.440105
667 0.875703 0.482851
668 0.979032 0.203724
669 0.90204 0.431656
670 0.991503 -0.130092
671 0.675359 0.737488
672 0.968097 -0.25056
673 0.998002 -0.0632387
674 0.991918 -0.126867
675 0.798935 -0.601415
676 0.994101 -0.108449
677 0.955679 -0.294403
678 0.770459 0.63749
679 0.97186 -0.235555
680 0.999561 0.0297109
681 0.966183 0.257877
682 0.917207 0.398402
683 0.991741 0.128228
684 0.989884 -0.141862
685 0.969996 0.243128
686 0.823348 -0.56754
687 0.998396 -0.0566219
688 0.906792 -0.421579
689 0.977254 0.21206
690 0.823121 -0.56787
691 0.975505 0.219956
692 0.978538 0.206084
693 0.939522 0.342482
694 0.826257 -0.563288
695 0.999692 0.0249506
696 0.811923 -0.583768
697 0.970938 -0.239316
698 0.945096 -0.326784
699 0.989419 0.145129
700 0.925949 -0.37765
701 0.999681 -0.0250619
702 0.968284 -0.249856
703 0.98023 0.197866
704 0.907669 0.419676
705 0.835464 -0.549546
706 0.892312 0.451422
707 0.911649 -0.410968
708 0.67948 0.733693
709 0.977263 -0.212021
710 0.878723 0.47734
711 0.982157 -0.188061
712 0.987442 0.158002
713 0.913544 -0.406741
714 0.886909 0.461948
715 0.983221 -0.182417
716 0.799341 0.600875
717 0.968879 -0.247543
718 0.966355 -0.25721
719 0.769242 -0.638957
720 0.973213 -0.229904
721 0.979711 0.200405
722 0.994126 -0.108229
723 0.998817 0.0485507
724 0.94712 -0.320874
725 0.663762 0.747941
726 0.873606 -0.486626
727 0.986606 0.163111
728 0.843783 0.536691
729 0.963682 0.267051
730 0.981219 0.192896
731 0.91267 0.408691
732 0.944277 -0.329149
733 0.891173 0.453656
734 0.860558 0.509352
735 0.953954 -0.299955
736 0.955497 0.294996
737 0.947826 -0.318797
738 0.996817 -0.079757
739 0.699426 -0.714708
740 0.97526 0.221045
741 0.979707 -0.200445
742 0.997296 0.0734914
743 0.910123 -0.414329
744 0.99979 0.0204292
745 0.767315 -0.641276
746 0.844189 0.536046
747 0.986434 -0.16418
748 0.984004 -0.17813
749 0.983937 -0.178514
750 0.985582 -0.16918
751 0.98189 0.18945
752 0.996316 0.0857867
753 0.864009 0.503476
754 0.845721 0.533628
755 0.86212 0.50671
756 0.993989 0.109479
757 0.962713 0.270523
758 0.993473 -0.114099
759 0.940408 -0.340054
760 0.962401 -0.271631
761 0.996941 -0.0781049
762 0.853127 -0.521711
763 0.99797 -0.0637195
764 0.608541 -0.793523
765 0.985755 0.168195
766 0.976702 -0.214626
767 0.99671 -0.0810754
768 0.994082 0.108646
769 0.951416 0.30792
770 0.641403 0.767204
771 0.996236 -0.0866756
772 0.920229 0.391394
773 0.956965 -0.290212
774 0.978655 -0.205496
775 0.737415 -0.675439
776 0.942586 0.333976
777 1 -0.00156887
778 0.998045 0.0625268
779 0.997182 -0.0750336
780 0.892668 0.450713
781 0.969085 0.246729
782 0.924287 -0.381698
783 0.925625 0.378445
784 0.99907 0.0431116
785 0.981302 0.192473
786 0.99247 -0.122509
787 0.987093 0.160166
788 0.916992 -0.398915
789 0.976309 0.216381
790 0.867896 0.496747
791 0.793223 0.608929
792 0.958783 0.284142
793 0.997376 0.0724333
794 0.990074 -0.140555
795 0.999774 -0.02128
796 0.986556 -0.163428
797 0.992276 -0.124061
798 0.962253 -0.272158
799 0.927978 0.372634
800 0.899444 0.437034
801 0.883164 -0.469065
802 0.939421 0.342764
803 0.998228 -0.0594322
804 0.942394 0.334507
805 0.785533 -0.618823
806 0.960016 0.279937
807 0.999376 0.0353698
808 0.815922 0.578161
809 0.999378 -0.0352314
810 0.824861 0.565334
811 0.988675 -0.150051
812 0.705961 0.708249
813 0.682033 -0.73132
814 0.975172 -0.221466
815 0.954335 -0.298739
816 0.781389 0.624044
817 0.810177 0.586186
818 0.999968 0.008011
819 0.998604 0.0528204
820 0.927541 -0.373721
821 0.995442 -0.0953875
822 0.935696 -0.352797
823 0.942915 -0.333033
824 0.86217 -0.50662
825 0.989569 0.144076
826 0.907563 -0.41991
827 0.755092 0.655614
828 0.875546 -0.483131
829 0.972591 -0.23251
830 0.947522 -0.319702
831 0.999058 -0.0433308
832 0.998345 0.0575023
833 0.999947 0.0102079
834 0.999245 0.0388548
835 0.981744 0.190198
836 0.878808 0.477174
837 0.764579 -0.644534
838 0.990101 -0.140362
839 0.937031 0.349244
840 0.668259 0.743929
841 0.950568 -0.310522
842 0.697036 0.717037
843 0.964236 -0.265035
844 0.987795 0.155759
845 0.980532 -0.19634
846 0.909615 0.41545
847 0.864787 -0.502143
848 0.944061 0.329783
849 0.985661 0.168731
850 0.971211 0.238236
851 0.860451 0.509535
852 0.965041 -0.262098
853 0.999972 0.00751424
854 0.940417 -0.340024
855 0.904583 0.426307
856 0.953369 -0.301801
857 0.999435 -0.0337454
858 0.93086 -0.365374
859 0.992359 0.123414
860 0.899778 -0.436346
861 0.978991 -0.203882
862 0.990966 -0.134112
863 0.93932 0.343058
864 0.887171 -0.461441
865 0.997745 -0.067148
866 0.878341 -0.478037
867 0.971734 -0.236077
868 0.977641 0.210281
869 0.883195 -0.469005
870 0.949199 0.314683
871 0.901496 -0.432795
872 0.468054 0.883701
873 0.922068 -0.387028
874 0.98839 -0.151908
875 0.998797 -0.0490683
876 0.999081 -0.042905
877 0.983241 0.182339
878 0.943895 -0.330242
879 0.998621 -0.0525013
880 0.988037 0.154215
881 0.90966 0.415353
882 0.913151 -0.407616
883 0.9898 0.142462
884 0.979377 -0.202043
885 0.983735 0.179656
886 0.831127 -0.556084
887 0.974391 0.224858
888 0.992063 0.125756
889 0.923638 0.383273
890 0.992217 -0.124533
891 0.903763 0.428033
892 0.75353 -0.65741
893 0.994036 0.109034
894 0.991883 0.127121
895 0.976281 -0.216519
896 0.969685 0.244345
897 0.879642 -0.475636
898 0.86548 0.500947
899 0.982774 -0.184811
900 0.937433 0.348164
901 0.999997 0.00390929
902 0.982545 0.186045
903 0.960209 0.279297
904 0.957571 0.288187
905 0.892655 -0.450738
906 0.863467 0.5044
907 0.99955 0.0298462
908 0.936836 -0.349772
909 0.943184 -0.332268
910 0.83492 0.550367
911 0.983343 0.181776
912 0.984113 0.177542
913 0.901927 0.43189
914 0.966057 0.258342
915 0.982759 -0.184893
916 0.98588 -0.167454
917 0.939698 0.342004
918 0.883727 -0.467994
919 0.990659 0.136392
920 0.850434 -0.526082
921 0.961927 -0.27332
922 0.769111 -0.63912
923 0.988955 -0.148236
924 0.961034 -0.276427
925 0.995282 -0.0970617
926 0.994183 0.107711
927 0.999778 0.0210428
928 0.947937 0.318457
929 0.592316 -0.805706
930 0.927718 0.373283
931 0.998988 -0.0449774
932 0.872559 0.488508
933 0.886019 0.46365
934 0.853969 0.520321
935 0.902885 -0.429879
936 0.991134 -0.13291
937 0.915692 -0.401884
938 0.953776 -0.300508
939 0.953213 -0.30229
940 0.945685 0.325072
941 0.993291 -0.115653
942 0.989208 0.14653
943 0.975713 -0.21906
944 0.904168 0.427182
945 0.808617 0.588339
946 0.955014 0.296557
947 0.935325 0.353791
948 0.998985 0.045047
949 0.873255 0.48726
950 0.997825 -0.0659198
951 0.886255 0.4632
952 0.990582 -0.136892
953 0.985679 0.168612
954 0.988084 -0.15394
955 0.974766 0.223241
956 0.997303 -0.0733702
957 0.944317 0.329041
958 0.999364 0.0356738
959 0.98434 0.176279
960 0.999267 0.0382717
961 0.996127 0.0879226
962 0.901525 -0.432729
963 0.958658 -0.284553
964 0.999997 -0.000774791
965 0.950866 -0.309604
966 0.923725 0.383065
967 0.91281 -0.408389
968 0.987239 -0.159249
969 0.500377 -0.865806
970 0.90472 -0.426004
971 0.995837 -0.0911375
972 0.997675 0.0681386
973 0.965626 -0.259933
974 0.991714 -0.128456
975 0.962638 0.270793
976 0.957398 -0.288772
977 0.99989 -0.0148932
978 0.848715 -0.528852
979 0.954083 0.299552
980 0.982155 -0.188075
981 0.995247 -0.0974222
982 0.990818 0.135217
983 0.954932 -0.296828
984 0.993099 -0.117279
985 0.992398 -0.123061
986 0.978748 -0.205056
987 0.986488 0.163843
988 0.808791 -0.58809
989 0.959014 0.283372
990 0.478201 -0.878251
991 0.999608 0.0280993
992 0.970731 0.240149
993 0.978792 -0.204835
994 0.986788 0.162017
995 0.976734 0.21444
996 0.999832 0.0179959
997 0.878903 -0.476994
998 0.996674 -0.0814127
999 0.778464 -0.627685
1000 0.865961 0.500122
1001 0.976284 0.216494
1002 0.999509 -0.0312448
1003 0.890979 -0.454036
1004 0.670266 0.742117
1005 0.999833 -0.0181092
1006 0.98023 0.197875
1007 0.912606 -0.408832
1008 0.980093 -0.198542
1009 0.870287 -0.492544
1010 0.781229 -0.624242
1011 0.825716 -0.564087
1012 0.914507 -0.404575
1013 0.919512 0.393069
1014 0.901063 0.433689
1015 0.882263 0.470758
1016 0.978423 0.206608
1017 0.828806 0.559537
1018 0.974896 -0.222658
1019 0.402729 0.915321
1020 0.991272 -0.131821
1021 0.992203 -0.1246
1022 0.729945 0.68351
1023 0.97347 0.228813
1024 0.799688 0.600413
1025 0.878544 -0.477655
1026 0.767281 0.641309
1027 0.535871 -0.844298
1028 0.973391 0.229151
1029 0.817113 -0.576472
1030 0.709688 0.704519
1031 0.982238 0.187641
1032 0.998647 0.0519985
1033 0.936514 -0.350628
1034 0.989199 0.146587
1035 0.936564 -0.350504
1036 0.999878 0.0158184
1037 0.976298 0.216446
1038 0.999068 -0.0431507
1039 0.901241 -0.433319
1040 0.991605 0.129317
1041 0.967616 0.252437
1042 0.980904 -0.194515
1043 0.998425 0.0560522
1044 0.912965 -0.40804
1045 0.8763 0.481765
1046 0.74351 -0.668726
1047 0.993164 0.116683
1048 0.955321 -0.295584
1049 0.978496 -0.206261
1050 0.985578 0.169222
1051 0.998209 0.0598061
1052 0.952898 -0.303285
1053 0.999409 0.0343145
1054 0.999766 -0.0216484
1055 0.844794 0.535092
1056 0.723759 -0.690049
1057 0.954569 0.297989
1058 0.982206 -0.187803
1059 0.74453 -0.667587
1060 0.999972 -0.00787604
1061 0.855005 -0.518625
1062 0.846035 0.533122
1063 0.990681 -0.1362
1064 0.992288 0.12397
1065 0.990797 -0.135318
1066 0.999835 0.0180297
1067 0.997478 -0.0709773
1068 0.923909 -0.382622
1069 0.890487 0.455
1070 0.978821 -0.204723
1071 0.903157 0.4293
1072 0.982858 0.184379
1073 0.66717 0.744905
1074 0.97476 0.223253
1075 0.924223 0.381854
1076 0.985115 -0.171914
1077 0.967099 -0.254394
1078 0.753889 -0.656999
1079 0.708484 -0.705725
1080 0.925653 -0.378381
1081 0.998949 -0.0457864
1082 0.940309 0.34032
1083 0.912099 -0.409976
1084 0.997645 -0.0685787
1085 0.783421 0.621492
1086 0.976067 -0.21746
1087 0.9531 0.302652
1088 0.977775 0.209669
1089 0.999211 0.0397399
1090 0.974766 -0.223241
1091 0.900815 -0.434195
1092 0.943103 0.332493
1093 0.986683 -0.162638
1094 0.995051 -0.0993623
1095 0.999847 -0.0172001
1096 0.980379 0.197106
1097 0.965103 -0.261853
1098 0.880568 0.473926
1099 0.995049 0.0994369
1100 0.895543 0.444979
1101 0.977223 -0.212219
1102 0.909805 0.415026
1103 0.964437 -0.264309
1104 0.953116 0.302603
1105 0.915471 0.402385
1106 0.997342 -0.0728923
1107 0.999645 -0.0265765
1108 0.876496 -0.481403
1109 0.999312 0.0371763
1110 0.941905 -0.335872
1111 0.999897 0.0140598
1112 0.982329 0.187179
1113 0.877242 0.480053
1114 0.845991 -0.533199
1115 0.987051 0.160427
1116 0.966768 -0.255659
1117 0.955299 -0.295637
1118 0.892215 0.451619
1119 0.867017 -0.498273
1120 0.983699 0.179824
1121 0.96122 -0.275787
1122 0.975778 0.218762
1123 0.99954 0.0303359
1124 0.973533 0.228545
1125 0.833651 -0.552296
1126 0.983528 -0.180742
1127 0.99755 0.0699598
1128 0.874339 -0.485324
1129 0.952214 -0.305445
1130 0.933616 0.35827
1131 0.960116 -0.27961
1132 0.839171 0.543874
1133 0.998685 -0.0512107
1134 0.858227 0.513274
1135 0.998304 0.058255
1136 0.839766 0.542957
1137 0.961689 -0.274151
1138 0.996398 0.0848529
1139 0.999967 0.00861383
1140 0.953993 -0.299841
1141 0.967665 0.252245
1142 0.999669 0.0256781
1143 0.457936 0.888986
1144 0.875899 -0.482498
1145 0.953446 0.301562
1146 0.996202 0.0871146
1147 0.998557 0.0536861
1148 0.952887 -0.303341
1149 0.994611 -0.103686
1150 0.705467 -0.708744
1151 0.959384 -0.282094
1152 0.932068 -0.362289
1153 0.579011 -0.815317
1154 0.975149 -0.221549
1155 0.933997 -0.357274
1156 0.972501 -0.232914
1157 0.962865 -0.269974
1158 0.9998 0.0203254
1159 0.650008 -0.759924
1160 0.997418 -0.0717839
1161 0.977129 -0.212661
1162 0.975129 0.221649
1163 0.94048 0.339843
1164 0.973344 0.22933
1165 0.993041 0.117775
1166 0.999761 -0.0217627
1167 0.948326 0.317291
1168 0.617153 -0.786843
1169 0.999965 -0.00862261
1170 0.879818 -0.475302
1171 0.897662 0.440682
1172 0.988485 0.151321
1173 0.999025 0.0440799
1174 0.998091 0.0618235
1175 0.999724 0.0235438
1176 0.977358 0.211576
1177 0.830475 0.557056
1178 0.962662 0.270708
1179 0.559325 0.828947
1180 0.993322 -0.115344
1181 0.996274 -0.0862329
1182 0.999978 -0.00632957
1183 0.991107 -0.133086
1184 0.995134 0.0984951
1185 0.757746 -0.65255
1186 0.950439 0.310901
1187 0.926944 -0.375196
1188 0.997729 0.0673548
1189 0.98427 -0.17667
1190 0.998098 -0.0616202
1191 0.999995 -0.00391542
1192 0.997557 0.0698555
1193 0.69224 -0.72167
1194 0.98584 0.167675
1195 0.999885 -0.0151486
1196 0.908923 -0.416966
1197 0.706404 -0.707813
1198 0.990578 0.136952
1199 0.919963 -0.391998
1200 0.888406 -0.459057
1201 0.99249 -0.122346
1202 0.971681 -0.236283
1203 0.999275 0.0379942
1204 0.854612 -0.519262
1205 0.988904 0.148545
1206 0.992547 -0.121834
1207 0.963717 0.266908
1208 0.986375 -0.164497
1209 0.983131 0.182902
1210 0.97262 -0.232412
1211 0.999888 -0.0149002
1212 0.992913 0.118843
1213 0.975604 0.219523
1214 0.415855 0.909432
1215 0.767853 -0.640626
1216 0.841259 0.540632
1217 0.99736 0.0725932
1218 0.876534 0.481344
1219 0.726136 -0.687549
1220 0.992788 0.119884
1221 0.992913 -0.118847
1222 0.974434 0.224676
1223 0.974756 0.223275
1224 0.907079 -0.420965
1225 0.700819 0.713342
1226 0.878912 0.476981
1227 0.987491 -0.157642
1228 0.942446 0.334354
1229 0.953787 0.300483
1230 0.88625 0.463208
1231 0.927511 -0.373796
1232 0.921383 0.388643
1233 0.798755 0.601656
1234 0.980836 0.19483
1235 0.97609 0.217383
1236 0.983752 0.179535
1237 0.999801 -0.0199633
1238 0.984375 -0.176077
1239 0.997458 0.071255
1240 0.981179 -0.193112
1241 0.877221 0.480084
1242 0.997233 -0.0743231
1243 0.959292 -0.282418
1244 0.991793 -0.127887
1245 0.951113 -0.308827
1246 0.958876 -0.28382
1247 0.955363 -0.295434
1248 0.824498 -0.565866
1249 0.968952 0.247233
1250 0.896673 -0.442686
1251 0.964888 -0.262663
1252 0.975118 0.221673
1253 0.967498 -0.252873
1254 0.828358 0.560195
1255 0.934502 0.355964
1256 0.917333 0.398113
1257 0.989591 0.143915
1258 0.99971 -0.0242808
1259 0.951993 0.306124
1260 0.870042 -0.492983
1261 0.996812 0.0797819
1262 0.999492 0.0317529
1263 0.862735 0.505663
1264 0.999648 0.0266509
1265 0.77942 0.626506
1266 0.997166 0.0752147
1267 0.998954 -0.0458009
1268 0.963968 -0.266019
1269 0.934449 0.356109
1270 0.996267 0.0863432
1271 0.96396 0.266055
1272 0.78807 0.61559
1273 0.972994 0.230833
1274 0.979626 -0.200815
1275 0.931613 0.363457
1276 0.889589 0.456762
1277 0.994435 -0.105372
1278 0.970905 0.239469
1279 0.95975 0.280857
1280 0.976415 -0.215917
1281 0.995247 -0.0973464
1282 0.872329 0.48892
1283 0.955709 -0.294302
1284 0.995006 -0.099811
1285 0.969739 -0.24414
1286 0.979603 0.200957
1287 0.998788 0.0492754
1288 0.966676 0.256002
1289 0.965284 -0.261187
1290 0.933351 -0.358957
1291 0.865171 -0.50147
1292 0.898068 -0.439858
1293 0.948012 -0.318242
1294 0.958155 0.286252
1295 0.974584 -0.224028
1296 0.996747 -0.0805899
1297 0.981461 0.191669
1298 0.910099 -0.414403
1299 0.181639 0.983366
1300 0.930465 -0.366376
1301 0.895896 0.44427
1302 0.889575 -0.456788
1303 0.996682 0.0813633
1304 0.947311 0.320302
1305 0.880711 0.473655
1306 0.995952 -0.0898596
1307 0.814838 0.579689
1308 0.986509 -0.163693
1309 0.976681 -0.214692
1310 0.97708 0.212872
1311 0.757926 -0.652338
1312 0.982617 -0.185664
1313 0.935134 -0.35429
1314 0.990198 0.139661
1315 0.985712 -0.168417
1316 0.998824 -0.0485775
1317 0.996312 -0.0857361
1318 0.999999 -0.000786844
1319 0.699597 0.71454
1320 0.957197 -0.289437
1321 0.983919 0.178625
1322 0.884201 0.467102
1323 0.973468 -0.22884
1324 0.816567 0.577251
1325 0.96381 0.266604
1326 0.990275 0.139153
1327 0.999259 0.0385699
1328 0.978897 -0.204357
1329 0.999986 0.00472811
1330 0.935021 -0.354591
1331 0.992785 0.11991
1332 0.925701 -0.378256
1333 0.996043 0.0888567
1334 0.833728 -0.552172
1335 0.983593 0.180379
1336 0.986011 -0.16666
1337 0.895621 0.444818
1338 0.971171 -0.238363
1339 0.99195 -0.1266
1340 0.948939 -0.315445
1341 0.849082 0.528256
1342 0.897201 0.441617
1343 0.923551 0.383466
1344 0.968975 0.247165
1345 0.999311 0.0372823
1346 0.980781 0.195109
1347 0.931385 -0.364042
1348 0.844437 0.535655
1349 0.998349 0.0574797
1350 0.939775 0.341783
1351 0.939507 0.342519
1352 0.74351 0.668726
1353 0.544078 -0.839035
1354 0.986322 -0.164859
1355 0.987489 0.157721
1356 0.891607 -0.452808
1357 0.99471 0.102707
1358 0.867541 -0.497365
1359 0.791077 0.611712
1360 0.963899 -0.266257
1361 0.972935 -0.231079
1362 0.999555 0.0299238
1363 0.864535 0.502575
1364 0.999022 -0.0442016
1365 0.902548 0.430592
1366 0.513602 -0.858026
1367 0.984744 -0.173999
1368 0.86672 -0.498795
1369 0.956531 0.291625
1370 0.994602 -0.103763
1371 0.999349 -0.0360959
1372 0.921047 -0.389451
1373 0.960471 0.278384
1374 0.990778 0.1355
1375 0.944658 0.328061
1376 0.882607 0.470115
1377 0.943517 -0.331322
1378 0.993883 -0.110445
1379 0.911555 -0.411184
1380 0.976884 0.213761
1381 0.999833 0.018224
1382 0.912387 0.409322
1383 0.976551 0.215285
1384 0.727954 0.685628
1385 0.88696 -0.46184
1386 0.998315 0.058097
1387 0.927587 -0.373605
1388 0.888345 0.459174
1389 0.976652 -0.214853
1390 0.994482 -0.104901
1391 0.991324 -0.131443
1392 0.838274 0.545249
1393 0.971468 0.237177
1394 0.995546 -0.0942556
1395 0.798449 0.602061
1396 0.991699 -0.128609
1397 0.96247 0.271388
1398 0.998524 -0.0543205
1399 0.902991 -0.429661
1400 0.986922 -0.161199
1401 0.962053 0.272879
1402 0.836364 -0.548174
1403 0.968021 0.250885
1404 0.79459 -0.607144
1405 0.971048 0.238885
1406 0.991695 -0.128597
1407 0.989127 -0.147064
1408 0.973714 -0.227756
1409 0.818938 -0.573885
1410 0.975305 0.22087
1411 0.99914 -0.0415011
1412 0.926475 0.376365
1413 0.999988 0.00472067
1414 0.990247 0.139309
1415 0.9514 0.307968
1416 0.998361 0.0572409
1417 0.983073 0.183223
1418 0.983037 0.183411
1419 0.944563 -0.328341
1420 0.989644 0.143551
1421 0.906119 -0.423026
1422 0.979037 -0.203696
1423 0.772211 -0.635368
1424 0.997372 0.0724216
1425 0.970178 -0.242394
1426 0.992648 0.121003
1427 0.911838 0.410557
1428 0.995312 -0.0966712
1429 0.916601 0.399804
1430 0.812851 -0.582471
1431 0.96883 0.247731
1432 0.839052 -0.544057
1433 0.979247 0.202672
1434 0.990315 -0.138841
1435 0.958329 0.285667
1436 0.973625 0.228153
1437 0.993679 0.112257
1438 0.986779 -0.16207
1439 0.828459 0.560048
1440 0.844336 -0.535807
1441 0.996942 -0.0781494
1442 0.678363 0.734724
1443 0.987611 0.156902
1444 0.996183 0.0872291
1445 0.999899 -0.0141973
1446 0.975736 0.218949
1447 0.863597 0.504177
1448 0.988677 -0.150083
1449 0.965261 0.261293
1450 0.995028 0.0996424
1451 0.9274 -0.374073
1452 0.99687 -0.0790554
1453 0.988653 0.150239
1454 0.966046 -0.258358
1455 0.997642 -0.0686337
1456 0.927107 -0.374804
1457 0.99969 0.0249011
1458 0.960606 -0.277897
1459 0.997953 -0.0639729
1460 0.919351 -0.393437
1461 0.851913 0.52369
1462 0.980894 -0.194543
1463 0.917345 0.398093
1464 0.93889 -0.344206
1465 0.833792 0.552075
1466 0.728533 -0.685011
1467 0.935069 0.354466
1468 0.972869 0.231369
1469 0.981566 0.191101
1470 0.999709 0.0242504
1471 0.999626 0.0272551
1472 0.790022 0.613078
1473 0.998503 -0.0546597
1474 0.959295 0.282415
1475 0.828984 -0.559279
1476 0.719247 0.694754
1477 0.999795 -0.0203429
1478 0.807613 -0.58971
1479 0.923025 -0.384738
1480 0.939222 0.343316
1481 0.905762 -0.423779
1482 0.959398 0.282056
1483 0.887132 -0.461508
1484 0.997559 -0.069829
1485 0.886428 -0.462866
1486 0.876081 0.482162
1487 0.91229 0.409544
1488 0.99221 -0.124579
1489 0.717061 0.697008
1490 0.786818 -0.617181
1491 0.984993 -0.172591
1492 0.999687 0.0249753
1493 0.969684 0.244345
1494 0.991846 0.127476
1495 0.917937 0.396716
1496 0.972576 0.232604
1497 0.948695 0.316195
1498 0.830999 -0.556275
1499 0.870578 0.492033
1500 0.860726 -0.509067
1501 0.987182 0.159595
1502 0.937564 -0.347808
1503 0.999164 -0.0408785
1504 0.942132 0.335241
1505 0.953517 -0.301349
1506 0.985637 0.168874
1507 0.796527 -0.604603
1508 0.934 0.357272
1509 0.909008 0.416773
1510 0.872812 0.488056
1511 0.989288 0.145979
1512 0.913873 0.405989
1513 0.787517 -0.616289
1514 0.99151 -0.130024
1515 0.906932 -0.421272
1516 0.995721 -0.0923999
1517 0.981189 0.193052
1518 0.956975 0.290167
1519 0.999877 -0.0155854
1520 0.852817 0.522215
1521 1 -0.000782473
1522 0.997363 -0.072578
1523 0.959988 0.280049
1524 0.95081 -0.309762
1525 0.936642 -0.350291
1526 0.861825 -0.50721
1527 0.840435 0.541917
1528 0.959803 -0.280691
1529 0.986472 0.163957
1530 0.99436 0.106061
1531 0.979741 0.200265
1532 0.98895 0.148245
1533 0.647755 0.761851
1534 0.996316 -0.0857628
1535 0.858517 0.512784
1536 0.945675 -0.325106
1537 0.999707 0.0241886
1538 0.950796 0.309813
1539 0.999772 0.0212003
1540 0.796541 0.60458
1541 0.988924 -0.148447
1542 0.994773 -0.102132
1543 0.80021 -0.599721
1544 0.950448 0.310892
1545 0.997488 -0.0707953
1546 0.873886 0.486138
1547 0.981347 0.192235
1548 0.99793 -0.0643643
1549 0.963186 -0.268853
1550 0.881797 -0.47163
1551 0.91781 0.397012
1552 0.958357 -0.285573
1553 0.933201 0.359347
1554 0.991052 0.133461
1555 0.991298 -0.13163
1556 0.910708 -0.413051
1557 0.817715 0.575619
1558 0.992728 -0.120372
1559 0.748967 0.662604
1560 0.999808 -0.0196204
1561 0.943653 0.330934
1562 0.94936 -0.314205
1563 0.983983 0.178279
1564 0.940715 -0.3392
1565 0.994748 -0.102333
1566 0.96194 -0.273253
1567 0.940106 0.340883
1568 0.843085 0.53778
1569 0.992931 -0.118705
1570 0.916615 0.39976
1571 0.947715 -0.319126
1572 0.994217 0.107432
1573 0.965193 -0.261544
1574 0.997042 -0.076906
1575 0.936819 -0.349826
1576 0.96172 0.274023
1577 0.977548 -0.210711
1578 0.878902 0.477007
1579 0.995387 0.095943
1580 0.999927 0.0118856
1581 0.967135 0.254264
1582 0.91618 0.400777
1583 0.998703 0.050905
1584 0.855084 0.518489
1585 0.81817 0.574975
1586 0.999245 0.038816
1587 0.706362 0.707848
1588 0.98215 0.188071
1589 0.973081 0.230443
1590 0.953782 -0.300496
1591 0.994861 0.101258
1592 0.99988 -0.0155878
1593 0.993967 0.109665
1594 0.92941 -0.369045
1595 0.977839 0.209378
1596 0.999969 0.00781425
1597 0.999226 -0.0392979
1598 0.974179 0.22577
1599 0.941449 -0.337145
1600 0.999512 0.0312521
1601 0.941121 -0.338058
1602 0.901198 -0.433408
1603 0.976393 -0.216013
1604 0.802065 0.597237
1605 0.980805 -0.194988
1606 0.838838 0.544383
1607 0.986708 -0.162503
1608 0.960405 -0.278629
1609 0.999553 0.0299116
1610 0.994786 -0.102004
1611 0.986434 -0.164139
1612 0.899418 0.437086
1613 0.825836 -0.563908
1614 0.987708 -0.156317
1615 0.994036 0.109034
1616 0.953468 0.301502
1617 0.89334 0.449375
1618 0.966597 -0.25628
1619 0.99625 0.0865718
1620 0.955799 -0.294009
1621 0.961288 0.275546
1622 0.951145 -0.308741
1623 0.985287 -0.170881
1624 0.972624 -0.232372
1625 0.98803 0.154288
1626 0.99804 0.0625073
1627 0.977701 0.209992
1628 0.988916 -0.148458
1629 0.800444 0.599403
1630 0.877034 -0.480432
1631 0.932361 0.361531
1632 0.986468 -0.163948
1633 0.98209 -0.188391
1634 0.982685 0.185289
1635 0.99997 0.00788903
1636 0.960784 0.277298
1637 0.888181 0.459499
1638 0.91788 0.396863
1639 0.993084 0.117398
1640 0.999224 0.0392701
1641 0.998474 0.0551678
1642 0.999724 0.0234904
1643 0.93733 -0.348441
1644 0.993216 0.116308
1645 0.990149 0.140001
1646 0.976252 -0.216659
1647 0.938781 0.344513
1648 0.96398 -0.26596
1649 0.803804 0.594893
1650 0.970825 -0.239781
1651 0.938634 0.344926
1652 0.998478 -0.0552156
1653 0.861308 0.50808
1654 0.998514 0.0544642
1655 0.980963 0.194169
1656 0.880024 -0.474925
1657 0.914978 0.40351
1658 0.93823 0.346013
1659 0.999223 0.0395715
1660 0.844523 -0.535521
1661 0.897504 0.441014
1662 0.420655 -0.907222
1663 0.752289 0.658831
1664 0.915194 0.403004
1665 0.996243 -0.0866057
1666 0.988849 0.148921
1667 0.986535 -0.163566
1668 0.991149 0.132724
1669 0.999969 -0.00793013
1670 0.7042 0.709998
1671 0.960912 -0.276854
1672 0.936369 0.35102
1673 0.983724 0.179675
1674 0.855836 0.517244
1675 0.83685 -0.547429
1676 0.922704 0.385506
1677 0.962517 0.271216
1678 0.982691 0.185238
1679 0.970872 -0.239597
1680 0.956579 -0.291473
1681 0.991621 -0.12918
1682 0.999726 -0.0234278
1683 0.962168 0.272455
1684 0.872985 -0.48774
1685 0.958361 -0.285577
1686 0.993149 -0.116832
1687 0.993936 -0.110017
1688 0.94088 -0.338739
1689 0.92699 0.375083
1690 0.869756 -0.493487
1691 0.912212 0.409725
1692 0.902809 -0.430036
1693 0.999875 -0.0157164
1694 0.787423 0.61641
1695 0.95979 -0.280729
1696 0.998876 -0.0474015
1697 0.993059 -0.117655
1698 0.957903 0.28709
1699 0.910831 -0.412781
1700 0.997506 0.0705727
1701 0.942806 -0.333342
1702 0.980507 0.196485
1703 0.894997 -0.446079
1704 0.948086 0.318019
1705 0.935077 -0.354429
1706 0.975725 0.219012
1707 0.996344 0.0854567
1708 0.939124 0.343587
1709 0.990102 -0.140371
1710 0.991203 0.132374
1711 0.840324 -0.542081
1712 0.891203 -0.453606
1713 0.95648 0.291787
1714 0.958209 -0.286062
1715 0.993114 0.117188
1716 0.99997 -0.00786774
1717 0.940816 0.338925
1718 0.996965 -0.0779225
1719 0.923338 0.383994
1720 0.914005 0.405694
1721 0.991221 0.132209
1722 0.955313 -0.295585
1723 0.982396 -0.186814
1724 0.998527 0.0542784
1725 0.986592 0.163187
1726 0.989925 -0.141581
1727 0.986716 -0.162433
1728 0.982262 0.18754
1729 0.958769 -0.284184
1730 0.992072 0.125649
1731 0.809121 -0.587647
1732 0.721771 -0.692131
1733 0.990974 0.134056
1734 0.991213 0.13223
1735 0.977412 -0.21133
1736 0.940702 0.339232
1737 0.986265 0.165154
1738 0.999508 -0.0313895
1739 0.979096 0.203411
1740 0.905397 0.42457
1741 0.970421 -0.241426
1742 0.974694 -0.223562
1743 0.943482 0.331427
1744 0.884009 -0.467469
1745 0.977734 0.20983
1746 0.924598 -0.38095
1747 0.986617 0.163035
1748 0.85343 -0.521198
1749 0.985731 -0.168332
1750 0.714901 -0.699228
1751 0.968807 0.247808
1752 0.994744 -0.102381
1753 0.941831 0.336086
1754 0.999501 -0.031466
1755 1 0
1756 0.977808 0.209491
1757 0.812781 0.582566
1758 0.9555 -0.294998
1759 0.815039 0.579408
1760 0.67188 -0.740657
1761 0.993998 -0.109408
1762 0.988849 0.148921
1763 0.210774 -0.977535
1764 0.803626 0.595135
1765 0.984987 -0.172615
1766 0.996357 0.0852979
1767 0.990102 -0.140371
1768 0.894496 0.447085
1769 0.993893 0.110355
1770 0.943623 0.331027
1771 0.789712 -0.613476
1772 0.999965 -0.00792385
1773 0.868007 0.496556
1774 0.873055 0.487621
1775 0.936369 -0.35102
1776 0.95696 0.290219
1777 0.97599 -0.217817
1778 0.962226 -0.272244
1779 0.977464 0.211111
1780 0.935295 -0.353875
1781 0.99924 -0.03886
1782 0.99887 0.0474689
1783 0.979499 0.201455
1784 0.964776 0.263074
1785 0.999511 0.0314487
1786 0.927196 -0.37458
1787 0.998068 0.062153
1788 0.924943 -0.380104
1789 0.991273 -0.131827
1790 0.928978 -0.370126
1791 0.966694 -0.255946
1792 0.985182 0.171491
1793 0.991086 -0.133232
1794 0.992223 -0.124475
1795 0.822694 -0.568479
1796 0.979632 0.200807
1797 0.985208 -0.171371
1798 0.999506 0.0314388
1799 0.970375 -0.241593
1800 0.95785 -0.287266
1801 0.97957 -0.201115
1802 0.998898 0.0470116
1803 0.844073 -0.536232
1804 0.991675 0.128768
1805 0.97203 -0.234858
1806 0.98629 0.164999
1807 0.994697 0.102809
1808 0.999723 0.0234353
1809 0.998892 0.047078
1810 0.729631 -0.683841
1811 0.634627 0.772822
1812 0.94956 -0.313577
1813 0.960795 -0.277275
1814 0.77709 -0.629387
1815 0.868204 0.496201
1816 0.996249 -0.0865038
1817 0.995555 -0.094197
1818 0.990151 0.140044
1819 0.947422 0.31999
1820 0.916235 0.400642
1821 0.59381 0.804606
1822 0.987629 -0.156817
1823 0.935573 0.353126
1824 0.903789 -0.427981
1825 0.999965 -0.00781724
1826 0.982212 0.187765
1827 0.61052 -0.792001
1828 0.897525 0.440968
1829 0.960406 -0.278608
1830 0.960038 0.279889
1831 0.935425 -0.353524
1832 0.949158 0.314807
1833 0.99562 0.0935444
1834 0.996248 -0.086497
1835 0.99952 0.0309811
1836 0.992372 0.123283
1837 0.9995 0.0315205
1838 0.947048 -0.321094
1839 0.865215 0.501397
1840 0.834979 -0.550285
1841 0.956414 -0.292007
1842 0.964876 -0.262713
1843 0.994756 0.102316
1844 0.790696 -0.612209
1845 0.878952 0.476915
1846 0.93881 0.344435
1847 0.990032 -0.140863
1848 0.974607 -0.223904
1849 0.96231 0.271965
1850 0.987932 -0.15489
1851 0.923995 -0.382405
1852 0.871465 -0.490457
1853 0.983953 0.178441
1854 0.993938 -0.109948
1855 0.976024 0.217645
1856 0.875703 0.482851
1857 0.972542 -0.232729
1858 0.962695 -0.270595
1859 0.951897 -0.306416
1860 0.966807 0.255496
1861 0.998912 0.0466028
1862 0.999972 -0.00782465
1863 0.988006 -0.154406
1864 0.983899 -0.178703
1865 0.436909 -0.899508
1866 0.986675 0.162683
1867 0.993893 0.110355
1868 0.997489 -0.0708614
1869 0.951296 -0.308273
1870 0.967015 -0.254716
1871 0.861162 -0.508331
1872 0.958332 0.285657
1873 0.988255 0.152816
1874 0.962602 -0.27092
1875 0.813979 0.580888
1876 0.977628 -0.210335
1877 0.796115 0.605148
1878 0.980803 0.194996
1879 0.939294 0.343125
1880 0.995603 0.0936976
1881 0.989876 -0.141948
1882 0.995582 -0.0938952
1883 0.539601 0.841922
1884 0.932483 0.361215
1885 0.915146 0.403123
1886 0.945295 0.326227
1887 0.99385 -0.110736
1888 0.993151 0.11686
1889 0.958458 -0.285236
1890 0.853746 0.520686
1891 0.997501 -0.070689
1892 0.999517 0.0312424
1893 0.890936 -0.454121
1894 0.990066 0.1406
1895 0.899371 -0.437181
1896 0.986651 -0.162859
1897 0.986568 -0.163376
1898 0.960963 -0.276686
1899 0.969599 -0.244699
1900 0.966156 0.257958
1901 0.997471 -0.0710066
1902 0.97769 0.210057
1903 0.972704 -0.232051
1904 0.90506 0.425286
1905 0.997501 0.0706391
1906 0.973929 0.226855
1907 0.849678 0.527299
1908 0.914539 0.404494
1909 0.964562 0.26386
1910 0.977734 -0.20983
1911 0.972415 0.233266
1912 0.833329 -0.552783
1913 0.991184 0.132518
1914 0.985156 -0.171677
1915 0.922227 0.386642
1916 0.9148 -0.403897
1917 0.999968 -0.00776993
1918 0.949019 -0.315235
1919 0.962579 0.271009
1920 1 -0
1921 0.969138 -0.246517
1922 0.995528 0.0944909
1923 0.960623 -0.277857
1924 0.999966 -0.00780766
1925 0.963823 -0.266557
1926 0.999721 -0.0236217
1927 0.976372 -0.216112
1928 0.966609 0.256241
1929 0.999237 0.0391625
1930 0.985173 0.171571
1931 0.90671 -0.421755
1932 0.886987 0.461798
1933 0.889685 0.456565
1934 0.991177 0.132559
1935 0.912805 0.408405
1936 0.992164 0.12496
1937 0.895385 0.445302
1938 0.975858 0.218419
1939 0.974144 0.225944
1940 0.994095 -0.108494
1941 0.98899 -0.147963
1942 0.922626 -0.385704
1943 0.952756 -0.303742
1944 0.789867 -0.613278
1945 0.80392 0.594732
1946 0.917079 -0.398693
1947 0.456019 0.889972
1948 0.928774 -0.370646
1949 0.996874 -0.0790039
1950 0.988997 -0.147905
1951 0.986659 0.162809
1952 0.968879 -0.247543
1953 0.935674 -0.352862
1954 0.962579 0.271009
1955 0.853765 -0.52065
1956 0.993069 -0.117554
1957 0.97739 0.211461
1958 0.968906 0.247428
1959 0.991111 0.133035
1960 0.815177 -0.579213
1961 0.808853 -0.58801
1962 0.552267 0.833669
1963 0.999974 -0.00784306
1964 0.980903 0.194499
1965 0.964778 -0.263054
1966 0.949173 0.314759
1967 0.796042 -0.605237
1968 0.999994 -0.00337236
1969 0.951082 0.308937
1970 0.994882 0.101081
1971 0.966751 0.255718
1972 0.994841 -0.101473
1973 0.964605 0.263682
1974 0.970754 -0.240075
1975 0.986405 0.164333
1976 0.875068 -0.483999
1977 0.997489 0.0708614
1978 0.988404 -0.151851
1979 0.741059 0.67144
1980 0.948396 -0.317077
1981 0.977818 0.209443
1982 0.970672 0.240408
1983 0.958458 -0.285236
1984 0.963392 0.268096
1985 0.999878 0.0156476
1986 0.985581 0.169202
1987 0.980834 -0.19483
1988 0.999517 0.0311888
1989 0.977808 -0.209491
1990 0.983871 -0.178855
1991 0.898409 -0.439157
1992 1 -0
1993 0.949917 -0.312497
1994 0.991382 -0.131004
1995 0.997477 0.0709451
1996 0.996347 0.0853574
1997 0.9584 -0.28543
1998 0.917866 0.396893
1999 0.938132 -0.346276
2000 0.980813 0.194951
2001 0.993047 -0.117738
2002 0.980992 0.194049
2003 0.993914 0.110181
2004 0.994867 -0.101148
2005 0.922822 0.385223
2006 0.94063 -0.339437
2007 0.947564 0.319576
2008 0.96281 0.270183
2009 0.998901 0.0468209
2010 0.99988 0.0156856
2011 0.992497 0.122264
2012 0.942825 -0.333289
2013 0.922466 0.386073
2014 0.67431 -0.738446
2015 0.992442 0.122713
2016 0.997502 -0.0706945
2017 0.898573 -0.438824
2018 0.946408 -0.322967
2019 0.912789 -0.408423
2020 0.992163 -0.124951
2021 0.943924 -0.330155
2022 0.999954 -0.00961553
2023 0.739478 -0.673179
2024 0.99754 -0.0701823
2025 0.975289 -0.220931
2026 0.752049 0.659106
2027 0.994854 0.101361
2028 0.693959 0.720015
2029 0.964865 0.262733
2030 0.918217 -0.396071
2031 0.99811 -0.0614508
2032 0.904766 -0.42591
2033 0.984026 0.178015
2034 0.99851 0.054583
2035 0.979149 0.203143
2036 0.999501 -0.0316327
2037 0.934056 0.357135
2038 0.868756 0.495246
2039 0.99997 0.00786341
2040 0.980893 -0.194559
2041 0.999968 0.00789382
2042 0.972333 -0.233608
2043 0.957824 0.287353
2044 0.999167 0.0408045
2045 0.743471 0.668765
2046 0.997536 -0.0701167
2047 0.830241 0.557407
2048 0.935775 0.352598
2049 0.875703 -0.482851
2050 0.943355 0.331778
2051 0.961987 -0.273095
2052 0.9867 -0.162558
2053 0.993148 0.116823
2054 0.92642 0.376491
2055 0.999584 -0.0288447
2056 0.982175 0.187978
2057 0.985339 0.170617
2058 0.974292 0.225283
2059 0.843881 -0.536533
2060 0.990129 -0.140153
2061 0.949326 -0.314285
2062 0.88823 0.4594
2063 0.989006 -0.147882
2064 0.995185 0.0980154
2065 0.986886 0.161416
2066 0.94839 -0.317121
2067 0.939115 0.343602
2068 0.833959 -0.551827
2069 0.999721 -0.0236774
2070 0.977797 -0.20954
2071 0.964525 0.263982
2072 0.914621 -0.404312
2073 0.994324 -0.106393
2074 0.768181 -0.640237
2075 0.977754 -0.20975
2076 0.951694 -0.30704
2077 0.998004 0.0631582
2078 0.915511 0.402293
2079 0.993325 -0.115352
2080 0.830383 0.557194
2081 0.968735 -0.248093
2082 0.998466 0.0553771
2083 0.992247 0.124301
2084 0.865529 0.500864
2085 0.571145 -0.820846
2086 0.999242 0.0389915
2087 0.835903 -0.548873
2088 0.774185 0.632959
2089 0.979335 0.202233
2090 0.793631 0.6084
2091 0.996943 -0.0780622
2092 0.89971 0.436484
2093 0.994879 -0.101093
2094 0.999997 -0
2095 0.996733 -0.0807726
2096 0.937929 -0.346824
2097 0.985085 0.172078
2098 0.99328 -0.115733
2099 0.820978 0.57096
2100 0.994009 0.109323
2101 0.856717 0.515783
2102 0.975092 -0.2218
2103 0.988651 -0.150212
2104 0.982425 -0.18667
2105 0.937638 -0.34761
2106 0.972714 -0.232016
2107 0.999968 -0.00776993
2108 0.929379 -0.369128
2109 0.923458 0.383707
2110 0.989962 -0.141359
2111 0.899062 0.437817
2112 0.97954 0.201239
2113 0.99988 -0.0155135
2114 0.960678 0.277679
2115 0.975985 -0.217856
2116 0.996282 -0.0861101
2117 0.891462 -0.453101
2118 0.936165 -0.351571
2119 0.929971 0.36764
2120 0.827383 0.561638
2121 0.86676 -0.498729
2122 0.999227 0.0392547
2123 0.851564 -0.524253
2124 0.98996 -0.141326
2125 0.995628 0.0933918
2126 0.940026 -0.341085
2127 0.990032 0.140863
2128 0.985463 0.169893
2129 0.91706 0.398752
2130 0.997446 0.0714175
2131 0.884244 0.467031
2132 0.898394 -0.439189
2133 0.958249 -0.285931
2134 0.998075 -0.0619846
2135 0.962912 0.269813
2136 0.968808 -0.247789
2137 0.897423 0.441181
2138 0.999871 -0.0158384
2139 0.980562 0.196212
2140 0.988826 -0.149061
2141 0.34324 0.939248
2142 0.833656 -0.552282
2143 0.993978 0.109579
2144 0.791425 -0.611267
2145 0.871686 -0.49007
2146 0.999877 0.0157722
2147 0.964884 0.262677
2148 0.953537 0.301272
2149 0.917844 -0.39694
2150 0.911616 0.411053
2151 0.960118 0.279611
2152 0.962401 -0.271631
2153 0.755267 -0.655416
2154 0.900012 0.435866
2155 0.982088 -0.188418
2156 0.935471 0.353391
2157 0.994838 -0.101464
2158 0.999239 -0.0390524
2159 0.941989 -0.335634
2160 0.994139 0.108113
2161 0.969704 0.244285
2162 0.999718 -0.0236539
2163 0.976115 -0.217266
2164 0.927011 -0.375044
2165 0.948961 -0.315394
2166 0.892234 -0.451563
2167 0.858117 0.513462
2168 0.771924 -0.635721
2169 0.988834 0.149015
2170 0.650748 -0.759295
2171 0.966535 0.256517
2172 0.998496 0.0547366
2173 0.986526 -0.163592
2174 0.814567 0.580072
2175 0.999721 0.0235679
2176 0.943067 0.332607
2177 0.977701 0.209992
2178 0.960615 -0.277887
2179 0.935892 -0.352281
2180 0.986781 0.162034
2181 0.993875 -0.110564
2182 0.71757 0.696487
2183 0.712569 -0.701606
2184 0.975637 0.219369
2185 0.775105 -0.631834
2186 0.840836 0.541289
2187 0.953361 -0.301823
2188 0.940718 0.339181
2189 0.999967 -0.00779597
2190 0.999232 0.0391043
2191 0.848501 -0.529193
2192 0.958125 0.286351
2193 0.999956 0.009429
2194 0.94063 -0.339437
2195 0.958209 0.286062
2196 0.998059 0.0623127
2197 0.991249 -0.132003
2198 0.970694 -0.240333
2199 0.981517 -0.191374
2200 0.961873 0.273498
2201 0.996529 -0.0832399
2202 0.992081 -0.125645
2203 0.892344 0.451355
2204 0.998027 -0.0628508
2205 0.998903 0.0468575
2206 0.970373 -0.241631
2207 0.897659 0.440698
2208 0.999724 0.0233441
2209 0.888382 -0.459105
2210 0.940785 0.339016
2211 0.998875 0.0473051
2212 0.875211 0.483737
2213 0.958445 0.28528
2214 0.981258 -0.192682
2215 0.960014 -0.279954
2216 0.818908 0.573924
2217 0.999724 -0.0234775
2218 0.66155 0.7499
2219 0.956038 -0.29325
2220 0.88759 -0.460629
2221 0.998494 -0.0548309
2222 0.519412 -0.854525
2223 0.999874 0.0156525
2224 0.784326 -0.620349
2225 0.998879 -0.0473528
2226 0.981961 -0.189111
2227 0.814394 -0.580308
2228 0.983862 0.178924
2229 0.993876 0.110476
2230 0.994709 0.102744
2231 0.866689 -0.498847
2232 0.852692 -0.522409
2233 0.89118 0.45366
2234 0.949419 -0.314025
2235 0.999721 -0.0234463
2236 0.776019 -0.630709
2237 0.997176 0.0750957
2238 0.979169 -0.203064
2239 0.992953 0.118508
2240 0.957273 -0.289186
2241 0.900944 -0.433934
2242 0.966289 0.25746
2243 0.875512 -0.483198
2244 0.999999 -0.00114323
2245 0.988835 -0.149038
2246 0.999507 -0.0315156
2247 0.678412 0.734682
2248 0.953542 -0.30126
2249 0.929312 0.369295
2250 0.999509 0.0313182
2251 0.916359 -0.400349
2252 0.999721 -0.0236757
2253 0.999223 -0.0393597
2254 0.995646 0.0932468
2255 0.897972 -0.440054
2256 0.99234 0.123541
2257 0.961565 -0.274579
2258 0.993225 0.116191
2259 0.998915 0.0466635
2260 0.980665 -0.195681
2261 0.993088 0.117392
2262 0.986476 -0.163922
2263 0.918444 0.395545
2264 0.998494 -0.0548953
2265 0.997543 0.0701058
2266 0.99223 0.124446
2267 0.975925 0.218098
2268 0.964778 0.263054
2269 0.813441 -0.581648
2270 0.999967 -0.00777839
2271 0.658408 -0.752659
2272 0.97805 -0.208368
2273 0.950896 -0.309515
2274 0.979003 0.203839
2275 0.999972 0.00785106
2276 0.839713 0.543026
2277 0.976231 -0.216742
2278 0.911267 0.411811
2279 0.984934 0.172926
2280 0.956653 0.291214
2281 0.83643 -0.548074
2282 0.99307 0.117563
2283 0.992091 -0.125527
2284 0.976929 -0.213564
2285 0.657483 -0.75347
2286 0.90394 0.42766
2287 0.96716 -0.254172
2288 0.917428 0.397894
2289 0.733701 0.67947
2290 0.95189 -0.30644
2291 0.998489 0.0549485
2292 0.999504 -0.0314908
2293 0.956188 0.292754
2294 0.592696 -0.805424
2295 0.924165 0.381997
2296 0.992146 0.125089
2297 0.966285 -0.257466
2298 0.795735 -0.605642
2299 0.99803 -0.0627031
2300 0.977562 -0.210643
2301 0.996896 0.0786572
2302 0.960485 -0.278332
2303 0.894981 0.446111
2304 0.894168 -0.447737
2305 0.896227 -0.443603
2306 0.94308 0.332561
2307 0.968546 -0.248826
2308 0.669286 0.743004
2309 0.981042 -0.193795
2310 0.932482 -0.361206
2311 0.996944 0.0780683
2312 0.77357 0.633711
2313 0.947353 -0.320188
2314 0.941505 -0.336994
2315 0.861816 -0.507218
2316 0.993937 -0.109931
2317 0.996948 -0.0780927
2318 0.976361 -0.216145
2319 0.979834 0.199811
2320 0.953618 0.301021
2321 0.844121 0.536157
2322 0.778227 -0.627985
2323 0.958419 -0.285366
2324 0.91867 -0.39502
2325 0.612141 0.790745
2326 0.922866 0.385123
2327 0.977616 0.210398
2328 0.999972 0.00780267
2329 0.965392 0.260801
2330 0.999238 -0.0391196
2331 0.793234 0.60892
2332 0.99997 0.00782342
2333 0.994025 -0.109158
2334 0.999083 0.0428148
2335 0.955682 0.2944
2336 0.956205 0.2927
2337 0.940092 -0.34092
2338 0.834152 0.551533
2339 0.765182 -0.643815
2340 0.929588 0.368601
2341 0.99712 -0.0758411
2342 0.958077 -0.286499
2343 0.992152 -0.125057
2344 0.845513 -0.533956
2345 0.882638 -0.470044
2346 0.982425 0.18667
2347 0.944656 -0.328057
2348 0.964283 0.264875
2349 0.940166 -0.340723
2350 0.970373 -0.241631
2351 0.9989 0.0469308
2352 0.946257 0.323417
2353 0.787138 0.616778
2354 0.954018 -0.29976
2355 0.802605 0.596504
2356 0.992253 0.124244
2357 0.775597 -0.631231
2358 0.842162 -0.539226
2359 0.876526 0.481362
2360 0.840739 -0.54144
2361 0.82436 0.566069
2362 0.987684 -0.156463
2363 0.80416 0.594411
2364 0.982435 -0.186598
2365 0.822349 -0.568986
2366 0.938899 0.344178
2367 0.932331 -0.361613
2368 0.980723 0.195405
2369 0.999508 -0.0313157
2370 0.856717 -0.515783
2371 0.742751 -0.669568
2372 0.750513 0.660854
2373 0.995561 0.0940937
2374 0.970456 0.241296
2375 0.998881 -0.0473304
2376 0.978363 0.206899
2377 0.937497 -0.347993
2378 0.945161 0.326604
2379 0.613205 -0.789921
2380 0.649543 0.760328
2381 0.998503 -0.0546938
2382 0.963142 -0.268974
2383 0.987914 -0.155006
2384 0.855831 0.517254
2385 0.948937 0.315473
2386 0.995209 0.0977706
2387 0.991249 -0.132003
2388 0.999723 0.0236384
2389 0.986551 0.163439
2390 0.817237 0.576302
2391 0.968041 0.250789
2392 0.999872 -0.0157226
2393 0.90452 -0.426437
2394 0.962517 -0.271216
2395 0.997473 0.070973
2396 0.924393 -0.38143
2397 0.995592 0.093756
2398 0.967065 -0.254522
2399 0.983853 0.17898
2400 0.972369 -0.233446
2401 0.957721 -0.287717
2402 0.886854 0.462041
2403 0.972498 -0.232909
2404 0.992158 0.125
2405 0.938928 -0.344101
2406 0.999504 0.0316202
2407 0.985076 -0.172105
2408 1 0
2409 0.999241 -0.0389217
2410 0.835353 -0.549712
2411 0.70532 -0.708889
2412 0.995576 -0.093998
2413 0.979065 -0.203554
2414 0.841125 -0.540838
2415 0.982175 0.187992
2416 0.927227 -0.374497
2417 0.996909 -0.0786201
2418 0.999726 -0.0235198
2419 0.99304 0.117766
2420 0.998863 -0.0476801
2421 0.984278 -0.176602
2422 0.817636 -0.575732
2423 0.879904 0.475157
2424 0.944092 0.329684
2425 0.999967 -0.00784859
2426 0.999968 0.00788946
2427 0.99997 -0.00784552
2428 0.908884 -0.417048
2429 0.966671 -0.256005
2430 0.901291 -0.433218
2431 0.999508 0.0311718
2432 0.937408 -0.348232
2433 0.880212 -0.474583
2434 0.93639 0.35096
2435 0.955799 -0.294009
2436 0.969405 -0.245476
2437 0.941177 -0.337906
2438 0.97919 0.202954
2439 0.999966 0.00786155
2440 0.989065 0.147482
2441 0.969214 -0.246224
2442 0.980873 0.194649
2443 0.977627 -0.210317
2444 0.998002 0.0631483
2445 0.97753 -0.210806
2446 0.932257 -0.361803
2447 0.990191 -0.139719
2448 0.983138 -0.182862
2449 0.958183 0.286151
2450 0.861453 -0.507835
2451 0.966679 -0.255992
2452 0.956474 -0.291824
2453 0.976148 0.217116
2454 0.968602 -0.248608
2455 0.742865 0.669439
2456 0.879188 -0.476474
2457 0.96888 -0.247524
2458 0.843977 -0.536383
2459 0.639562 0.768739
2460 0.999877 -0.015709
2461 0.986189 -0.165634
2462 0.990267 0.139202
2463 0.991105 0.133086
2464 0.95846 -0.285215
2465 0.998893 0.0470522
2466 0.946321 0.323227
2467 0.960689 -0.277625
2468 0.998511 -0.0545193
2469 0.759711 -0.650257
2470 0.990073 -0.140534
2471 0.904456 -0.426567
2472 0.617758 0.786367
2473 0.964778 -0.263054
2474 0.99849 -0.0549858
2475 0.97842 -0.206628
2476 0.999955 0.0095128
2477 0.924014 -0.382366
2478 0.999877 0.0155237
2479 0.996322 -0.0856828
2480 0.99308 -0.117462
2481 0.918698 0.394962
2482 0.908083 0.418798
2483 0.957954 0.286936
2484 0.919447 0.393223
2485 0.979284 -0.202484
2486 0.999229 0.0391441
2487 0.989034 0.147653
2488 0.992105 -0.125448
2489 0.988887 0.148689
2490 0.992734 -0.120329
2491 0.789678 0.613525
2492 0.998289 -0.0584705
2493 0.994082 -0.108646
2494 0.982204 -0.187832
2495 0.764007 -0.645207
2496 0.773362 -0.633962
