1 0.990896 -0.13464
2 0.931341 0.364137
3 0.999555 -0.0297137
4 0.906873 0.421401
5 0.995575 -0.0939172
6 0.932526 0.361102
7 0.931138 -0.364675
8 0.982627 0.185606
9 0.953167 -0.302458
10 0.999083 0.042715
11 0.948657 0.316308
12 0.989004 0.147873
13 0.998938 -0.0461239
14 0.96911 -0.246608
15 0.92681 0.375531
16 0.796142 -0.605108
17 0.985425 -0.170112
18 0.999204 -0.0398948
19 0.68782 0.725884
20 0.980403 -0.197004
21 0.98574 0.168275
22 0.992638 -0.121118
23 0.996521 0.0833355
24 0.978089 0.208187
25 0.877114 0.480293
26 0.986531 -0.163594
27 0.922576 0.38582
28 0.94964 -0.31335
29 0.998663 0.0517006
30 0.78144 -0.623987
31 0.997673 -0.0681279
32 0.999576 -0.0291756
33 0.998406 -0.0564842
34 0.797934 0.602747
35 0.957348 0.288954
36 0.984858 0.173376
37 0.995588 -0.0938368
38 0.891772 0.452488
39 0.861678 0.507457
40 0.97732 -0.211738
41 0.980514 -0.196447
42 0.834852 0.550477
43 0.63094 -0.775835
44 0.907175 0.420748
45 0.541105 -0.840952
46 0.838458 0.544962
47 0.999385 -0.0352038
48 0.97496 0.222382
49 0.973559 0.228435
50 0.974118 0.226053
51 0.900795 0.43425
52 0.939572 -0.342343
53 0.970492 -0.241157
54 0.932952 -0.359991
55 0.997935 0.0641389
56 0.773373 -0.633952
57 0.962406 0.271618
58 0.972149 -0.234354
59 0.926755 -0.375672
60 0.976249 -0.216653
61 0.973919 0.226879
62 0.986083 0.166284
63 0.983101 0.183039
64 0.982262 0.187511
65 0.999996 0.00156629
66 0.739695 0.67294
67 0.790619 -0.612303
68 0.987522 -0.157487
69 0.981819 -0.189821
70 0.969961 0.243258
71 0.859962 -0.510361
72 0.996669 -0.081553
73 0.991272 -0.131811
74 0.99906 -0.0433376
75 0.914517 -0.404553
76 0.965382 -0.260826
77 0.901875 -0.431996
78 0.987029 0.160578
79 0.898628 -0.438709
80 0.99063 0.136571
81 0.867256 0.497861
82 0.995526 0.094535
83 0.988509 0.151185
84 0.916103 0.400936
85 0.924165 -0.381997
86 0.905394 -0.424577
87 0.998719 0.0506404
88 0.884637 0.466285
89 0.905494 0.424353
90 0.953059 -0.302768
91 0.921875 0.387492
92 0.999989 0.00548587
93 0.994146 0.10802
94 0.932893 -0.360142
95 0.982146 -0.188124
96 0.999885 0.0149483
97 0.477502 -0.878631
98 0.724723 0.689045
99 0.990397 -0.138267
100 0.992131 -0.125218
101 0.985602 -0.169085
102 0.999149 -0.0413296
103 0.994495 0.104837
104 0.977847 -0.209323
105 0.84111 -0.540863
106 0.969467 0.24522
107 0.876176 0.481989
108 0.999633 -0.0271895
109 0.940583 -0.339557
110 0.860151 -0.510039
111 0.991867 0.1273
112 0.978674 -0.205442
113 0.99431 0.106566
114 0.925325 -0.379176
115 0.884203 0.467109
116 0.996333 0.0855696
117 0.943351 0.3318
118 0.999919 0.0124646
119 0.999667 -0.0258672
120 0.877235 -0.480057
121 0.997525 -0.0702577
122 0.81999 -0.572376
123 0.997324 -0.0730945
124 0.990955 0.134179
125 0.995493 -0.0947864
126 0.998085 0.061838
127 0.925862 0.377858
128 0.979379 0.202028
129 0.886921 0.461921
130 0.998881 0.0472855
131 0.925698 0.378266
132 0.997255 -0.0740915
133 0.999741 0.0227967
134 0.876832 -0.480787
135 0.999832 -0.0179959
136 0.952822 -0.303531
137 0.991842 0.127488
138 0.994753 0.102321
139 0.949696 -0.313179
140 0.999988 0.00467288
141 0.738398 -0.674366
142 0.921079 -0.389366
143 0.953651 -0.30092
144 0.786246 0.617913
145 0.857946 0.513742
146 0.972136 -0.234411
147 0.999999 0.000782758
148 0.993442 -0.11433
149 0.901381 0.433037
150 0.902022 -0.431693
151 0.866205 0.499688
152 0.99713 0.0756658
153 0.965548 -0.260225
154 0.662706 -0.748884
155 0.92373 0.38305
156 0.984818 -0.17359
157 0.888915 -0.458077
158 0.991491 -0.130177
159 0.997397 -0.0720684
160 0.90904 0.41672
161 0.995013 0.0997369
162 0.866864 0.49855
163 0.977898 0.209057
164 0.990003 0.141028
165 0.987464 0.157831
166 0.985355 0.170503
167 0.972079 0.234643
168 0.906014 0.423242
169 0.812383 -0.583127
170 0.860901 0.508774
171 0.974566 -0.224084
172 0.998405 0.0564798
173 0.945383 -0.325971
174 0.948642 0.316337
175 0.966296 -0.257426
176 0.761023 0.648728
177 0.862629 0.505841
178 0.978863 -0.204515
179 0.813439 0.581653
180 0.934616 -0.355659
181 0.982508 0.186236
182 0.999407 -0.0345299
183 0.975204 0.221302
184 0.956032 0.293276
185 0.997913 -0.0646228
186 0.790787 -0.612092
187 0.995321 -0.0966202
188 0.887836 -0.460157
189 0.997968 0.0636701
190 0.925455 -0.378859
191 0.749769 0.661705
192 0.840205 -0.542264
193 0.998827 -0.0483872
194 0.969229 0.246171
195 0.99953 -0.0306883
196 0.999755 0.0220527
197 0.792644 0.609683
198 0.98435 0.176249
199 0.898815 -0.438325
200 0.955296 -0.29566
201 0.974051 -0.226332
202 0.994602 0.103764
203 0.999951 0.0101648
204 0.997874 -0.0651481
205 0.999368 -0.0355402
206 0.983676 0.179962
207 0.97334 -0.229351
208 0.990128 -0.140143
209 0.9944 0.105705
210 0.822511 -0.568752
211 0.998953 -0.0457025
212 0.973856 -0.227148
213 0.995675 0.0929046
214 0.998502 0.0546213
215 0.999808 0.0196096
216 0.999259 0.0385942
217 0.98113 0.193336
218 0.936033 -0.351917
219 0.888996 0.457911
220 0.87391 -0.486081
221 0.806674 0.590999
222 0.916449 -0.400157
223 0.902379 0.430941
224 0.999229 0.0392362
225 0.975626 0.219424
226 0.939685 0.34203
227 0.992411 -0.122964
228 0.816826 0.576883
229 0.990604 0.136785
230 0.999211 0.0397399
231 0.948926 0.3155
232 0.99145 -0.130461
233 0.973976 0.226635
234 0.972485 0.232953
235 0.982172 -0.187958
236 0.844121 0.536157
237 0.990479 0.137674
238 0.999983 -0.00551178
239 0.913544 0.406741
240 0.912017 0.410151
241 0.839185 -0.543845
242 0.798692 -0.601742
243 0.879065 0.476701
244 0.838461 -0.544962
245 0.98278 0.184786
246 0.872459 -0.488683
247 0.970085 -0.242765
248 0.744247 -0.667908
249 0.880229 0.474549
250 0.995154 -0.0983559
251 0.996247 0.086581
252 0.989681 -0.143262
253 0.931242 0.364408
254 0.943323 0.331876
255 0.993308 -0.115506
256 0.973849 0.227211
257 0.860026 -0.510257
258 0.951225 0.308507
259 0.956179 -0.292789
260 0.797739 0.603007
261 0.949599 -0.313475
262 0.984337 0.176283
263 0.915867 -0.401481
264 0.999992 0.00391266
265 0.810318 -0.585987
266 0.970391 0.241556
267 0.999689 -0.0250306
268 0.964462 0.264212
269 0.855126 -0.518418
270 0.99955 0.0298979
271 0.997803 0.0662958
272 0.90814 0.418664
273 0.82864 0.559786
274 0.973249 0.229738
275 0.897316 0.44138
276 0.991914 0.126894
277 0.996316 -0.0857628
278 0.99737 0.0725474
279 0.986164 -0.165754
280 0.963288 0.268466
281 0.99198 0.126415
282 0.967208 -0.254003
283 0.913779 0.406213
284 0.989166 0.146817
285 0.857928 0.513767
286 0.992741 0.120231
287 0.799679 0.600432
288 0.556108 -0.831112
289 0.998187 -0.0601833
290 0.916659 -0.399666
291 0.94531 -0.326167
292 0.969613 -0.244667
293 0.993904 0.110268
294 0.964285 -0.264867
295 0.986023 0.166588
296 0.98999 0.141138
297 0.936897 -0.349614
298 0.886661 0.462418
299 0.724722 0.689036
300 0.999293 0.0375526
301 0.991883 0.127121
302 0.86922 -0.494423
303 0.987689 0.156398
304 0.99536 0.0962503
305 0.835626 0.549299
306 0.940916 -0.338644
307 0.983565 -0.180575
308 0.939822 -0.341664
309 0.971755 -0.236007
310 0.974502 0.224355
311 0.542692 0.83993
312 1 0.000783331
313 0.976882 0.21378
314 0.85802 -0.513622
315 0.976269 0.216549
316 0.938237 0.345982
317 0.755544 0.655099
318 0.731454 -0.68189
319 0.96764 0.252322
320 0.955714 0.294311
321 0.678606 -0.734498
322 0.68373 0.729735
323 0.824153 -0.566372
324 0.861326 0.508062
325 0.92986 -0.367918
326 0.819526 -0.573049
327 0.978067 -0.2083
328 0.896747 -0.442547
329 0.999418 -0.0341547
330 0.827245 0.561843
331 0.992452 -0.122629
332 0.913544 0.406741
333 0.996184 0.0872881
334 0.999991 0.00391235
335 0.961954 0.273224
336 0.886839 0.462077
337 0.726901 0.686742
338 0.947911 0.318529
339 0.743282 0.668979
340 0.974997 -0.222214
341 0.88858 0.45872
342 0.998168 0.0605778
343 0.947808 0.31885
344 0.987732 0.156171
345 0.997925 0.0643845
346 0.875951 -0.482398
347 0.982549 0.186008
348 0.943996 -0.329945
349 0.994833 0.101503
350 0.995873 0.0907247
351 0.906487 -0.422228
352 0.983389 0.181482
353 0.914562 -0.404435
354 0.970393 -0.241537
355 0.744932 -0.667144
356 0.77106 0.636767
357 0.74276 -0.66956
358 0.391142 0.920331
359 0.890512 -0.454968
360 0.977334 0.21172
361 0.997998 -0.0633073
362 0.937345 0.348399
363 0.998008 -0.0631333
364 0.93742 0.348194
365 0.620611 -0.784116
366 0.996457 -0.0841614
367 0.946462 -0.322813
368 0.999979 -0.00708098
369 0.996679 0.0814597
370 0.806204 -0.591637
371 0.998103 -0.0615231
372 0.999687 -0.025115
373 0.959675 -0.281125
374 0.911793 -0.41065
375 0.9035 -0.428594
376 0.902487 0.430719
377 0.952738 -0.303801
378 0.786178 -0.618
379 0.993152 -0.116865
380 0.969746 0.244119
381 0.982121 0.18823
382 0.999921 -0.012608
383 0.999855 0.0171598
384 0.952737 -0.30379
385 0.845126 -0.53456
386 0.996504 0.0835925
387 0.999531 -0.0305616
388 0.926908 -0.375294
389 0.92006 -0.391771
390 0.989837 0.142229
391 0.979884 0.19955
392 0.768601 0.639733
393 0.99661 -0.082258
394 0.993363 -0.115018
395 0.956068 -0.293147
396 0.918068 0.39641
397 0.999259 -0.038479
398 0.769337 -0.638839
399 0.866175 0.499733
400 0.956957 -0.290232
401 0.96757 -0.25262
402 0.993716 0.111917
403 0.998981 -0.0450645
404 0.993705 -0.11203
405 0.94031 0.340323
406 0.763625 -0.645662
407 0.99869 0.051102
408 0.999317 0.0369789
409 0.978622 0.205642
410 0.999352 -0.0359549
411 0.982579 0.185837
412 0.99999 0.00473446
413 0.997183 0.0749677
414 0.999603 0.0283359
415 0.964793 -0.263
416 0.976094 -0.217361
417 0.605685 -0.795703
418 0.992803 -0.119769
419 0.58393 -0.811805
420 0.969647 0.244504
421 0.980318 -0.197412
422 0.999867 -0.0163544
423 0.956625 0.291314
424 0.981609 -0.190892
425 0.99682 -0.0796636
426 0.865051 0.501685
427 0.664818 -0.747002
428 0.747 0.664829
429 0.999335 -0.0363977
430 0.975304 0.220872
431 0.807515 0.589844
432 0.986594 -0.163195
433 0.989346 0.145586
434 0.984874 0.173258
435 0.999582 0.0288749
436 0.888689 -0.458518
437 0.988782 0.149348
438 0.840608 -0.541641
439 0.987002 -0.160691
440 0.85751 0.514459
441 0.999535 0.0304782
442 0.999789 -0.0204051
443 0.460573 0.887622
444 0.855645 -0.517567
445 0.907654 -0.419722
446 0.897393 0.441242
447 0.993139 -0.116945
448 0.982167 0.188018
449 0.777982 -0.628286
450 0.827144 0.561986
451 0.96755 -0.25268
452 0.767071 0.641558
453 0.990198 -0.139661
454 0.997194 0.0748202
455 0.978046 -0.20838
456 0.801002 0.598661
457 0.999431 0.0337772
458 0.97293 -0.231086
459 0.895364 -0.445334
460 0.908908 0.417002
461 0.915112 -0.403203
462 0.998234 0.0594182
463 0.936264 -0.35129
464 0.911203 -0.411963
465 0.98281 -0.184617
466 0.916587 -0.399846
467 0.995951 -0.0899233
468 0.999929 -0.0117922
469 0.981111 -0.193432
470 0.998172 -0.060402
471 0.978725 -0.205185
472 0.999625 0.027426
473 0.763609 -0.645676
474 0.990743 -0.135791
475 0.806325 0.591469
476 0.926199 -0.377041
477 0.958251 -0.285942
478 0.960514 -0.278216
479 0.945424 0.32584
480 0.717374 -0.696688
481 0.97875 0.205035
482 0.919393 0.393351
483 0.981892 0.18946
484 0.967112 0.254347
485 0.804854 -0.593476
486 0.997787 -0.0664861
487 0.953341 -0.301896
488 0.965485 0.260471
489 0.993141 -0.116963
490 0.851978 0.52357
491 0.987669 0.156573
492 0.959194 0.282736
493 0.995937 -0.0901124
494 0.912631 -0.40879
495 0.999717 -0.0237113
496 0.915527 -0.402251
497 0.996976 0.077683
498 0.992387 -0.123137
499 0.882246 0.470797
500 0.980923 -0.194378
501 0.866342 0.49946
502 0.994239 -0.107191
503 0.813741 0.581225
504 0.796939 -0.604057
505 0.948486 -0.316813
506 0.97546 -0.220158
507 0.997893 0.0649393
508 0.976522 -0.215417
509 0.998446 0.0557443
510 0.978705 -0.205284
511 0.90167 0.432418
512 0.946595 0.322433
513 0.997673 -0.0681279
514 0.998793 -0.0490835
515 0.938281 -0.34587
516 0.999482 -0.0321764
517 0.78439 -0.62027
518 0.985512 -0.169605
519 0.969551 -0.244881
520 0.985045 -0.172286
521 0.999562 -0.0297295
522 0.987392 0.158284
523 0.923261 -0.384187
524 0.879835 0.475273
525 0.999482 -0.0322524
526 0.971071 0.238786
527 0.972821 -0.231562
528 0.999228 0.0392829
529 0.799268 0.600976
530 0.865728 -0.500505
531 0.824163 0.566353
532 0.881227 0.472693
533 0.931429 0.363932
534 0.720122 -0.69385
535 0.780766 0.624822
536 0.84791 -0.530144
537 0.911933 0.410338
538 0.884678 -0.466204
539 0.972013 0.234909
540 0.999819 0.0190767
541 0.998144 -0.0609133
542 0.972588 0.232557
543 0.997647 0.0685409
544 0.947077 -0.321013
545 0.994794 -0.1019
546 0.998874 -0.0474239
547 0.954224 -0.299093
548 0.983 0.183606
549 0.943751 -0.330661
550 0.973901 0.226978
551 0.66605 0.74591
552 0.996524 -0.0832738
553 0.990626 -0.136634
554 0.997642 0.068626
555 0.799813 -0.600253
556 0.962684 0.270637
557 0.924414 -0.381384
558 0.977555 0.210693
559 0.954584 -0.297941
560 0.910372 0.413795
561 0.882962 0.469455
562 0.997837 0.0656794
563 0.971157 0.238447
564 0.834427 -0.551124
565 0.999822 -0.0187342
566 0.997808 -0.0661446
567 0.940135 0.340819
568 0.895543 0.444979
569 0.996649 0.0818099
570 0.998368 0.0570888
571 0.940163 0.340723
572 0.78762 -0.616157
573 0.995889 0.0905691
574 0.943271 -0.332017
575 0.942578 0.333984
576 0.977913 0.209024
577 0.926526 -0.376233
578 0.982849 0.184424
579 0.921297 -0.388863
580 0.878903 0.476994
581 0.987018 -0.160603
582 0.86643 0.499302
583 0.857115 -0.515128
584 0.992053 0.125847
585 0.897654 -0.440707
586 0.997257 0.0740691
587 0.995335 0.0964501
588 0.99999 -0.00467616
589 0.990017 -0.140912
590 0.930164 -0.367146
591 0.958389 0.285463
592 0.837241 -0.54683
593 0.947522 0.319689
594 0.983793 0.179321
595 0.979787 0.20004
596 0.993682 0.11223
597 0.718532 0.695496
598 0.804687 -0.593694
599 0.920092 0.391694
600 0.910646 -0.413194
601 0.97021 -0.242274
602 0.708918 0.705292
603 0.959516 0.28166
604 0.977889 -0.20913
605 0.904486 0.426507
606 0.95765 -0.287936
607 0.997971 0.0636354
608 0.96636 0.257206
609 0.994167 -0.10783
610 0.984058 0.177853
611 0.977823 0.20943
612 0.999979 -0.00631907
613 0.955889 -0.29372
614 0.999239 0.0390524
615 0.911753 -0.41075
616 0.973595 0.228275
617 0.716709 -0.697372
618 0.985001 0.172552
619 0.987117 0.159982
620 0.999808 -0.0196993
621 0.99575 -0.0921261
622 0.923922 0.382591
623 0.996957 0.0779574
624 0.770601 0.637318
625 0.998845 0.0480526
626 0.999792 0.020376
627 0.99871 -0.0508131
628 0.997849 -0.0656394
629 0.913467 0.406912
630 0.988939 -0.148331
631 0.999355 0.0358988
632 0.940448 -0.339946
633 0.864118 0.503296
634 0.96194 -0.273253
635 0.992788 0.119884
636 0.986083 -0.166253
637 0.984207 -0.176999
638 0.93244 0.361318
639 0.908244 -0.418445
640 0.993566 -0.113255
641 0.869492 -0.493943
642 0.954476 0.29828
643 0.997817 0.0660147
644 0.998035 -0.062654
645 0.917042 -0.39879
646 0.944244 0.329263
647 0.999998 -0
648 0.955634 0.294557
649 0.912064 0.410055
650 0.91931 0.393546
651 0.997928 -0.0642735
652 0.824168 0.566347
653 0.933948 -0.357406
654 0.968879 0.247543
655 0.960407 -0.278595
656 0.966338 0.257299
657 0.988169 0.153347
658 0.863452 -0.50444
659 0.87267 0.488319
660 0.949874 -0.312638
661 0.961052 0.276376
662 0.942326 -0.334705
663 0.931637 0.363389
664 0.99974 0.0227431
665 0.923578 -0.383421
666 0.891064 -0.453879
667 0.937446 0.348135
668 0.983668 0.180028
669 0.489686 0.871898
670 0.941973 -0.335695
671 0.98441 0.1759
672 0.627898 -0.778297
673 0.997206 -0.0747331
674 0.831382 0.555704
675 0.830803 -0.556567
676 0.994029 -0.109168
677 0.965807 -0.259272
678 0.996628 -0.082056
679 0.999938 -0.010969
680 0.955784 0.294088
681 0.938029 -0.346563
682 0.998632 0.0523153
683 0.738471 -0.674285
684 0.918117 -0.396317
685 0.937966 0.346723
686 0.997147 0.0755053
687 0.978622 0.205676
688 0.938227 -0.346031
689 0.997866 0.0652402
690 0.832092 -0.554637
691 0.892163 0.451707
692 0.780683 -0.624927
693 0.996982 0.0775963
694 0.997818 0.066032
695 0.987659 0.156641
696 0.947544 -0.319623
697 0.999036 -0.0439244
698 0.98606 -0.166397
699 0.992524 0.122087
700 0.937489 -0.34802
701 0.999741 -0.0228758
702 0.874516 -0.484998
703 0.992752 -0.120204
704 0.998564 -0.0535038
705 0.957867 -0.287221
706 0.987497 -0.157672
707 0.949305 -0.314373
708 0.873247 0.487273
709 0.980777 -0.195129
710 0.986995 0.160728
711 0.997549 0.0699103
712 0.918181 0.396157
713 0.999692 -0.0248228
714 0.999208 0.039709
715 0.942499 -0.334203
716 0.97424 -0.225525
717 0.985399 -0.170244
718 0.891391 0.453235
719 0.732941 -0.680292
720 0.93006 -0.367405
721 0.967087 -0.254464
722 0.901004 -0.433803
723 0.961475 -0.274904
724 0.720092 -0.693877
725 0.939466 0.342647
726 0.945449 0.325769
727 0.988223 0.15299
728 0.833162 -0.553027
729 0.988856 -0.148874
730 0.907945 -0.419085
731 0.996064 -0.0886152
732 0.987367 -0.158465
733 0.938277 -0.345896
734 0.982368 -0.186935
735 0.999661 0.0260366
736 0.952282 0.305217
737 0.998407 0.0563826
738 0.931037 0.364921
739 0.954146 -0.299339
740 0.997921 0.0644908
741 0.987124 0.159973
742 0.980879 0.194617
743 0.75537 -0.655301
744 0.972741 -0.231901
745 0.781801 -0.623526
746 0.845967 -0.533235
747 0.914335 -0.404946
748 0.973653 0.228044
749 0.952828 -0.303511
750 0.965879 0.258996
751 0.953856 -0.300276
752 0.999982 0.00625974
753 0.920227 -0.391385
754 0.985216 -0.171304
755 0.841703 0.539936
756 0.657692 -0.753286
757 0.996137 -0.0878222
758 0.855652 -0.517558
759 0.673451 0.739233
760 0.964188 -0.265206
761 0.958097 0.286447
762 0.99205 0.125834
763 0.958064 0.286568
764 0.805567 -0.592507
765 0.995116 0.0987367
766 1 0.000783085
767 0.999064 -0.0431913
768 0.94935 -0.314225
769 0.987247 -0.159177
770 0.999208 -0.0397954
771 0.974877 -0.222746
772 0.989081 0.147338
773 0.999712 0.0241184
774 0.81238 0.583131
775 0.956335 0.292273
776 0.995524 0.0945202
777 0.980017 -0.198904
778 0.846808 0.531897
779 0.775027 0.631926
780 0.983974 -0.178293
781 0.994469 0.105032
782 0.981399 -0.191964
783 0.987568 -0.157198
784 0.764202 -0.644977
785 0.451579 0.892231
786 0.995206 -0.0977721
787 0.94351 0.331357
788 0.997513 -0.0704801
789 0.972549 0.232699
790 0.985265 -0.171037
791 0.982849 -0.184408
792 0.929975 -0.367612
793 0.976735 0.214445
794 0.79318 -0.608991
795 0.99993 -0.0118537
796 0.97578 -0.218752
797 0.994509 -0.104644
798 0.997537 -0.0701305
799 0.96242 0.271556
800 0.998058 -0.06236
801 0.999329 -0.0366356
802 0.975957 -0.217981
803 0.885993 0.463703
804 0.989345 0.145589
805 0.965426 -0.260663
806 0.956308 -0.292368
807 0.985043 -0.172316
808 0.988006 0.154418
809 0.991298 -0.131625
810 0.985495 -0.169719
811 0.94371 -0.330769
812 0.999623 -0.0275338
813 0.999855 0.0171598
814 0.989929 0.14159
815 0.941696 -0.336463
816 0.941623 -0.33667
817 0.896441 -0.443166
818 0.994298 -0.106637
819 0.828796 0.559552
820 0.976387 -0.216028
821 0.994097 0.108463
822 0.660335 -0.750974
823 0.939054 0.343766
824 0.970519 0.241027
825 0.999898 -0.0141727
826 0.952862 -0.30341
827 0.983045 0.183351
828 0.999989 -0.00548587
829 0.974602 -0.223972
830 0.927964 0.37268
831 0.826344 -0.563168
832 0.882931 0.469511
833 0.999913 -0.0132612
834 0.98958 0.143984
835 0.998734 0.050277
836 0.930992 0.365044
837 0.786687 -0.617349
838 0.998493 0.0548801
839 0.965048 0.262072
840 0.832774 0.553613
841 0.984957 0.172819
842 0.756611 0.653866
843 0.818212 0.574914
844 0.973547 0.228506
845 0.99982 -0.0188816
846 0.962923 0.269775
847 0.992476 0.122448
848 0.99986 0.0167057
849 0.983017 0.183536
850 0.989842 0.142141
851 0.443498 0.896275
852 0.957188 -0.289463
853 0.813746 0.58122
854 0.963529 -0.267595
855 0.896218 0.443615
856 0.99964 0.0268529
857 0.995126 -0.0985825
858 0.980992 -0.194031
859 0.97834 0.207022
860 0.992935 -0.118688
861 0.982348 0.18705
862 0.996504 0.0835596
863 0.935909 0.352247
864 0.853817 -0.520572
865 0.897661 -0.440685
866 0.51573 0.856753
867 0.974459 -0.224566
868 0.998078 0.0619681
869 0.867019 -0.498276
870 0.999999 -0.00312085
871 0.995732 -0.09227
872 0.962863 -0.269989
873 0.924025 -0.382335
874 0.984468 0.175575
875 0.999354 0.035938
876 0.962297 -0.27201
877 0.964474 0.264168
878 0.777384 0.629029
879 0.995698 0.0926629
880 0.943097 0.332516
881 0.862335 0.506338
882 0.917928 -0.396746
883 0.9831 0.183066
884 0.998098 -0.0616495
885 0.967148 -0.254218
886 0.927974 -0.372643
887 0.890944 0.454114
888 0.994302 0.106619
889 0.97883 0.204699
890 0.713911 -0.700236
891 0.958615 0.284717
892 0.80571 -0.592308
893 0.875907 0.482475
894 0.962261 0.272111
895 0.97424 0.225525
896 0.871375 -0.49061
897 0.999454 0.0331169
898 0.996308 0.0858966
899 0.951199 -0.308577
900 0.996217 -0.0868787
901 0.998079 0.0619689
902 0.85156 0.524257
903 0.989829 -0.142251
904 0.946188 -0.323626
905 0.954809 -0.297235
906 0.904684 -0.426079
907 0.881134 -0.472863
908 0.991363 0.131172
909 0.989788 -0.142584
910 0.990941 0.13432
911 0.974996 0.222229
912 0.628071 0.778155
913 0.942109 0.3353
914 0.88124 0.472679
915 0.999275 0.038071
916 0.999344 0.0362177
917 0.92525 0.379358
918 0.941057 -0.33826
919 0.965165 0.261634
920 0.979523 0.201342
921 0.789175 0.614169
922 0.978632 0.20564
923 0.974054 0.226304
924 0.990213 0.13957
925 0.989222 0.146394
926 0.353405 0.935469
927 0.988437 0.151638
928 0.834746 0.550635
929 0.999731 0.0231982
930 0.965947 0.258741
931 0.883412 -0.468598
932 0.999489 -0.0319786
933 0.915874 -0.401468
934 0.900978 0.433862
935 0.999995 -0.00388047
936 0.983037 -0.183397
937 0.866019 -0.50001
938 0.973411 0.229066
939 0.909784 -0.415088
940 0.921214 0.389047
941 0.990599 -0.136825
942 0.883197 0.469006
943 0.989007 0.147878
944 0.884822 0.465928
945 0.939276 0.343171
946 0.893385 -0.449284
947 0.899408 0.437109
948 0.992143 -0.125108
949 0.993496 0.113831
950 0.992893 -0.119009
951 0.990567 0.137029
952 0.971164 -0.238419
953 0.869391 0.494131
954 0.917151 -0.398542
955 0.996046 0.0888732
956 0.996086 0.0883709
957 0.992673 0.120792
958 0.951099 -0.308887
959 0.911194 0.411977
960 0.990794 0.135368
961 0.992294 0.123949
962 0.998283 0.0585659
963 0.717925 -0.696122
964 0.998284 0.058529
965 0.864072 -0.503368
966 0.935484 0.353365
967 0.996754 0.0804418
968 0.997888 0.0650002
969 0.992047 0.125895
970 0.889389 0.457147
971 0.999939 -0.010957
972 0.937693 -0.347465
973 0.659724 0.751509
974 0.910605 0.413274
975 0.961028 0.276448
976 0.999578 -0.0290529
977 0.91224 0.409656
978 0.998397 -0.0565907
979 0.971378 -0.237541
980 0.963685 -0.26704
981 0.999998 0.00233009
982 0.883959 -0.467557
983 0.937303 -0.348515
984 0.975286 0.220947
985 0.99981 0.0193906
986 0.946267 -0.323397
987 0.999975 -0.00707931
988 0.99709 -0.076284
989 0.989838 0.142208
990 0.975437 -0.220277
991 0.893372 0.449327
992 0.960459 0.278429
993 0.944566 -0.328317
994 0.892705 0.450643
995 0.998634 0.0523194
996 0.812631 0.582781
997 0.955134 0.29618
998 0.895271 0.445517
999 0.897017 -0.441993
1000 0.996356 0.0852506
1001 0.980154 -0.198239
1002 0.973968 0.2267
1003 0.962251 -0.272179
1004 0.897607 0.440802
1005 0.926541 -0.376199
1006 0.928374 0.371634
1007 0.747137 -0.664671
1008 0.980638 -0.19583
1009 0.847554 -0.530711
1010 0.89274 0.450571
1011 0.93628 0.351254
1012 0.984749 -0.173992
1013 0.861853 0.507154
1014 0.999573 0.0292317
1015 0.999808 0.0196435
1016 0.968734 -0.248086
1017 0.937548 0.34786
1018 0.955528 -0.294894
1019 0.959988 0.28004
1020 0.846675 0.532104
1021 0.952691 0.303947
1022 0.999618 0.0275252
1023 0.998433 -0.0559546
1024 0.989465 0.144782
1025 0.945394 -0.325939
1026 0.986935 -0.161119
1027 0.465429 -0.885085
1028 0.722686 0.691175
1029 0.872472 -0.488658
1030 0.992205 -0.12462
1031 0.998912 -0.0466636
1032 0.995419 -0.0956088
1033 0.922465 -0.386087
1034 0.848768 0.528757
1035 0.988872 0.148793
1036 0.7879 0.615801
1037 0.992958 -0.118454
1038 0.83912 0.543944
1039 0.999603 0.0281564
1040 0.922355 0.386335
1041 0.971618 0.236579
1042 0.968191 -0.250196
1043 0.990593 0.136816
1044 0.936049 -0.351865
1045 0.859471 0.511187
1046 0.908279 -0.418359
1047 0.961901 0.273399
1048 0.867201 -0.497949
1049 0.841462 0.540312
1050 0.98491 -0.173066
1051 0.776478 0.63014
1052 0.968287 -0.249821
1053 0.882981 0.469409
1054 0.889901 -0.456153
1055 0.970258 0.242071
1056 0.950961 -0.309294
1057 0.860211 0.509939
1058 0.904031 0.427466
1059 0.991852 0.127395
1060 0.91286 0.408275
1061 0.979317 -0.202342
1062 0.995455 -0.0952183
1063 0.835916 -0.548856
1064 0.981886 -0.189481
1065 0.929811 -0.368039
1066 0.999929 -0.0117857
1067 0.994892 0.100954
1068 0.818846 -0.574016
1069 0.946551 -0.322559
1070 0.999854 -0.0171291
1071 0.977794 -0.209566
1072 0.999389 -0.0350913
1073 0.985259 -0.171072
1074 0.965559 0.260186
1075 0.941881 0.335946
1076 0.956623 -0.291346
1077 0.967345 0.253458
1078 0.942585 -0.333952
1079 0.871504 -0.490387
1080 0.998773 0.0495271
1081 0.982358 -0.186988
1082 0.993395 -0.114774
1083 0.860441 0.509557
1084 0.954461 0.298325
1085 0.705542 0.708672
1086 0.945367 -0.326013
1087 0.961784 0.273816
1088 0.946446 0.322866
1089 0.987376 0.158372
1090 0.781764 0.623575
1091 0.940726 -0.339152
1092 0.991184 -0.132518
1093 0.85613 -0.516761
1094 0.99599 -0.0895113
1095 0.999773 -0.0211086
1096 0.996109 0.0881417
1097 0.999969 -0.00778808
1098 0.968095 0.25057
1099 0.958381 -0.285488
1100 0.907702 0.419605
1101 0.980071 0.198645
1102 0.808372 0.58867
1103 0.954261 0.298962
1104 0.99963 -0.0271839
1105 0.999268 0.0382593
1106 0.901226 0.433358
1107 0.821584 0.570091
1108 0.993951 0.1098
1109 0.984261 0.176739
1110 0.992575 0.121624
1111 0.972323 -0.233633
1112 0.826365 -0.56313
1113 0.999937 0.0110052
1114 0.998094 0.0617173
1115 0.967795 0.251752
1116 0.977652 -0.210229
1117 0.974747 -0.223316
1118 0.999951 0.0101935
1119 0.998571 -0.0534373
1120 0.965196 0.261528
1121 0.971626 -0.236517
1122 0.841457 0.540324
1123 0.988594 -0.150603
1124 0.999711 -0.0240336
1125 0.987287 -0.15893
1126 0.99817 -0.0604684
1127 0.97477 0.223214
1128 0.901824 0.432102
1129 0.90124 -0.433322
1130 0.96686 0.255315
1131 0.995713 -0.0925519
1132 0.974508 0.224371
1133 0.999927 -0.0125911
1134 0.741885 0.670534
1135 0.999152 0.0411893
1136 0.953754 0.300587
1137 0.867345 0.497715
1138 0.969698 -0.244307
1139 0.952719 -0.303867
1140 0.887106 -0.461563
1141 0.946277 -0.323374
1142 0.988601 0.150594
1143 0.783381 0.621539
1144 0.980805 -0.194965
1145 0.984437 -0.175764
1146 0.999983 0.00627447
1147 0.98441 0.1759
1148 0.77948 -0.626434
1149 0.982627 -0.185563
1150 0.956759 0.290871
1151 0.329564 0.944133
1152 0.798128 0.602491
1153 0.999806 -0.0196378
1154 0.999574 -0.0291782
1155 0.924472 -0.38126
1156 0.91724 0.398337
1157 0.514996 -0.857193
1158 0.996151 0.0876525
1159 0.999477 0.0322245
1160 0.980932 0.194332
1161 0.99451 -0.104639
1162 0.903182 0.429268
1163 0.954411 0.298484
1164 0.998005 -0.0631347
1165 0.996187 -0.087247
1166 0.999969 0.00779233
1167 0.666488 -0.745515
1168 0.934272 -0.356559
1169 0.914251 0.405151
1170 0.999927 -0.0124919
1171 0.900893 0.434041
1172 0.981696 -0.190457
1173 0.971635 0.236501
1174 0.846853 -0.53183
1175 0.931351 -0.364117
1176 0.908569 0.417735
1177 0.818062 0.57513
1178 0.978955 0.204055
1179 0.998179 0.0602792
1180 0.965716 -0.259613
1181 0.905183 0.425013
1182 0.954527 -0.29812
1183 0.950556 0.310545
1184 0.919796 0.392396
1185 0.99893 -0.046294
1186 0.986338 0.164732
1187 0.919487 -0.393117
1188 0.960119 -0.279599
1189 0.99827 -0.0587429
1190 0.731312 0.682045
1191 0.859319 0.511437
1192 0.955619 0.294612
1193 0.970697 0.240289
1194 0.937982 0.346685
1195 0.966255 0.257587
1196 0.921271 0.388933
1197 0.597529 -0.801845
1198 0.449666 0.893197
1199 0.794973 0.606643
1200 0.864286 0.503001
1201 0.690541 -0.723293
1202 0.924082 -0.382192
1203 0.86388 -0.5037
1204 0.673301 -0.739366
1205 0.915959 0.401268
1206 0.980447 -0.196764
1207 0.993364 -0.114978
1208 0.879655 0.47562
1209 0.921427 0.388558
1210 0.933278 -0.359153
1211 0.999052 -0.0434437
1212 0.98351 -0.180855
1213 0.996537 0.0831833
1214 0.985061 0.172222
1215 0.999761 -0.0219866
1216 0.74938 0.662139
1217 0.992827 -0.119591
1218 1 0.00235534
1219 0.686182 -0.727429
1220 0.9519 0.306409
1221 0.985577 -0.169229
1222 0.974411 0.22478
1223 0.989816 0.14234
1224 0.92577 -0.378091
1225 0.993884 0.110453
1226 0.97332 -0.229454
1227 0.790347 -0.612664
1228 0.992318 0.123734
1229 0.997358 0.0726432
1230 0.985261 0.171053
1231 0.919006 -0.394236
1232 0.989969 -0.141261
1233 0.966441 0.256888
1234 0.979315 0.202327
1235 0.992383 0.123214
1236 0.940274 -0.340434
1237 0.435574 0.900153
1238 0.994093 0.108545
1239 0.733314 0.679894
1240 0.902494 -0.430704
1241 0.997402 0.0720366
1242 0.972884 -0.231283
1243 0.937753 0.3473
1244 0.95724 -0.289284
1245 0.804894 0.593414
1246 0.955916 0.293641
1247 0.799939 -0.600085
1248 0.93755 -0.347841
1249 0.936562 0.350494
1250 0.961248 0.275701
1251 0.9878 0.155725
1252 0.977423 -0.211271
1253 0.836765 -0.54756
1254 0.801292 0.598278
1255 0.754287 -0.656551
1256 0.98698 0.160865
1257 0.994771 -0.102146
1258 0.993732 0.111786
1259 0.937474 0.348063
1260 0.907547 -0.419942
1261 0.998799 -0.0490148
1262 0.673642 0.73906
1263 0.963322 -0.268347
1264 0.85281 -0.522219
1265 0.988212 0.153121
1266 0.975231 -0.221187
1267 0.94696 0.321343
1268 0.838683 -0.544621
1269 0.973576 0.228342
1270 0.969139 -0.246495
1271 0.999512 0.0313059
1272 0.920862 0.389883
1273 0.950237 -0.311534
1274 0.934368 0.356302
1275 0.777816 0.628489
1276 0.732178 -0.681116
1277 0.959411 -0.282006
1278 0.897543 -0.440935
1279 0.999215 -0.0396154
1280 0.977804 0.20955
1281 0.913982 -0.405747
1282 0.941825 0.336104
1283 0.987467 -0.157841
1284 0.983165 0.182721
1285 0.999018 -0.0443241
1286 0.998434 0.0558758
1287 0.982493 -0.186285
1288 0.997564 0.0698008
1289 0.999972 -0.00704219
1290 1 0.000790514
1291 0.993706 0.112005
1292 0.99661 0.082258
1293 0.957603 -0.288095
1294 0.994767 -0.102167
1295 0.985003 0.172521
1296 0.986937 -0.161107
1297 0.993204 0.116383
1298 0.978948 -0.204108
1299 0.999642 -0.0267998
1300 0.807375 -0.590034
1301 0.999913 0.013304
1302 0.942026 -0.335541
1303 0.952763 -0.303727
1304 0.999608 -0.0281806
1305 0.817232 0.576303
1306 0.992755 0.120175
1307 0.871667 0.490101
1308 0.791905 0.610638
1309 0.965535 -0.260251
1310 0.889173 -0.457571
1311 0.94708 -0.321005
1312 0.987312 0.158806
1313 0.974145 -0.225927
1314 0.97109 -0.238722
1315 0.998856 -0.0478958
1316 0.986296 0.165003
1317 0.96199 -0.273086
1318 0.98654 0.163543
1319 0.990407 -0.138197
1320 0.987214 -0.159404
1321 0.993749 0.111687
1322 0.778267 0.627934
1323 0.981861 -0.189596
1324 0.870377 0.492388
1325 0.991511 0.130044
1326 0.953038 0.302848
1327 0.825886 -0.563831
1328 0.918367 0.395729
1329 0.979631 -0.200818
1330 0.959975 -0.280086
1331 0.883958 0.467566
1332 0.963804 -0.2666
1333 0.964673 0.263456
1334 0.980446 -0.196794
1335 0.998995 0.0447257
1336 0.758972 -0.651126
1337 0.989602 0.143811
1338 0.996488 -0.0837556
1339 0.959886 0.280374
1340 0.998707 -0.0508781
1341 0.910927 -0.412572
1342 0.837004 -0.547191
1343 0.995191 0.0979557
1344 0.961996 -0.273063
1345 0.701584 -0.712586
1346 0.922434 -0.386149
1347 0.799498 -0.600662
1348 0.984452 0.175661
1349 0.746083 -0.665852
1350 0.807212 0.590255
1351 0.990087 -0.140447
1352 0.983147 0.182792
1353 0.889463 -0.457016
1354 0.956216 0.292657
1355 0.999842 -0.0180269
1356 0.913735 -0.406316
1357 0.956453 -0.291869
1358 0.974982 -0.222305
1359 0.986631 0.162946
1360 0.997173 0.0751692
1361 0.996231 0.0867627
1362 0.89276 -0.450525
1363 0.992547 -0.121834
1364 0.811154 -0.584834
1365 0.814184 0.580604
1366 0.880905 -0.473294
1367 0.983426 0.181304
1368 0.881091 -0.472946
1369 0.7033 0.710894
1370 0.942111 -0.335311
1371 0.952336 0.305055
1372 0.993635 -0.112642
1373 0.989417 0.145073
1374 0.904584 -0.426285
1375 0.989656 0.143468
1376 0.999991 0.00469482
1377 0.964014 -0.26585
1378 0.999532 -0.0306314
1379 0.920598 -0.390507
1380 0.99931 0.0371161
1381 0.954623 -0.297827
1382 0.989942 -0.14148
1383 0.999291 0.0375497
1384 0.984382 0.176037
1385 0.995108 0.098822
1386 0.97145 0.237229
1387 0.910343 -0.413854
1388 0.976228 -0.216747
1389 0.991005 -0.133859
1390 0.963987 0.265956
1391 0.996891 -0.0787914
1392 0.667559 -0.744556
1393 0.874546 -0.484937
1394 0.865275 0.501299
1395 0.984056 -0.177882
1396 0.978904 -0.204328
1397 0.784841 0.619697
1398 0.992104 -0.125414
1399 0.973229 0.229842
1400 0.67951 -0.733666
1401 0.812237 -0.583327
1402 0.943996 -0.329945
1403 0.985642 0.168822
1404 0.944232 0.329298
1405 0.893513 -0.449041
1406 0.630957 0.775818
1407 0.988496 -0.151248
1408 0.9999 0.0141906
1409 0.98961 -0.143789
1410 0.884692 0.466178
1411 0.982661 -0.185425
1412 0.997372 0.0725176
1413 0.986528 0.163608
1414 0.932897 0.360144
1415 0.964663 -0.263487
1416 0.927701 0.37333
1417 0.928686 0.370874
1418 0.993079 -0.117463
1419 0.946959 -0.321346
1420 0.990093 -0.140393
1421 0.968908 -0.247411
1422 0.975548 -0.219783
1423 0.929175 -0.369637
1424 0.831074 0.556163
1425 0.999804 -0.0195605
1426 0.858918 -0.512111
1427 0.998145 0.0608041
1428 0.998526 0.0542608
1429 0.989109 0.147197
1430 0.965225 0.261412
1431 0.776508 0.63011
1432 0.515744 -0.856742
1433 0.985243 0.171146
1434 0.737549 -0.675292
1435 0.985912 0.167262
1436 0.9982 0.0599754
1437 0.82154 -0.570151
1438 0.999517 -0.0310649
1439 0.91577 -0.401697
1440 0.982804 -0.18465
1441 0.979781 -0.200063
1442 0.923479 -0.383644
1443 0.999186 -0.0404277
1444 0.994273 -0.106855
1445 0.987255 0.159144
1446 0.68934 0.72444
1447 0.909469 -0.415761
1448 0.975449 0.220209
1449 0.986636 -0.162907
1450 0.896494 0.443049
1451 0.707405 -0.706805
1452 0.957748 0.287609
1453 0.999999 0.00392741
1454 0.719868 -0.694109
1455 0.989303 -0.145872
1456 0.700961 -0.713199
1457 0.984815 0.173607
1458 0.982463 -0.186439
1459 0.870716 0.491784
1460 0.879786 -0.475364
1461 0.999856 0.0171318
1462 0.969886 0.24356
1463 0.867927 0.496692
1464 0.94975 0.313022
1465 0.999933 -0.011782
1466 0.827636 -0.561271
1467 0.999666 0.0258066
1468 0.809574 -0.587021
1469 0.957479 0.288493
1470 0.990477 -0.137689
1471 0.997635 0.0686652
1472 0.9936 0.112961
1473 0.999551 -0.0299167
1474 0.884426 0.46668
1475 0.985556 -0.169359
1476 0.995603 0.0936345
1477 0.983213 -0.182481
1478 0.912621 0.408796
1479 0.939276 -0.343171
1480 0.957404 0.288754
1481 0.954291 -0.298868
1482 0.934947 0.354788
1483 0.866106 -0.499865
1484 0.876545 -0.48132
1485 0.995406 -0.095762
1486 0.878347 0.478028
1487 0.993821 0.110965
1488 0.997253 -0.074075
1489 0.903167 -0.429281
1490 0.985795 -0.167977
1491 0.998356 0.0572328
1492 0.99407 -0.108752
1493 0.9638 0.266608
1494 0.393567 -0.919297
1495 0.938588 -0.345033
1496 0.99898 0.0452755
1497 0.990414 0.138143
1498 0.946246 -0.323449
1499 0.943537 -0.331271
1500 0.94162 0.336694
1501 0.786462 -0.617636
1502 0.9548 -0.29724
1503 0.86977 -0.493458
1504 0.999807 0.0197772
1505 0.944049 -0.329808
1506 0.890596 0.454795
1507 0.886568 -0.462592
1508 0.961051 0.276372
1509 0.917566 -0.397586
1510 0.646302 0.763082
1511 0.979597 -0.200973
1512 0.976124 0.217215
1513 0.869636 -0.493685
1514 0.986771 0.162091
1515 0.99149 -0.130193
1516 0.970482 0.241167
1517 0.990955 0.134189
1518 0.966628 0.256174
1519 0.982329 -0.187165
1520 0.984944 0.172888
1521 0.954893 0.296937
1522 0.813889 -0.581023
1523 0.989767 0.142694
1524 0.834997 -0.550258
1525 0.953243 -0.302197
1526 0.99985 -0.0173904
1527 0.988033 0.154244
1528 0.997891 -0.064848
1529 0.937345 -0.34841
1530 0.749864 -0.661593
1531 0.993677 -0.112273
1532 0.870085 -0.492901
1533 0.962995 -0.26952
1534 0.856973 -0.515363
1535 0.802859 -0.596168
1536 0.991497 -0.130126
1537 0.967359 -0.253407
1538 0.999857 -0.0171666
1539 0.964089 0.265573
1540 0.826935 0.562299
1541 0.975192 -0.22137
1542 0.864946 0.501859
1543 0.903639 -0.42829
1544 0.994858 0.101271
1545 0.931936 -0.362631
1546 0.994149 0.108025
1547 0.909026 -0.416735
1548 0.995213 -0.0977568
1549 0.916153 -0.40082
1550 0.9069 -0.421336
1551 0.953979 0.299887
1552 0.97088 0.239566
1553 0.981828 -0.189761
1554 0.985842 -0.16767
1555 0.994745 -0.102329
1556 0.965871 0.259026
1557 0.938752 0.34459
1558 0.777375 -0.62904
1559 0.996634 0.0820014
1560 0.904451 -0.426578
1561 0.952144 0.305659
1562 0.989699 0.14319
1563 0.94038 0.340131
1564 0.875551 -0.483125
1565 0.989433 -0.145028
1566 0.944507 -0.328487
1567 0.978193 0.207694
1568 0.976281 0.216504
1569 0.96416 -0.265318
1570 0.958751 0.284242
1571 0.976851 -0.213925
1572 0.71235 0.701824
1573 0.867879 -0.496772
1574 0.947296 0.320343
1575 0.997981 0.0634361
1576 0.999977 -0.00627939
1577 0.84635 -0.532635
1578 0.702703 -0.711484
1579 0.992673 -0.120862
1580 0.997855 0.0654239
1581 0.989325 0.145714
1582 0.956308 -0.292368
1583 0.801032 -0.598621
1584 0.93327 -0.359176
1585 0.888222 -0.459406
1586 0.935157 0.354231
1587 0.999875 0.0157416
1588 0.876457 -0.481487
1589 0.950655 0.310263
1590 0.987874 0.155278
1591 0.999722 0.0234481
1592 0.639578 -0.768728
1593 0.926931 0.375223
1594 0.962695 -0.270595
1595 0.968529 0.248895
1596 0.587145 -0.80948
1597 0.987707 0.15628
1598 0.806543 0.591173
1599 0.999878 -0.015639
1600 0.795925 0.605399
1601 0.993101 -0.117261
1602 0.856874 0.515528
1603 0.607163 -0.794575
1604 0.940697 0.339247
1605 0.993212 -0.116317
1606 0.999044 0.0437144
1607 0.755529 -0.655115
1608 0.960952 0.276707
1609 0.992302 -0.123845
1610 0.872258 0.489053
1611 0.96901 0.247032
1612 0.999515 0.0312034
1613 0.999965 -0.00781242
1614 0.999972 -0.00789569
1615 0.94553 -0.325537
1616 0.964941 -0.262452
1617 0.986342 -0.164715
1618 0.872863 -0.48797
1619 0.965163 0.261654
1620 0.908929 -0.416957
1621 0.957569 0.288204
1622 0.996896 -0.0786572
1623 0.968685 0.248303
1624 0.976024 -0.217645
1625 0.927464 0.373912
1626 0.898441 -0.439093
1627 0.65871 0.752394
1628 0.946602 -0.3224
1629 0.84364 -0.536908
1630 0.998037 0.062654
1631 0.960302 0.27897
1632 0.975691 0.219165
1633 0.998886 0.0472462
1634 0.999878 0.0156192
1635 0.921883 0.387473
1636 0.944269 0.329179
1637 0.98766 -0.156597
1638 0.968661 0.248398
1639 0.963127 -0.269055
1640 0.995587 0.0937926
1641 0.964586 -0.263779
1642 0.941149 0.337982
1643 0.893675 0.448714
1644 0.942128 0.335259
1645 0.819596 0.572946
1646 0.88481 -0.465956
1647 0.990094 0.140403
1648 0.733278 -0.67993
1649 0.990032 -0.140852
1650 0.921674 0.387956
1651 0.996283 -0.0861048
1652 0.953687 -0.300793
1653 0.971094 -0.238703
1654 0.905247 -0.424881
1655 0.996964 0.0778619
1656 0.978019 -0.208496
1657 0.898596 0.438773
1658 0.996311 -0.0858119
1659 0.97623 0.216759
1660 0.87618 -0.481984
1661 0.99846 0.0553903
1662 0.777492 -0.628892
1663 0.925209 -0.379459
1664 0.97023 -0.242191
1665 0.94595 -0.324315
1666 0.625255 -0.780419
1667 0.999872 0.0157226
1668 0.68295 0.730464
1669 0.996942 -0.0781659
1670 0.81742 0.576047
1671 0.960173 0.279397
1672 0.873055 0.487621
1673 0.992281 -0.123994
1674 0.516176 0.856482
1675 0.963215 0.26875
1676 0.984008 0.178152
1677 0.879441 0.476001
1678 0.99804 0.0625073
1679 0.972415 -0.233266
1680 0.726429 0.687242
1681 0.947315 -0.320303
1682 0.917623 -0.397449
1683 0.750639 0.660713
1684 0.983958 -0.178407
1685 0.996917 0.0784372
1686 0.996959 0.0779953
1687 0.987866 0.155326
1688 0.992694 -0.120661
1689 0.987516 0.157518
1690 0.832754 -0.553642
1691 0.845583 0.533842
1692 0.927643 -0.373468
1693 0.777492 0.628892
1694 0.956161 0.292827
1695 0.99629 -0.0860846
1696 0.970812 0.239854
1697 0.999222 -0.0394529
1698 0.993057 -0.117628
1699 0.998915 -0.0466137
1700 0.999873 -0.0157859
1701 0.800064 -0.599915
1702 0.992922 0.118771
1703 0.992206 0.12463
1704 0.983917 0.17862
1705 0.799719 -0.600371
1706 0.992217 0.124523
1707 0.782436 -0.622731
1708 0.996367 -0.0851199
1709 0.997447 0.0714629
1710 0.987827 0.155578
1711 0.845087 -0.534624
1712 0.986801 0.161936
1713 0.996936 -0.0782881
1714 0.724072 -0.689722
1715 0.738096 0.674696
1716 0.79512 -0.606453
1717 0.810588 0.585625
1718 0.935379 -0.353657
1719 0.975957 -0.217981
1720 0.979087 -0.203427
1721 0.995619 0.0934644
1722 0.979221 0.202797
1723 0.999232 0.0390829
1724 0.853765 -0.52065
1725 0.953537 -0.301272
1726 0.814567 -0.580072
1727 0.865116 0.501575
1728 0.992176 0.124862
1729 0.999998 0.0020361
1730 0.992086 -0.12558
1731 0.9296 -0.368575
1732 0.965348 0.260954
1733 0.991309 0.131552
1734 0.997533 0.0701495
1735 0.998512 0.0545575
1736 0.860285 0.50981
1737 0.975714 -0.219046
1738 0.897209 0.441601
1739 0.999966 -0.00783507
1740 0.999722 0.0235014
1741 0.99972 0.0236198
1742 0.999968 0.00778747
1743 0.992083 0.125546
1744 0.993019 -0.117969
1745 0.649206 0.760613
1746 0.994079 -0.108713
1747 0.987913 -0.155026
1748 0.766829 -0.64185
1749 0.918588 0.395216
1750 0.999876 0.0157078
1751 0.904917 0.425598
1752 0.967003 0.254755
1753 0.997505 0.0706613
1754 0.934174 -0.356817
1755 0.985391 0.170315
1756 0.995547 -0.0942782
1757 0.960302 0.27897
1758 0.983871 0.178869
1759 0.877038 0.480421
1760 0.983464 0.181081
1761 0.771127 -0.636678
1762 0.996919 0.0784107
1763 0.974054 -0.226329
1764 0.991124 -0.132931
1765 0.955731 -0.294233
1766 0.993036 -0.11783
1767 0.933197 -0.359374
1768 0.996904 0.0785954
1769 0.977627 -0.210317
1770 0.99214 0.125155
1771 0.989989 -0.141138
1772 0.986659 0.162809
1773 0.968975 0.247165
1774 0.979355 0.202171
1775 0.902822 -0.430011
1776 0.997656 0.0684325
1777 0.951587 0.307367
1778 0.757998 -0.652256
1779 0.988958 0.148172
1780 0.995526 -0.0944516
1781 0.973849 -0.227209
1782 0.905044 -0.425317
1783 0.999723 -0.0236384
1784 0.911203 0.411963
1785 0.870091 0.492892
1786 0.948729 -0.316094
1787 0.955759 0.294144
1788 0.988976 -0.148066
1789 0.99456 0.104168
1790 0.972136 0.234422
1791 0.941033 -0.338313
1792 0.89632 0.443404
1793 0.899186 -0.437562
1794 0.992193 -0.124717
1795 0.977764 0.209717
1796 0.83161 0.555365
1797 0.988954 0.148227
1798 0.950425 0.310957
1799 0.626839 -0.779147
1800 0.9995 -0.0315205
1801 0.999232 0.0391288
1802 0.999501 0.0316502
1803 0.992229 -0.124436
1804 0.692406 0.721508
1805 0.998489 -0.0548781
1806 0.932052 0.36232
1807 0.999725 -0.0235994
1808 0.971049 0.238866
1809 0.963658 0.26713
1810 0.999999 0.00147086
1811 0.886846 0.462066
1812 0.99803 0.0627031
1813 0.880763 0.473561
1814 0.772843 -0.6346
1815 0.982425 -0.18667
1816 0.918321 -0.395837
1817 0.906365 0.422498
1818 0.818797 0.574081
1819 0.9706 0.240702
1820 1 -0
1821 0.985156 0.171677
1822 0.981374 0.192123
1823 0.992234 0.124378
1824 0.870609 -0.491983
1825 0.915216 -0.402957
1826 0.636651 0.771149
1827 0.713374 -0.700782
1828 0.966996 -0.254806
1829 0.857483 -0.514511
1830 0.996235 -0.0866603
1831 0.932918 -0.360099
1832 0.912368 0.409364
1833 0.960368 -0.278736
1834 0.995518 -0.0945601
1835 0.909097 -0.41659
1836 0.923783 0.382918
1837 0.959872 0.280427
1838 0.909723 -0.415222
1839 0.982463 0.186454
1840 0.990157 0.139979
1841 0.972519 -0.232836
1842 0.885947 -0.463782
1843 0.650891 0.759176
1844 0.974281 0.225335
1845 0.976056 -0.217527
1846 0.994694 0.102866
1847 0.93842 -0.345496
1848 0.918184 -0.396159
1849 0.948814 0.315831
1850 0.999782 0.0208619
1851 0.934012 0.357242
1852 0.78634 -0.6178
1853 0.998897 0.0470632
1854 0.993983 -0.109536
1855 0.996274 -0.0862329
1856 0.898441 0.439093
1857 0.999966 -0.00786155
1858 0.696818 0.717249
1859 0.950025 -0.31217
1860 0.99804 -0.0625073
1861 0.982511 -0.186238
1862 0.976252 -0.216643
1863 0.998481 0.0550896
1864 0.747557 0.664197
1865 0.966396 -0.25707
1866 0.999509 0.0312448
1867 0.964726 0.263255
1868 0.993058 -0.117646
1869 0.991086 -0.133242
1870 0.958077 0.286499
1871 0.982368 -0.186959
1872 0.988573 -0.150745
1873 0.807197 0.59028
1874 0.8425 -0.5387
1875 0.956071 -0.293133
1876 0.969887 0.243577
1877 0.72594 0.687759
1878 0.991152 -0.132776
1879 0.997527 0.0703028
1880 0.972088 -0.234621
1881 0.998031 0.062708
1882 0.985182 -0.171491
1883 0.941077 0.338186
1884 0.982787 -0.184742
1885 0.989145 -0.146937
1886 0.996293 -0.0860442
1887 0.922306 -0.38646
1888 0.825886 0.563831
1889 0.901851 -0.432047
1890 0.87699 0.480501
1891 0.9867 0.162545
1892 0.989101 0.147231
1893 0.886639 -0.462469
1894 0.96122 -0.275787
1895 0.536393 -0.843968
1896 0.99482 0.101638
1897 0.999878 0.0156832
1898 0.975903 0.2182
1899 0.99045 -0.137869
1900 0.883078 0.469228
1901 0.995611 -0.0935517
1902 0.869253 -0.494365
1903 0.991138 0.132858
1904 0.986592 0.163187
1905 0.999216 0.039484
1906 0.974248 -0.225457
1907 0.941089 -0.33816
1908 0.893839 -0.448391
1909 0.995583 -0.0939026
1910 0.992187 0.124765
1911 0.682396 0.730979
1912 0.992152 0.125057
1913 0.998032 0.0627523
1914 0.977701 0.209992
1915 0.635846 0.771812
1916 0.863234 0.5048
1917 0.747185 0.664621
1918 0.99973 0.023326
1919 0.962284 0.272048
1920 0.988902 -0.148573
1921 0.999505 0.031328
1922 0.626891 0.779108
1923 0.980738 -0.19532
1924 0.999972 0.00781443
1925 0.997483 0.0709283
1926 0.990192 0.13973
1927 0.999241 -0.0389884
1928 0.826727 0.562604
1929 0.989103 -0.147266
1930 0.994806 -0.101765
1931 0.974511 -0.224342
1932 0.957915 -0.287068
1933 0.997558 0.0699045
1934 0.998893 -0.0470522
1935 0.985313 0.170749
1936 0.996254 -0.0864698
1937 0.982204 0.187817
1938 0.985059 0.172225
1939 0.979284 -0.202484
1940 0.981051 0.193765
1941 0.895605 -0.44485
1942 0.988857 -0.148887
1943 0.939613 0.342232
1944 0.890789 -0.454417
1945 0.968602 -0.248608
1946 0.983798 -0.179257
1947 0.932348 0.361559
1948 0.994767 -0.102175
1949 0.890047 0.455867
1950 0.996904 0.0785954
1951 0.997564 -0.0697097
1952 0.997512 -0.0704182
1953 0.862431 -0.506181
1954 0.958143 0.28628
1955 0.987764 0.155965
1956 0.505357 0.86291
1957 0.995655 -0.0931746
1958 0.997535 -0.0701671
1959 0.966757 -0.255692
1960 0.965452 0.260583
1961 0.923578 -0.383421
1962 0.850812 0.525461
1963 0.999512 -0.0313427
1964 0.996307 0.0858296
1965 0.915845 -0.401525
1966 0.935775 0.352598
1967 0.987724 0.156208
1968 0.524888 0.851172
1969 0.937461 -0.348092
1970 0.981104 -0.193501
1971 0.992198 -0.12471
1972 0.713176 -0.700986
1973 0.789895 0.613239
1974 0.970719 -0.240204
1975 0.81573 0.578434
1976 0.993092 -0.11738
1977 0.963431 0.267957
1978 0.991059 -0.133428
1979 0.988053 0.154117
1980 0.998007 -0.0630885
1981 0.99319 -0.116552
1982 0.881166 0.472807
1983 0.991137 -0.132838
1984 0.811048 0.584981
1985 0.796664 -0.604428
1986 0.997938 0.0641909
1987 0.903143 0.429349
1988 0.983926 0.178565
1989 0.997513 -0.0705119
1990 0.867641 0.497195
1991 0.819101 0.57365
1992 0.970575 0.240813
1993 0.893526 -0.449014
1994 0.820773 0.571255
1995 0.996918 -0.0784599
1996 0.923324 0.384022
1997 0.958902 -0.283741
1998 0.999972 -0.00782893
1999 0.970565 -0.240832
2000 0.890257 -0.455454
2001 0.951677 0.30711
2002 0.985103 -0.171944
2003 0.701724 0.71245
2004 0.995583 -0.0939026
2005 0.998074 0.062023
2006 0.999718 0.0237131
2007 0.992281 0.123994
2008 0.966965 -0.254911
2009 0.986634 -0.162935
2010 0.933912 -0.357506
2011 0.911739 0.410771
2012 0.984916 -0.17302
2013 0.977734 0.20983
2014 0.974292 0.225283
2015 0.801013 0.598647
2016 0.994847 -0.101385
2017 0.566655 -0.823953
2018 0.997444 0.0714258
2019 0.868481 -0.495724
2020 0.846911 -0.531736
2021 0.948714 -0.316141
2022 0.992202 0.124638
2023 0.97501 -0.222161
2024 0.994806 0.101765
2025 0.968308 -0.249759
2026 0.82377 0.566922
2027 0.94884 0.315759
2028 0.687588 0.726097
2029 0.991157 -0.132703
2030 0.999217 -0.0396751
2031 0.996913 0.078517
2032 0.998494 0.0549298
2033 0.999229 -0.0392824
2034 0.685664 -0.727921
2035 0.989057 -0.147528
2036 0.970753 0.240093
2037 0.886672 0.462402
2038 0.997511 -0.0705506
2039 0.63403 0.773311
2040 0.97588 0.218318
2041 0.948954 0.315401
2042 0.942414 -0.334435
2043 0.989088 0.147357
2044 0.992147 0.125074
2045 0.966558 0.256458
2046 0.960809 -0.277212
2047 0.735954 0.677033
2048 0.956011 0.293339
2049 0.905494 -0.424353
2050 0.978888 0.20438
2051 0.677177 -0.735824
2052 0.913878 0.405995
2053 0.999881 0.0156244
2054 0.99712 0.0758408
2055 0.97639 -0.216014
2056 0.993091 0.11737
2057 0.91189 -0.410448
2058 0.974213 -0.225631
2059 0.937929 -0.346824
2060 0.994778 0.1021
2061 0.939638 -0.342181
2062 0.877411 0.479745
2063 0.960421 -0.278544
2064 0.879435 0.47602
2065 0.846519 0.532357
2066 0.98895 -0.148256
2067 0.876491 0.481418
2068 0.90527 0.424844
2069 0.874453 0.485113
2070 0.898425 -0.439125
2071 0.999723 -0.0234885
2072 0.960184 -0.279369
2073 0.815386 0.578917
2074 0.890538 -0.454914
2075 0.535862 0.844306
2076 0.99119 0.132466
2077 0.982329 -0.187176
2078 0.956013 -0.293317
2079 0.924992 -0.379987
2080 0.980808 0.194975
2081 0.996966 -0.077874
2082 0.985382 0.170355
2083 0.668244 -0.743946
2084 0.893718 0.44862
2085 0.932317 0.36164
2086 0.798715 0.601707
2087 0.982396 0.186829
2088 0.98253 -0.186094
2089 0.999973 0.00782955
2090 0.99997 -0.0077218
2091 0.92497 0.380048
2092 0.966571 0.256398
2093 0.894512 -0.447053
2094 0.998056 0.0622593
2095 0.959892 -0.28037
2096 0.922614 0.385721
2097 0.962401 0.271631
2098 0.984126 -0.17747
2099 0.951377 0.30804
2100 0.938128 0.346302
2101 0.998888 0.047152
2102 0.94564 -0.325216
2103 0.62688 0.779117
2104 0.999226 0.0392054
2105 0.951527 -0.307574
2106 0.972148 -0.234349
2107 0.977913 0.209024
2108 0.914674 -0.404195
2109 0.867802 0.496911
2110 0.938606 0.345004
2111 0.964778 0.263054
2112 0.963039 0.269362
2113 0.913992 -0.405739
2114 0.987972 0.154605
2115 0.997475 0.070949
2116 0.98779 0.155764
2117 0.98116 -0.1932
2118 0.963027 -0.269403
2119 0.943494 -0.331402
2120 0.9804 0.197018
2121 0.847738 -0.530414
2122 0.977562 0.210643
2123 0.971256 -0.238049
2124 0.987929 -0.154918
2125 0.891421 0.453167
2126 0.953456 -0.301524
2127 0.991099 0.133138
2128 0.995562 -0.094109
2129 0.87274 0.488179
2130 0.993317 0.115421
2131 0.999513 -0.0312888
2132 0.955876 -0.293786
2133 0.852429 0.522851
2134 0.994815 -0.101677
2135 0.948464 -0.316885
2136 0.857961 -0.513715
2137 0.998026 0.0628064
2138 0.827104 -0.562055
2139 0.922498 -0.385988
2140 0.724161 -0.689636
2141 0.90713 0.42085
2142 0.917366 -0.398042
2143 0.921628 0.388071
2144 0.997164 0.0752571
2145 0.983899 -0.178703
2146 0.994818 -0.101701
2147 0.690824 -0.723024
2148 0.999721 -0.0235272
2149 0.95235 -0.30501
2150 0.998512 0.0544896
2151 0.993861 -0.110616
2152 0.895139 -0.445787
2153 0.999517 -0.0310991
2154 0.803626 0.595135
2155 0.941274 -0.337652
2156 0.714856 0.699272
2157 0.941816 -0.336137
2158 0.858025 0.513606
2159 0.996942 0.0781659
2160 0.95075 0.309959
2161 0.932116 0.362159
2162 0.999507 -0.0314499
2163 0.962513 0.271251
2164 0.926895 -0.375332
2165 0.998018 0.0628863
2166 0.943608 -0.331077
2167 0.841894 0.539637
2168 0.951308 -0.30825
2169 0.982233 0.187656
2170 0.966844 -0.255359
2171 0.992193 0.124707
2172 0.986634 0.162972
2173 0.974337 0.225092
2174 0.960809 0.277212
2175 0.917804 -0.39704
2176 0.989833 0.142239
2177 0.883001 -0.469364
2178 0.998881 -0.0473006
2179 0.979356 -0.20214
2180 0.987882 0.15523
2181 0.856458 -0.516221
2182 0.999512 -0.0312326
2183 0.960368 -0.278736
2184 0.862404 0.506217
2185 0.960329 -0.278863
2186 0.954157 -0.299316
2187 0.993953 -0.109811
2188 0.79546 0.606007
2189 0.988969 0.148123
2190 0.993032 0.117895
2191 0.963048 -0.269329
2192 0.998453 0.0555982
2193 0.905959 -0.423365
2194 0.916359 -0.400349
2195 0.86491 0.501932
2196 0.996257 -0.0863681
2197 0.855831 -0.517254
2198 0.855621 -0.517611
2199 0.913755 -0.406267
2200 0.799337 0.600884
2201 0.995452 0.0952699
2202 0.681392 -0.731917
2203 0.979733 -0.200315
2204 0.935379 -0.353657
2205 0.965375 0.260861
2206 0.997534 -0.0701987
2207 0.960731 0.277486
2208 0.953468 -0.301502
2209 0.993162 0.116726
2210 0.830076 0.557647
2211 0.979398 -0.201956
2212 0.959932 0.280224
2213 0.986476 -0.163884
2214 0.949751 0.313013
2215 0.897862 0.440279
2216 0.931457 0.363852
2217 0.99804 0.0625073
2218 0.917471 0.397806
2219 0.985182 0.171504
2220 0.906195 -0.422868
2221 0.955971 -0.293473
2222 0.938202 0.346093
2223 0.684588 0.728928
2224 0.912061 -0.410056
2225 0.986409 0.164318
2226 0.999505 -0.0312912
2227 0.877573 0.479443
2228 0.922122 -0.386898
2229 0.964054 -0.265713
2230 0.991097 -0.133107
2231 0.94374 0.330678
2232 0.999509 0.0314092
2233 0.998028 -0.0627375
2234 0.908606 -0.417661
2235 0.949146 0.31483
2236 0.993994 -0.109429
2237 0.930393 0.366564
2238 0.985138 -0.171744
2239 0.898549 0.438873
2240 0.89569 0.444679
2241 0.995174 -0.0981257
2242 0.993315 0.115436
2243 0.990165 -0.139936
2244 0.963556 0.267508
2245 0.827415 -0.561591
2246 0.802131 0.597154
2247 0.922099 -0.386956
2248 0.990158 0.139955
2249 0.913947 0.405833
2250 0.969023 0.246976
2251 0.968432 -0.249259
2252 0.967939 -0.251194
2253 0.913604 -0.406598
2254 0.98378 0.179396
2255 0.986367 0.164587
2256 0.879276 0.476314
2257 0.983027 0.183461
2258 0.911167 -0.412048
2259 0.979299 0.202407
2260 0.996963 -0.0779486
2261 0.907251 0.420592
2262 0.966682 0.255986
2263 0.81632 0.577597
2264 0.883293 -0.468828
2265 0.991064 0.133347
2266 0.785686 -0.61862
2267 0.854081 0.520139
2268 0.898953 0.438039
2269 0.881774 0.471665
2270 0.998052 0.0624001
2271 0.933376 -0.358891
2272 0.934485 0.356009
2273 0.998488 0.0550464
2274 0.967149 0.254212
2275 0.979242 0.202703
2276 0.853215 0.521565
2277 0.823368 -0.567505
2278 0.996947 0.0780866
2279 0.948937 -0.315473
2280 0.953958 0.299928
2281 0.995685 -0.0928434
2282 0.938206 0.346067
2283 0.994772 -0.102124
2284 0.99564 -0.0932845
2285 0.981963 -0.189072
2286 0.977124 0.212669
2287 0.962278 -0.272069
2288 0.993069 -0.117554
2289 0.927428 -0.374
2290 0.949261 -0.31449
2291 0.946928 0.321443
2292 0.929927 -0.36775
2293 0.997307 0.0733442
2294 0.998826 -0.0484401
2295 0.864909 0.501932
2296 0.823764 0.566933
2297 0.996934 -0.0782269
2298 0.968733 -0.248112
2299 0.95834 0.285627
2300 0.98893 -0.148342
2301 0.991124 0.132931
2302 0.72741 -0.686199
2303 0.999967 -0.00783077
2304 0.996299 0.0859636
2305 0.84563 -0.533767
2306 0.790663 -0.612247
2307 0.847347 -0.531033
2308 0.999507 -0.0314457
2309 0.772735 -0.634724
2310 0.938507 0.345263
2311 0.999508 0.0312619
2312 0.809257 0.587452
2313 0.974235 -0.225544
2314 0.742865 0.669439
2315 0.996877 -0.0789301
2316 0.975946 -0.218014
2317 0.982415 0.186713
2318 0.881741 -0.471732
2319 0.97622 -0.216776
2320 0.998501 0.0547195
2321 0.88349 0.468448
2322 0.962581 -0.270988
2323 0.979242 -0.202672
2324 0.99997 -0.00779294
2325 0.995568 -0.0940054
2326 0.982114 -0.188286
2327 0.826043 0.563608
2328 0.995604 -0.0936392
2329 0.986049 -0.166455
2330 0.988932 -0.148388
2331 0.930413 0.366518
2332 0.982558 0.185937
2333 0.747224 0.664574
2334 0.991077 -0.133287
2335 0.88113 0.472874
2336 0.991877 -0.127203
2337 0.979722 -0.200362
2338 0.992471 -0.122483
2339 0.987402 -0.158234
2340 0.994165 0.107874
2341 0.972985 -0.230866
2342 0.951377 0.30804
2343 0.852429 -0.522851
2344 0.967499 -0.252877
2345 0.738485 -0.674267
2346 0.998889 -0.0470411
2347 0.875894 -0.482504
2348 0.947973 0.318358
2349 0.962925 -0.269772
2350 0.940718 -0.339181
2351 0.986214 0.165491
2352 0.997482 0.0709218
2353 0.99774 0.067187
2354 0.998527 -0.0541852
2355 0.986536 0.163543
2356 0.987735 -0.156127
2357 0.868916 0.494964
2358 0.996893 0.07875
2359 0.958367 0.28554
2360 0.86569 -0.50058
2361 0.946656 0.322254
2362 0.967966 -0.251058
2363 0.99691 0.0785215
2364 0.977775 0.209669
2365 0.865976 -0.500084
2366 0.955593 -0.294705
2367 0.917686 -0.397304
2368 0.991344 0.131334
2369 0.902468 -0.430757
2370 0.92458 0.380986
2371 0.917914 -0.396775
2372 0.888091 0.459665
2373 0.990004 -0.14105
2374 0.935176 0.354189
2375 0.999234 -0.0390646
2376 0.982742 0.184982
2377 0.999007 0.0445482
2378 0.985313 0.170736
2379 0.949173 -0.314759
2380 0.832962 0.553324
2381 0.977744 0.209782
2382 0.836283 0.548302
2383 0.957569 -0.288204
2384 0.978038 -0.208427
2385 0.990066 0.140589
2386 0.956021 -0.293298
2387 0.905301 0.424768
2388 0.908642 0.417569
2389 0.993136 -0.117005
2390 0.998575 0.0533712
2391 0.973342 0.229358
2392 0.910788 -0.412877
2393 0.849 0.528387
2394 0.993136 0.117005
2395 0.972194 0.234168
2396 0.996332 0.0855629
2397 0.999523 -0.0310749
2398 0.974961 0.222372
2399 0.862431 0.506181
2400 0.986367 0.164587
2401 0.996262 0.0864081
2402 0.995584 0.0938941
2403 0.999729 0.0233082
2404 0.945786 0.324799
2405 0.927447 -0.373968
2406 0.940484 0.339847
2407 0.996901 -0.0786325
2408 0.935146 0.354269
2409 0.998526 -0.0543079
2410 0.983935 -0.178538
2411 0.962144 -0.272529
2412 0.955756 -0.294166
2413 0.999241 -0.0390585
2414 0.995537 -0.0943448
2415 0.972193 0.234204
2416 0.992165 -0.124969
2417 0.996861 0.0791673
2418 0.972241 -0.233969
2419 0.946742 0.321988
2420 0.937417 -0.348214
2421 0.868507 0.49567
2422 0.964726 -0.263255
2423 0.998509 -0.0546128
2424 0.821175 -0.570671
2425 0.733674 0.679504
2426 0.952532 0.304444
2427 0.96204 0.272906
2428 0.985199 -0.171384
2429 0.891575 0.452872
2430 0.99849 -0.0548824
2431 0.997508 -0.0705837
2432 0.999989 0.00477754
2433 0.920651 -0.390379
2434 0.998688 -0.0511982
2435 0.921266 0.388934
2436 0.941816 0.336137
2437 0.985426 -0.170092
2438 0.99988 0.0156856
2439 0.993914 -0.110181
2440 0.948261 0.31749
2441 0.800444 -0.599403
2442 0.998886 0.047115
2443 0.360474 -0.932769
2444 0.845773 0.533544
2445 0.889941 -0.456075
2446 0.993998 0.109408
2447 0.992199 -0.124668
2448 0.92555 0.378626
2449 0.75344 0.657518
2450 0.975765 -0.218817
2451 0.772562 0.634941
2452 0.995628 0.0934513
2453 0.99848 -0.0551352
2454 0.953387 -0.301754
2455 0.934158 0.356872
2456 0.990295 -0.139009
2457 0.998495 -0.0547666
2458 0.999881 0.0156329
2459 0.921029 0.389482
2460 0.961808 -0.273706
2461 0.989968 0.141293
2462 0.998497 0.0548051
2463 0.9985 0.0547494
2464 0.99024 0.139396
2465 0.999969 0.00777053
2466 0.908193 0.418551
2467 0.850871 -0.525374
2468 0.999873 -0.0156256
2469 0.980884 -0.194574
2470 0.785783 0.618497
2471 0.975891 -0.218267
2472 0.864033 0.503433
2473 0.93554 -0.353232
2474 0.991151 -0.132755
2475 0.963009 -0.269469
2476 0.991194 0.132415
2477 0.985226 -0.171278
2478 0.99695 0.0780501
2479 0.99489 -0.100944
2480 0.998054 0.0624098
2481 0.891122 0.453759
2482 0.995655 -0.0931746
2483 0.859227 0.511588
2484 0.996912 0.0785338
2485 0.996942 0.0781659
2486 0.865116 0.501575
2487 0.965265 0.261257
2488 0.970458 -0.241258
2489 0.943881 0.330279
2490 0.999034 -0.0439494
2491 0.999968 -0.00784921
2492 0.93139 0.364024
2493 0.941545 -0.336893
2494 0.908502 0.417875
2495 0.872275 0.489018
2496 0.999506 0.0313673
