1 0.901917 -0.431902
2 0.880316 0.474388
3 0.962155 -0.272486
4 0.974956 0.222393
5 0.90849 -0.4179
6 0.998751 0.050048
7 0.983632 -0.180193
8 0.999961 0.0086695
9 0.945373 -0.325993
10 0.856295 0.516484
11 0.864431 -0.502748
12 0.948429 0.317005
13 0.844269 -0.535919
14 0.982709 -0.185137
15 0.986476 0.163909
16 0.849008 -0.52838
17 0.618097 0.786104
18 0.802531 -0.596611
19 0.983949 0.178462
20 0.887218 0.461349
21 0.965907 -0.258888
22 0.916727 -0.399513
23 0.941515 -0.336972
24 0.97908 0.203481
25 0.996289 -0.0861114
26 0.903545 -0.428483
27 0.998434 0.0558926
28 0.761594 -0.648061
29 0.998042 0.0625561
30 0.946358 0.323115
31 0.857272 0.514859
32 0.964673 0.263456
33 0.944127 -0.32957
34 0.992512 0.122121
35 0.929481 -0.368867
36 0.980474 0.196634
37 0.843757 -0.536725
38 0.983491 0.180939
39 0.913964 -0.405793
40 0.999902 0.0141839
41 0.968868 -0.247577
42 0.991503 -0.130092
43 0.557081 -0.83046
44 0.984231 0.176893
45 0.837544 -0.546378
46 0.951176 -0.308637
47 0.852712 -0.522383
48 0.957041 -0.289952
49 0.952034 0.306006
50 0.99359 -0.113076
51 0.879309 0.476244
52 0.956039 -0.293227
53 0.971286 0.237899
54 0.997607 0.0690882
55 0.958877 -0.283836
56 0.933586 -0.358352
57 0.990751 -0.13569
58 0.999998 0.0015674
59 0.959313 -0.282347
60 0.989681 -0.143262
61 0.993421 -0.114505
62 0.999756 0.0220558
63 0.788502 -0.615025
64 0.999679 0.0251605
65 0.981437 -0.191767
66 0.808881 0.587975
67 0.970216 0.24224
68 0.950881 -0.309558
69 0.998247 0.0592101
70 0.993085 0.117407
71 0.699237 -0.714887
72 0.799217 0.601038
73 0.738065 -0.674734
74 0.786203 -0.617968
75 0.974382 -0.224902
76 0.988436 0.151626
77 0.989442 -0.144918
78 0.997169 0.0751627
79 0.976431 -0.215849
80 0.962478 0.271366
81 0.852645 0.522483
82 0.992174 -0.124864
83 0.982009 0.188829
84 0.737807 -0.675013
85 0.997785 0.0665642
86 0.98053 -0.196347
87 0.799374 0.600836
88 0.983593 -0.180379
89 0.922675 0.385584
90 0.994062 -0.108799
91 0.951587 0.307389
92 0.945935 -0.32436
93 0.872519 0.488578
94 0.975337 -0.220704
95 0.801815 0.597572
96 0.7894 -0.613877
97 0.514745 -0.857343
98 0.995535 -0.0943979
99 0.994724 0.102598
100 0.944336 0.328972
101 0.989382 -0.145335
102 0.916694 0.39959
103 0.999688 -0.0251013
104 0.999978 -0.00626906
105 0.969324 -0.245783
106 0.951595 0.307342
107 0.911079 -0.412235
108 0.978165 0.207838
109 0.751528 -0.659704
110 0.999851 0.0173015
111 0.977199 0.212339
112 0.969802 -0.243886
113 0.96716 -0.254179
114 0.993543 -0.113467
115 0.923776 0.382936
116 0.954987 -0.296652
117 0.974763 0.223251
118 0.942129 0.335266
119 0.877632 -0.479335
120 0.800768 -0.598971
121 0.961416 0.275091
122 0.751552 -0.659674
123 0.955754 0.294177
124 0.672279 -0.740294
125 0.999515 -0.0312937
126 0.885913 -0.463854
127 0.988286 0.152634
128 0.999512 -0.0313427
129 0.993163 -0.116774
130 0.830262 0.557374
131 0.997584 0.0695284
132 0.979788 0.200025
133 0.993936 -0.109929
134 0.995274 0.097077
135 0.560349 -0.828256
136 0.84418 0.53606
137 0.817869 -0.575405
138 0.776035 0.630691
139 0.897815 0.440376
140 0.670754 0.741679
141 0.993729 -0.111823
142 0.900985 0.433847
143 0.653878 0.756598
144 0.828324 -0.56025
145 0.960398 0.278625
146 0.996514 -0.0834314
147 0.999993 -0.00390475
148 0.800904 -0.598789
149 0.995882 0.0907049
150 0.882532 -0.47025
151 0.999425 0.0338437
152 0.997343 -0.0728011
153 0.999128 0.0417468
154 0.871527 -0.490351
155 0.997547 0.0699927
156 0.999892 0.0149201
157 0.960636 0.277824
158 0.991644 0.129003
159 0.993848 -0.110741
160 0.961245 0.275704
161 0.998271 -0.0588581
162 0.729708 0.68376
163 0.844678 -0.535273
164 0.968553 0.248809
165 0.977361 -0.211571
166 0.970942 0.239323
167 0.998711 -0.0506669
168 0.891074 0.45386
169 0.990405 0.138165
170 0.934102 0.357008
171 0.972836 -0.231476
172 0.9996 -0.0282647
173 0.998467 -0.0554095
174 0.879547 0.475812
175 0.999994 0.00312695
176 0.970839 0.239733
177 0.892728 0.45059
178 0.997502 0.0706401
179 0.835565 0.549388
180 0.915194 -0.403004
181 0.994451 0.105147
182 0.999173 -0.0406136
183 0.997852 0.065577
184 0.999138 -0.0416217
185 0.99146 -0.130432
186 0.990565 -0.137059
187 0.941633 -0.33664
188 0.996553 -0.0829747
189 0.992028 0.126022
190 0.821079 -0.570816
191 0.999664 0.0258187
192 0.977945 0.208864
193 0.890111 0.455746
194 0.799087 0.601211
195 0.988539 -0.150993
196 0.883358 -0.468705
197 0.988833 -0.149023
198 0.954397 0.298525
199 0.905458 -0.424446
200 0.99976 -0.0217864
201 0.966223 0.257707
202 0.937823 0.347122
203 0.844255 -0.535944
204 0.933093 0.359633
205 0.963856 -0.266439
206 0.935589 -0.353092
207 0.968383 -0.249451
208 0.649394 -0.760449
209 0.93946 -0.34265
210 0.965636 -0.259894
211 0.610354 0.792127
212 0.992693 -0.120645
213 0.995194 -0.0979095
214 0.927363 -0.374159
215 0.978559 0.205955
216 0.992469 -0.122499
217 0.919265 0.393638
218 0.998334 0.0575954
219 0.85706 0.515215
220 0.942001 -0.335619
221 0.891976 -0.452089
222 0.938112 -0.346342
223 0.834956 0.550312
224 0.884043 0.467407
225 0.949765 -0.312975
226 0.940166 0.340723
227 0.970949 -0.239286
228 0.993862 -0.110618
229 0.90637 -0.422487
230 0.878345 0.478023
231 0.965193 -0.261544
232 0.861901 0.50707
233 0.96069 -0.277629
234 0.980603 0.196014
235 0.631679 -0.775231
236 0.730792 0.682605
237 0.963583 -0.267423
238 0.991641 -0.129016
239 0.772276 -0.635284
240 0.828731 0.559646
241 0.999487 0.0320196
242 0.947888 0.318595
243 0.931188 0.364548
244 0.927555 0.373679
245 0.658796 0.752321
246 0.86616 -0.499775
247 0.919058 0.394121
248 0.989079 0.14742
249 0.923369 0.383918
250 0.996924 0.0784071
251 0.889762 0.456426
252 0.998184 -0.0602603
253 0.976602 0.215056
254 0.978182 -0.207758
255 0.895129 -0.445807
256 0.966446 0.256872
257 0.959023 -0.283338
258 0.988827 0.149094
259 0.938546 -0.345152
260 0.994056 -0.108833
261 0.843798 -0.536655
262 0.977147 0.212552
263 0.981639 -0.190736
264 0.982889 0.184179
265 0.994843 -0.101424
266 0.998622 -0.0525367
267 0.791275 -0.611461
268 0.870724 0.491779
269 0.916748 -0.399464
270 0.948939 0.315445
271 0.983641 -0.180151
272 0.967365 0.253382
273 0.999401 -0.034557
274 0.983853 0.17898
275 0.99958 0.0288796
276 0.999257 -0.0386337
277 0.799612 0.600513
278 0.963501 -0.267708
279 0.984087 0.177687
280 0.983787 -0.179333
281 0.950853 0.309651
282 0.924748 -0.380583
283 0.96994 0.243358
284 0.953607 0.301044
285 0.942665 -0.333733
286 1 0.00155885
287 0.832097 0.554635
288 0.999398 0.0346932
289 0.881362 -0.472445
290 0.851244 0.524773
291 0.997939 0.0641625
292 0.825597 0.564258
293 0.999973 -0.0077899
294 0.989509 0.144512
295 0.995816 0.091331
296 0.905728 0.423861
297 0.999935 0.0109544
298 0.987392 -0.158297
299 0.959253 -0.282555
300 0.961895 0.273422
301 0.962381 -0.271708
302 0.943542 -0.331242
303 0.980105 -0.198473
304 0.947389 -0.320068
305 0.990583 0.136929
306 0.982263 -0.187496
307 0.996598 0.0824775
308 0.965731 -0.259533
309 0.999709 -0.0241127
310 0.99493 0.100521
311 0.943032 0.332705
312 0.986426 -0.164203
313 0.463616 0.886035
314 0.905636 0.424059
315 0.958053 0.28659
316 0.950981 -0.309238
317 0.848554 0.529103
318 0.914914 -0.403657
319 0.999975 0.00628927
320 0.839355 0.543582
321 0.92836 -0.371668
322 0.988072 0.154003
323 0.904867 -0.425683
324 0.966554 0.256449
325 0.997528 -0.0703083
326 0.844723 0.535207
327 0.973559 -0.228451
328 0.936062 0.351839
329 0.944664 -0.328054
330 0.660216 0.751072
331 0.783578 -0.621299
332 0.987603 0.156982
333 0.893745 -0.448585
334 0.825925 0.563788
335 0.969455 -0.245258
336 0.997841 0.0656722
337 0.984003 -0.178154
338 0.821277 -0.570528
339 0.99835 0.0575218
340 0.860502 0.509453
341 0.960986 0.276604
342 0.999933 -0.0118154
343 0.951214 0.30853
344 0.991839 -0.127506
345 0.99972 -0.0234445
346 0.999706 -0.0242599
347 0.910629 0.413227
348 0.955244 -0.295809
349 0.985625 0.168953
350 0.99998 -0.00696697
351 0.999424 -0.0340608
352 0.795207 0.606331
353 0.81832 -0.574761
354 0.852235 0.523161
355 0.926374 -0.37661
356 0.944281 -0.329129
357 0.991201 0.13235
358 0.853602 0.520919
359 0.990969 -0.134046
360 0.913948 0.405837
361 0.984125 0.177453
362 0.990121 0.140195
363 0.993015 -0.118011
364 0.99865 0.0520388
365 0.995734 -0.0922287
366 0.922336 0.386398
367 0.996003 0.0892903
368 0.78906 0.61432
369 0.999903 -0.0141282
370 0.994257 -0.107043
371 0.970659 -0.240474
372 0.907932 -0.419127
373 0.964297 0.26482
374 0.98324 -0.182314
375 0.941384 0.33735
376 0.998187 -0.0601372
377 0.952757 0.303736
378 0.987092 -0.160176
379 0.864184 0.503173
380 0.971544 -0.236863
381 0.959794 0.280697
382 0.999866 -0.0165869
383 0.951161 0.308697
384 0.910322 -0.4139
385 0.978369 -0.206861
386 0.991046 0.133538
387 0.964507 -0.264059
388 0.993054 0.11769
389 0.990387 0.138315
390 0.998427 0.0560056
391 0.704517 -0.709689
392 0.98761 0.156909
393 0.999941 -0.0108905
394 0.75383 0.657072
395 0.975203 0.221319
396 0.745128 0.666918
397 0.991891 -0.127112
398 0.986409 0.164332
399 0.936131 0.351659
400 0.951102 -0.308881
401 0.991381 0.131008
402 0.773515 -0.633783
403 0.977839 0.209378
404 0.995391 0.0959056
405 0.997534 0.0701549
406 0.999683 -0.0251803
407 0.921325 0.388792
408 0.999703 -0.0242846
409 0.976344 0.216249
410 0.999822 -0.0187988
411 0.897109 0.441807
412 0.997435 0.0716135
413 0.806998 0.590552
414 0.989081 -0.147361
415 0.997747 -0.0670836
416 0.982725 -0.185043
417 0.93365 -0.358182
418 0.983445 0.18122
419 0.969548 0.244888
420 0.902408 0.430881
421 0.906012 -0.423246
422 0.977502 0.210921
423 0.976281 -0.216519
424 0.776754 0.629801
425 0.894813 0.446435
426 0.95413 0.299387
427 0.962038 0.272903
428 0.876283 0.481803
429 0.997557 0.0698555
430 0.789722 0.613467
431 0.722391 -0.691483
432 0.952111 0.305752
433 0.974429 -0.224694
434 0.788561 -0.614955
435 0.839137 0.543928
436 0.999923 -0.012538
437 0.971568 0.236747
438 0.973703 0.227826
439 0.943059 0.33263
440 0.99903 0.0439347
441 0.977183 0.212416
442 0.996971 0.0777409
443 0.973031 0.230675
444 0.992245 -0.12427
445 0.947744 0.319037
446 0.996631 0.0819822
447 0.991611 0.129277
448 0.852495 0.52274
449 0.991569 -0.1296
450 0.984459 0.175593
451 0.895928 -0.444201
452 0.776127 0.630574
453 0.941108 -0.338108
454 0.931181 -0.36456
455 0.949324 -0.314284
456 0.999317 0.0368484
457 0.98216 0.188068
458 0.998996 0.0447538
459 0.989271 0.146089
460 0.912778 0.408464
461 0.997917 0.0644655
462 0.711069 0.703121
463 0.999719 -0.0235512
464 0.970792 0.239918
465 0.949586 0.313514
466 0.987448 -0.157954
467 0.935521 0.353269
468 0.998206 -0.0599322
469 0.991425 -0.130663
470 0.924711 -0.380674
471 0.974834 0.222934
472 0.998177 -0.0603075
473 0.967953 0.251122
474 0.950003 -0.312231
475 0.955889 0.29372
476 0.881299 -0.472554
477 0.974937 0.222494
478 1.00001 -0
479 0.992812 0.119706
480 0.999774 0.0211583
481 0.975885 0.218292
482 0.986161 0.1658
483 0.96976 -0.244082
484 0.941388 -0.337316
485 0.643154 -0.765736
486 0.967366 -0.25338
487 0.990943 -0.134255
488 0.995434 -0.0954376
489 0.963332 -0.268314
490 0.846759 0.53197
491 0.995294 0.0968714
492 0.836739 0.5476
493 0.985894 0.167385
494 0.966865 -0.25529
495 0.962536 -0.271142
496 0.840816 -0.541327
497 0.799816 0.600249
498 0.987779 0.155844
499 0.95318 0.302386
500 0.758766 -0.651363
501 0.992523 0.122077
502 0.952404 -0.304847
503 0.982067 -0.188552
504 0.999873 -0.0156427
505 0.91815 0.396233
506 0.997187 0.0749049
507 0.997547 -0.0699927
508 0.999411 0.0343574
509 0.982025 0.188766
510 0.765616 -0.643298
511 0.999863 0.0164055
512 0.994941 0.100451
513 0.964765 -0.263103
514 0.997595 0.0693119
515 0.99702 -0.0770848
516 0.931822 0.362913
517 0.983583 -0.18045
518 0.971627 0.236499
519 0.988683 0.150008
520 0.873255 0.48726
521 0.995801 -0.0915686
522 0.911753 0.41075
523 0.982671 -0.185367
524 0.976181 0.216952
525 0.954085 -0.299549
526 0.873073 0.487594
527 0.943793 0.330544
528 0.889683 0.45658
529 0.704284 0.70992
530 0.71333 -0.700827
531 0.975065 -0.221944
532 0.930217 -0.367015
533 0.97525 0.221127
534 0.982934 -0.183951
535 0.984131 -0.177468
536 0.969375 -0.245577
537 0.999108 0.0421747
538 0.684494 -0.729015
539 0.985512 -0.169605
540 0.959243 -0.282568
541 0.999176 0.0406453
542 0.886947 -0.461867
543 0.998287 0.0585139
544 0.989404 -0.145208
545 0.983222 -0.182424
546 0.991862 0.127303
547 0.990392 0.138316
548 0.835773 0.549075
549 0.897178 -0.441663
550 0.982435 -0.186612
551 0.985555 0.169356
552 0.940063 0.340991
553 0.740891 -0.671627
554 0.999942 -0.0107626
555 0.958866 -0.283856
556 0.682718 0.730682
557 0.866054 -0.499951
558 0.917615 0.397472
559 0.963199 -0.268776
560 0.963338 0.268269
561 0.949057 0.315094
562 0.872084 -0.489352
563 0.816377 0.577523
564 0.925862 0.377858
565 0.796564 0.604553
566 0.99845 0.0556121
567 0.996904 0.0785954
568 0.997882 -0.0651021
569 0.928665 0.37091
570 0.955498 0.294987
571 0.973374 0.229211
572 0.999701 0.024407
573 0.875321 0.483546
574 0.962661 0.270729
575 0.685845 0.727743
576 0.972551 -0.232688
577 0.949454 -0.313902
578 0.946114 -0.323832
579 0.997713 0.0675506
580 0.846461 0.532448
581 0.977389 -0.211442
582 0.910555 0.41338
583 0.880487 -0.474077
584 0.987495 0.157662
585 0.931019 -0.364975
586 0.999843 0.017916
587 0.495354 -0.868692
588 1 -0.00155897
589 0.79459 -0.607144
590 0.901387 -0.433019
591 0.830728 0.55668
592 0.908335 -0.418239
593 0.967921 0.251254
594 0.989842 0.142184
595 0.998745 0.0501903
596 0.989342 -0.145608
597 0.974606 -0.223921
598 0.93529 -0.353874
599 0.999486 0.0320357
600 0.920087 -0.391709
601 0.998003 0.0631532
602 0.748317 -0.663346
603 0.868087 0.496418
604 0.956197 -0.292714
605 0.990992 0.133926
606 0.987785 -0.155822
607 0.997422 0.0717559
608 0.962092 0.272726
609 0.866382 -0.499377
610 0.999604 0.0280774
611 0.998224 -0.0595252
612 0.891946 0.452148
613 0.995732 0.09227
614 0.975149 0.221555
615 0.999528 -0.0306074
616 0.999867 -0.0164569
617 0.763963 -0.645257
618 0.991162 -0.132621
619 0.810588 -0.585625
620 0.914173 0.40533
621 0.997605 -0.0691261
622 0.986956 0.161001
623 0.849769 -0.527156
624 0.984564 0.175024
625 0.999692 0.0248212
626 0.917821 -0.396997
627 0.674586 0.738194
628 0.992113 0.125337
629 0.929091 0.369855
630 0.99979 -0.0204067
631 0.707195 0.707016
632 0.916208 0.400709
633 0.886274 0.463158
634 0.956235 0.292605
635 0.893504 0.449059
636 0.994316 -0.106442
637 0.942884 0.333134
638 0.97908 -0.203496
639 0.975826 -0.21852
640 0.988946 0.148248
641 0.974539 -0.224219
642 0.944691 0.327969
643 0.965271 -0.261247
644 0.959274 -0.282475
645 0.853769 -0.52065
646 0.912378 -0.409343
647 0.862263 -0.506456
648 0.723439 0.690387
649 0.955214 -0.295917
650 0.931526 0.363671
651 0.890012 -0.455933
652 0.990378 -0.138391
653 0.81452 -0.580133
654 0.981298 0.192472
655 0.991053 0.133472
656 0.997091 0.0761892
657 0.869776 0.493449
658 0.861562 -0.507657
659 0.897316 0.44138
660 0.996357 -0.0853173
661 0.776467 0.630156
662 0.918414 0.39562
663 0.887685 0.460455
664 0.994867 -0.101148
665 0.769482 0.638669
666 0.984437 -0.175764
667 0.83056 0.55693
668 0.983678 -0.179954
669 0.976532 0.215381
670 0.387419 -0.921903
671 0.951129 -0.308784
672 0.672775 -0.739848
673 0.978661 -0.205508
674 0.489572 0.871963
675 0.996906 -0.0785634
676 0.922444 0.386137
677 0.971362 -0.237603
678 0.885199 0.465214
679 0.954064 -0.299591
680 0.907467 0.420126
681 0.977477 0.211052
682 0.966181 -0.25785
683 0.973212 -0.229898
684 0.882175 0.470914
685 0.967332 -0.253517
686 0.995236 0.0974828
687 0.96859 0.248653
688 0.908426 -0.418034
689 1 -0.00157109
690 0.968247 -0.24998
691 0.970583 -0.240756
692 0.840888 -0.541209
693 0.776013 0.630717
694 0.928514 -0.371296
695 0.999167 0.0408625
696 0.999997 -0.00157084
697 0.966377 0.25714
698 0.983575 0.180503
699 0.997839 -0.0657308
700 0.902099 -0.431536
701 0.997426 -0.0716642
702 0.945564 -0.325446
703 0.841644 0.540031
704 0.998829 -0.0484182
705 0.975987 -0.21783
706 0.915835 0.401545
707 0.970022 -0.242998
708 0.839425 0.543483
709 0.999779 0.0210922
710 0.911158 0.412052
711 0.792127 0.610359
712 0.967847 0.251545
713 0.981359 -0.192169
714 0.947195 0.320664
715 0.893417 -0.449237
716 0.960198 0.27931
717 1 0.000785546
718 0.893274 -0.449512
719 0.965388 -0.26082
720 0.994566 -0.104104
721 0.789294 0.614014
722 0.995458 -0.095224
723 0.99862 -0.0524965
724 0.995262 -0.0971928
725 0.999996 0.00155231
726 0.999972 0.00700656
727 0.992696 -0.120614
728 0.594534 -0.804069
729 0.997731 0.0673654
730 0.953697 -0.300755
731 0.649054 0.760738
732 0.990226 -0.139482
733 0.968857 0.2476
734 0.835849 -0.548961
735 0.998707 0.0508781
736 0.973051 0.230603
737 0.989796 0.142495
738 0.994933 0.100545
739 0.998658 -0.0518427
740 0.90432 0.426849
741 0.99889 -0.0471557
742 0.952046 -0.305955
743 0.808145 -0.58898
744 0.87928 0.4763
745 0.999258 -0.038476
746 0.883776 0.467909
747 0.997048 0.0767796
748 0.959094 0.283093
749 0.999966 -0.00781303
750 0.952246 0.305349
751 0.944445 -0.328675
752 0.977352 0.211647
753 0.904794 0.425852
754 0.982204 -0.187832
755 0.943695 0.330812
756 0.963718 -0.266923
757 0.998001 -0.0632382
758 0.982551 -0.185996
759 0.920162 0.391534
760 0.98351 -0.180868
761 0.994051 0.108885
762 0.971011 -0.239049
763 0.999986 0.00468017
764 0.940558 -0.339634
765 0.999476 -0.0322777
766 0.967806 0.251697
767 0.935298 0.35386
768 0.78666 0.617392
769 0.9626 -0.270938
770 0.987334 -0.158657
771 0.866549 -0.499091
772 0.990688 0.136161
773 0.999036 -0.0438453
774 0.967255 -0.253809
775 0.981868 -0.189565
776 0.861326 0.508053
777 0.950593 0.310444
778 0.957267 0.2892
779 0.805474 -0.592629
780 0.969028 -0.246934
781 0.970424 -0.241389
782 0.997699 -0.0678519
783 0.924313 0.38163
784 0.817808 -0.575492
785 0.980775 0.195141
786 0.932272 -0.361749
787 0.978183 0.207755
788 0.99522 0.0976577
789 0.860277 0.509827
790 0.940425 -0.34
791 0.950664 -0.31021
792 0.928837 -0.370498
793 0.790245 0.612794
794 0.953857 -0.300256
795 0.948023 0.318207
796 0.65741 -0.753535
797 0.826074 0.563557
798 0.998974 0.0452861
799 0.997326 -0.0731042
800 0.969067 0.24678
801 0.986044 -0.166482
802 0.956989 0.290123
803 0.878902 -0.47701
804 0.991529 -0.129884
805 0.782429 -0.622744
806 0.843389 0.537301
807 0.939465 -0.342653
808 0.842669 0.538427
809 1 0
810 0.653647 0.756801
811 0.9849 -0.173153
812 0.998291 -0.0583718
813 0.976361 -0.216145
814 0.832016 0.55475
815 0.88084 0.473416
816 0.990041 0.140775
817 0.985398 -0.170268
818 0.977142 -0.212588
819 0.986977 -0.16086
820 0.999611 -0.0278996
821 0.939464 -0.342642
822 0.983249 0.182289
823 0.968527 0.248928
824 0.99931 0.0371409
825 0.983047 0.183382
826 0.893521 -0.449023
827 0.994008 0.109325
828 0.972705 -0.232039
829 0.954932 0.296832
830 0.938059 -0.346465
831 0.993958 -0.109768
832 0.999583 -0.0289678
833 0.943017 -0.332744
834 0.91927 0.393626
835 0.994678 0.102995
836 0.96552 0.26033
837 0.995767 -0.0919112
838 0.934553 0.355824
839 0.984176 0.177198
840 0.829974 0.557802
841 0.915223 -0.402942
842 0.920284 -0.391244
843 0.926995 -0.375083
844 0.996173 -0.0874048
845 0.847594 -0.530638
846 0.979496 -0.201463
847 0.713284 -0.700877
848 0.996423 0.0845488
849 0.989747 -0.142803
850 0.683436 -0.730013
851 0.993545 -0.113437
852 0.944063 -0.329752
853 0.839119 0.543946
854 0.999836 0.01801
855 0.836182 -0.548445
856 0.842965 -0.53796
857 0.940824 0.338897
858 0.993427 0.114497
859 0.810345 0.585955
860 0.975868 -0.218332
861 0.998642 -0.0521086
862 0.916615 0.39976
863 0.650198 -0.759764
864 0.999862 -0.0165966
865 0.999038 0.0439371
866 0.934295 0.356504
867 0.974711 -0.223471
868 0.977021 0.213143
869 0.654962 -0.755662
870 0.905188 0.425022
871 0.996349 -0.0854044
872 0.984867 0.173309
873 0.897168 -0.441685
874 0.901388 -0.433018
875 0.931023 -0.364955
876 0.946387 0.323036
877 0.978967 0.204013
878 0.948 -0.318276
879 0.953085 0.302702
880 0.995992 0.0894462
881 0.993119 0.117108
882 0.89486 -0.446357
883 0.889281 0.457362
884 0.97434 0.22508
885 0.587065 0.809537
886 0.989073 0.147459
887 0.772764 0.634693
888 0.833707 -0.55221
889 0.998963 0.0455241
890 0.946577 -0.322489
891 0.836972 0.547249
892 0.939714 -0.341956
893 0.862323 0.50636
894 0.999839 0.0180241
895 0.943442 0.331527
896 0.933146 -0.359491
897 0.95862 -0.284676
898 0.950103 0.311923
899 0.757221 -0.653158
900 0.587894 0.808937
901 0.964146 -0.265374
902 0.980725 0.195417
903 0.965567 -0.260151
904 0.989103 0.147224
905 0.958972 -0.283489
906 0.999551 -0.0299167
907 0.969455 -0.245258
908 0.931793 0.362997
909 0.735031 -0.678035
910 0.945251 -0.326343
911 0.980255 0.197725
912 0.973785 -0.227471
913 0.940858 -0.338802
914 0.97141 0.237415
915 0.998161 0.0606148
916 0.951481 -0.307709
917 0.974216 0.225618
918 0.957231 -0.289327
919 0.983362 0.181664
920 0.97887 -0.204487
921 0.96494 0.262479
922 0.859796 -0.510641
923 0.862494 0.506069
924 0.99529 -0.0969014
925 0.928204 0.372069
926 0.976722 0.214503
927 0.962696 0.270575
928 0.999657 0.0261853
929 0.897276 -0.44147
930 0.999599 0.0283135
931 0.888791 -0.458314
932 0.970785 0.239953
933 0.993955 -0.109788
934 0.996049 -0.0887626
935 0.987368 -0.158455
936 0.995979 -0.089567
937 0.999628 0.0273211
938 0.971801 0.23579
939 0.97732 -0.211738
940 0.904981 -0.425449
941 0.834912 -0.550389
942 0.760497 0.649345
943 0.993824 -0.110991
944 0.978999 0.203861
945 0.921388 0.388641
946 0.968831 -0.247735
947 0.868111 0.496371
948 0.992981 -0.118278
949 0.89055 -0.454888
950 0.977605 -0.210448
951 0.996535 0.0831704
952 0.970731 -0.240149
953 0.999412 -0.0343413
954 0.997589 0.06942
955 0.93852 0.34522
956 0.950586 -0.310467
957 0.976909 -0.213655
958 0.625862 -0.779934
959 0.413606 -0.910455
960 0.998723 -0.0505617
961 0.999948 -0.0100684
962 0.980033 0.198845
963 0.918099 -0.39636
964 0.997477 0.0710049
965 0.922877 -0.385082
966 0.730035 0.683408
967 0.924757 -0.38056
968 0.980619 0.195939
969 0.992775 -0.120017
970 0.982416 0.186684
971 0.870412 -0.492324
972 0.983491 0.180953
973 0.968516 -0.248938
974 0.991499 -0.13013
975 0.999704 -0.0243173
976 0.999515 0.0311529
977 0.942133 0.335248
978 0.999658 0.0260633
979 0.999199 0.0399923
980 0.643909 -0.765102
981 0.981367 -0.19215
982 0.559625 -0.828744
983 0.888654 -0.458573
984 0.830311 0.5573
985 0.949199 -0.314672
986 0.972021 0.234906
987 0.981555 0.191175
988 0.994951 0.100373
989 0.956263 -0.292509
990 0.88769 -0.460441
991 0.93165 0.363355
992 0.985356 -0.170508
993 0.926241 -0.376925
994 0.772488 -0.635029
995 0.969928 -0.243395
996 0.847235 0.531223
997 0.997464 -0.0711437
998 0.979659 0.200653
999 0.95527 -0.295734
1000 0.983696 0.179815
1001 0.999695 -0.0246897
1002 0.930216 0.367026
1003 0.877404 -0.479744
1004 0.958782 0.284127
1005 0.952679 0.303977
1006 0.972112 -0.234531
1007 0.809212 0.58752
1008 0.98338 -0.181561
1009 0.479759 -0.8774
1010 0.994602 -0.103765
1011 0.967093 0.25442
1012 0.998217 0.0597389
1013 0.938208 0.346069
1014 0.820723 -0.571326
1015 0.997005 0.0773852
1016 0.984624 0.17467
1017 0.923521 0.38354
1018 0.916179 -0.40076
1019 0.995559 0.0941384
1020 0.908849 -0.417136
1021 0.83431 0.55129
1022 0.967134 0.254266
1023 0.973043 -0.230625
1024 0.967473 0.25297
1025 0.98525 -0.171115
1026 0.85851 0.512795
1027 0.876703 -0.481035
1028 0.999683 -0.0251614
1029 0.857127 -0.515112
1030 0.977566 0.210634
1031 0.982531 -0.186111
1032 0.928994 -0.370096
1033 0.932032 -0.362372
1034 0.990962 -0.134137
1035 0.936327 -0.351125
1036 0.987668 0.156561
1037 0.940868 -0.338774
1038 0.9061 0.423064
1039 0.869359 -0.494189
1040 0.999982 -0.00625974
1041 0.966707 0.255888
1042 0.991382 0.13103
1043 0.633969 0.77336
1044 0.981906 0.18934
1045 0.926265 0.376876
1046 0.964221 -0.265116
1047 0.99774 0.0671359
1048 0.92717 -0.374633
1049 0.882282 0.470726
1050 0.931878 0.362772
1051 0.975626 -0.21943
1052 0.984355 -0.176173
1053 0.683379 0.730066
1054 0.880275 0.474464
1055 0.999974 -0.00773387
1056 0.988698 0.149892
1057 0.973812 0.227353
1058 0.917795 -0.397054
1059 0.92104 -0.38947
1060 0.994113 0.108376
1061 0.997115 0.0759026
1062 0.975727 0.218973
1063 0.567121 -0.823633
1064 0.998916 0.0465055
1065 0.981749 -0.190176
1066 0.998963 0.0455527
1067 0.994343 0.10617
1068 0.99469 0.102931
1069 0.984486 -0.17547
1070 0.967321 0.253555
1071 0.839133 0.543924
1072 0.950301 0.311348
1073 0.991296 0.131652
1074 0.951872 -0.306498
1075 0.987102 -0.160092
1076 0.996527 -0.0832219
1077 0.957978 0.286831
1078 0.891635 -0.452749
1079 0.957583 -0.288165
1080 0.970321 0.241816
1081 0.866471 -0.49923
1082 0.988205 -0.153132
1083 0.981428 0.19183
1084 0.979879 -0.199593
1085 0.983032 0.183416
1086 0.999957 0.00860911
1087 0.978035 0.20846
1088 0.969551 -0.244881
1089 0.816581 0.577233
1090 0.331159 0.943576
1091 0.995572 0.0940216
1092 0.865397 0.501082
1093 0.99935 0.036014
1094 0.955337 0.295509
1095 0.843038 -0.537857
1096 0.949795 -0.312875
1097 0.618659 -0.785657
1098 0.932143 0.3621
1099 0.999995 -0.000780031
1100 0.999285 -0.0377564
1101 0.88262 -0.470089
1102 0.999406 -0.0343681
1103 0.941429 0.337217
1104 0.884899 -0.465783
1105 0.977088 -0.212838
1106 0.999547 -0.0299677
1107 0.807045 0.590489
1108 0.947735 -0.319063
1109 0.882417 0.47046
1110 0.956695 -0.291084
1111 0.99733 0.0729781
1112 0.892752 -0.450542
1113 0.99263 0.121166
1114 0.838564 -0.544799
1115 0.964322 0.264733
1116 0.924707 0.380679
1117 0.877353 0.479847
1118 0.998242 -0.0592251
1119 0.893335 -0.449385
1120 0.91766 0.397364
1121 0.99986 0.0167831
1122 0.981925 -0.189269
1123 0.976471 -0.215648
1124 0.999868 0.0162536
1125 0.993023 -0.117904
1126 0.976246 0.216666
1127 0.986724 -0.162395
1128 0.763744 -0.645526
1129 0.9686 0.248642
1130 0.99405 0.108904
1131 0.636101 -0.771606
1132 0.99926 0.0384579
1133 0.991318 0.131497
1134 0.736371 0.67658
1135 0.925169 -0.379543
1136 0.999446 -0.0334567
1137 0.590067 0.807354
1138 0.9472 -0.320634
1139 0.989432 0.144988
1140 0.937403 -0.348249
1141 0.998957 -0.0456172
1142 0.994405 -0.105635
1143 0.926409 0.37653
1144 0.997119 -0.075815
1145 0.870541 0.492105
1146 0.957755 0.287596
1147 0.968097 0.25056
1148 0.912878 -0.408232
1149 0.999625 -0.0274906
1150 0.993947 -0.109844
1151 0.807807 -0.589443
1152 0.999975 0.00707541
1153 0.842286 0.539035
1154 0.94109 -0.338171
1155 0.952559 -0.304348
1156 0.954767 0.297336
1157 0.994574 0.104023
1158 0.63692 0.770933
1159 0.964121 -0.265451
1160 0.791079 0.611721
1161 0.999145 0.0413695
1162 0.806185 0.591659
1163 0.94887 -0.315666
1164 0.802207 -0.59705
1165 0.881064 0.472993
1166 0.939425 -0.342749
1167 0.990503 0.137475
1168 0.996402 -0.0847684
1169 0.971499 0.237042
1170 0.995318 0.0966904
1171 0.970129 -0.24259
1172 0.997345 -0.0728211
1173 0.863626 0.504135
1174 0.964864 -0.262769
1175 0.971905 0.235353
1176 0.961907 -0.273376
1177 0.858232 -0.513254
1178 0.998349 -0.0574797
1179 0.99259 -0.1215
1180 0.815289 -0.579054
1181 0.67177 0.740758
1182 0.997504 0.0706415
1183 0.986938 0.161103
1184 0.969021 0.246978
1185 0.952589 -0.304262
1186 0.82088 0.571099
1187 0.952989 -0.302998
1188 0.887194 0.461397
1189 0.999412 -0.0343413
1190 0.999273 -0.0380637
1191 0.838842 -0.544378
1192 0.961201 -0.275832
1193 0.900445 -0.434976
1194 0.999848 -0.0173083
1195 0.935704 -0.352787
1196 0.989584 0.143933
1197 0.997177 -0.075104
1198 0.985014 -0.172481
1199 0.88485 0.465865
1200 0.965376 0.260863
1201 0.954364 0.298643
1202 0.993521 -0.113617
1203 0.81463 0.579982
1204 0.98705 -0.160436
1205 0.969578 0.244801
1206 0.998515 -0.0544007
1207 0.974178 0.225766
1208 0.908037 -0.418894
1209 0.999704 0.0243552
1210 0.999707 0.0242903
1211 0.935282 -0.35391
1212 0.990956 -0.1342
1213 0.991293 -0.131705
1214 0.948345 0.317248
1215 0.965502 -0.260388
1216 0.998572 -0.0534415
1217 0.915483 -0.402348
1218 0.969976 0.243208
1219 0.911066 -0.412268
1220 0.95917 0.282839
1221 0.608803 -0.793322
1222 0.840074 -0.542474
1223 0.999723 -0.0235161
1224 0.962508 0.271266
1225 0.960814 0.277187
1226 0.993555 0.113335
1227 0.933976 0.357345
1228 0.902568 0.430551
1229 0.958265 -0.285882
1230 0.857448 0.514567
1231 0.991563 -0.129608
1232 0.850544 0.5259
1233 0.883081 0.469221
1234 0.567183 -0.823594
1235 0.996166 0.0874254
1236 0.912219 -0.409703
1237 0.883429 0.468563
1238 0.863491 -0.50436
1239 0.992916 -0.118835
1240 0.980866 -0.19468
1241 0.871326 0.490701
1242 0.995642 -0.0932898
1243 0.851269 0.524729
1244 0.922893 -0.385057
1245 0.982113 0.188312
1246 0.92004 -0.391815
1247 0.986468 0.163948
1248 0.999928 -0.0116007
1249 0.99289 0.119073
1250 0.988643 -0.15031
1251 0.89772 -0.440565
1252 0.991025 0.133659
1253 0.95559 0.294711
1254 0.737143 0.675737
1255 0.997553 0.0698829
1256 0.897682 0.440649
1257 0.989321 -0.145779
1258 0.990635 0.13655
1259 0.966207 0.257765
1260 0.593042 -0.805174
1261 0.999746 -0.0227645
1262 0.607705 -0.794162
1263 0.976962 -0.213409
1264 0.992717 -0.120466
1265 0.928969 0.370168
1266 0.998266 0.0587981
1267 0.940657 0.339367
1268 0.977127 0.212659
1269 0.903849 0.427857
1270 0.688264 -0.725456
1271 0.908025 0.418917
1272 0.718913 0.6951
1273 0.998905 0.0468612
1274 0.992538 0.121907
1275 0.941978 0.335685
1276 0.984214 0.177008
1277 0.966733 0.255784
1278 0.989334 -0.145655
1279 0.996254 -0.0864686
1280 0.96516 0.261678
1281 0.987327 0.158688
1282 0.942346 0.334638
1283 0.996971 -0.0777409
1284 0.992127 0.125238
1285 0.99962 -0.0275772
1286 0.99685 0.0792924
1287 0.947264 -0.320454
1288 0.727966 0.685612
1289 0.820842 -0.571154
1290 0.904096 0.427329
1291 0.916045 -0.401074
1292 0.994252 -0.107046
1293 0.999149 0.0412332
1294 0.794468 -0.607306
1295 0.871528 0.490351
1296 0.97379 0.227447
1297 0.893052 0.449954
1298 0.964907 -0.262589
1299 0.960999 0.276556
1300 0.965638 -0.259897
1301 0.999819 0.0187185
1302 0.955168 -0.296066
1303 0.967033 0.254661
1304 0.842898 -0.53807
1305 0.952621 0.304178
1306 0.92791 -0.372791
1307 0.999848 0.0174578
1308 0.997526 -0.0702973
1309 0.969563 0.244843
1310 0.918395 0.395662
1311 0.544008 -0.83908
1312 0.934838 0.355063
1313 0.924427 -0.381355
1314 0.988037 0.154214
1315 0.999585 -0.0287562
1316 0.943416 0.331613
1317 0.997614 0.0690773
1318 0.989186 0.146678
1319 0.89841 -0.439156
1320 0.980022 0.198874
1321 0.992281 0.124005
1322 0.999622 0.0273424
1323 0.940876 0.338742
1324 0.996421 0.0845299
1325 0.993599 0.112999
1326 0.960027 0.27991
1327 0.923895 -0.382651
1328 0.956587 0.291451
1329 0.793067 0.609133
1330 0.913293 -0.407303
1331 0.968344 0.249616
1332 0.720072 -0.693899
1333 0.999878 -0.0156122
1334 0.897726 -0.44056
1335 0.997675 0.0681631
1336 0.974345 -0.22504
1337 0.991116 0.132983
1338 0.936215 -0.351431
1339 0.924567 0.381022
1340 0.992163 0.124961
1341 0.856717 0.515783
1342 0.985573 -0.169244
1343 0.998209 0.0598061
1344 0.902786 -0.430084
1345 0.892608 -0.45084
1346 0.928784 -0.370636
1347 0.783536 -0.621345
1348 0.862799 0.505545
1349 0.952872 -0.30338
1350 0.992528 0.121985
1351 0.984628 -0.174669
1352 0.95817 0.286193
1353 0.955134 -0.296186
1354 0.972684 0.232139
1355 0.992807 -0.119763
1356 0.98113 -0.193336
1357 0.887861 0.460117
1358 0.948672 -0.31626
1359 0.999997 0.00390929
1360 0.991617 -0.129217
1361 0.981599 0.190937
1362 0.980472 0.196673
1363 0.974841 0.222882
1364 0.979818 0.199886
1365 0.992014 0.126139
1366 0.997719 0.0675204
1367 0.992011 -0.126179
1368 0.944796 -0.327666
1369 0.95982 -0.280612
1370 0.992384 0.123205
1371 0.616375 0.787455
1372 0.995478 -0.0949973
1373 0.92349 0.383619
1374 0.949129 0.314897
1375 0.968093 0.25058
1376 0.932247 -0.36183
1377 0.853675 -0.520805
1378 0.919055 0.394129
1379 0.992187 -0.124765
1380 0.95453 0.298122
1381 0.84601 -0.533173
1382 0.991683 0.128742
1383 0.904088 -0.427346
1384 0.918181 0.396157
1385 0.996862 0.0791312
1386 0.987141 0.15983
1387 0.822049 -0.569418
1388 0.999997 0.00250328
1389 0.902938 -0.429772
1390 0.971009 -0.239023
1391 0.962096 0.272711
1392 0.988907 -0.148539
1393 0.971674 0.236325
1394 0.956214 -0.292668
1395 0.884855 0.465869
1396 0.993614 -0.112794
1397 0.99964 0.0268161
1398 0.854091 -0.520117
1399 0.924508 0.381151
1400 0.99954 0.0303246
1401 0.937387 0.348296
1402 0.93342 -0.358792
1403 0.998002 -0.0632431
1404 0.811974 0.58369
1405 0.999153 -0.0411437
1406 0.886213 0.463284
1407 0.999947 0.0103267
1408 0.996942 0.0781659
1409 0.939892 -0.341484
1410 0.995241 -0.0974338
1411 0.88105 -0.473018
1412 0.966619 0.256225
1413 0.998259 0.0589923
1414 0.998417 0.056211
1415 0.924074 -0.382224
1416 0.995512 0.0945899
1417 0.983919 0.178611
1418 0.729868 0.683591
1419 0.982996 0.183634
1420 0.561553 0.827442
1421 0.952025 0.306021
1422 0.904267 0.426975
1423 0.937765 -0.347267
1424 0.87035 -0.492436
1425 0.998665 -0.0517411
1426 0.990025 -0.140918
1427 0.997332 -0.0729895
1428 0.925927 -0.377696
1429 0.984441 0.175718
1430 0.973733 -0.227696
1431 0.985141 0.171755
1432 0.99662 0.082119
1433 0.977716 -0.209919
1434 0.826974 -0.562245
1435 0.990332 0.138718
1436 0.99997 -0.00771822
1437 0.962366 0.271755
1438 0.892464 -0.451119
1439 0.611616 -0.791157
1440 0.915937 -0.401324
1441 0.691024 -0.722831
1442 0.999875 -0.0156748
1443 0.855824 -0.517261
1444 0.976589 -0.215112
1445 0.85455 -0.519367
1446 0.980667 -0.195701
1447 0.915829 -0.401573
1448 0.999258 -0.0384308
1449 0.981041 -0.193787
1450 0.998558 -0.0536452
1451 0.900373 0.435123
1452 0.752398 -0.658709
1453 0.765634 0.643279
1454 0.869282 0.494319
1455 0.85733 0.514768
1456 0.949228 0.314582
1457 0.762614 -0.646855
1458 0.923327 0.384006
1459 0.889215 -0.457488
1460 0.874081 -0.485776
1461 0.999999 0
1462 0.992832 -0.11952
1463 0.826915 0.562327
1464 0.998368 0.0571245
1465 0.925481 0.378798
1466 0.892499 0.45104
1467 0.898393 0.439191
1468 0.999199 0.0399923
1469 0.928805 -0.370571
1470 0.974161 0.225851
1471 0.623139 0.782112
1472 0.808923 0.587917
1473 0.484926 -0.874556
1474 0.942055 0.335462
1475 0.911911 0.410392
1476 0.999575 0.0290382
1477 0.861687 -0.507437
1478 0.999098 0.0424732
1479 0.941397 -0.337303
1480 0.999948 -0.0101799
1481 0.512567 -0.858645
1482 0.999611 0.0279026
1483 0.940408 -0.340054
1484 0.969133 -0.246537
1485 0.860532 -0.509396
1486 0.797514 -0.603302
1487 0.872797 -0.488083
1488 0.994437 -0.10533
1489 0.965635 -0.259915
1490 0.999989 -0.00391526
1491 0.97908 -0.20349
1492 0.958687 -0.284451
1493 0.99319 -0.116487
1494 0.751829 -0.659354
1495 0.90466 0.426129
1496 0.900318 -0.435236
1497 0.972333 0.233612
1498 0.999471 0.0325084
1499 0.952035 0.305978
1500 0.841885 0.539655
1501 0.988374 -0.152068
1502 0.999837 -0.0180425
1503 0.953826 -0.300354
1504 0.996135 -0.0878035
1505 0.775848 0.630914
1506 0.949999 0.312254
1507 0.999265 -0.0382448
1508 0.993952 -0.109814
1509 0.97003 -0.24297
1510 0.999586 0.0287873
1511 0.913376 -0.407117
1512 0.904375 0.426735
1513 0.730167 0.683268
1514 0.919131 -0.393954
1515 0.959962 -0.280139
1516 0.996998 0.0773858
1517 0.999974 -0.00629223
1518 0.998906 -0.04681
1519 0.954203 -0.299167
1520 0.995005 0.0998301
1521 0.979543 -0.201249
1522 0.902433 -0.430832
1523 0.996152 -0.0876594
1524 0.999338 -0.0364259
1525 0.979828 0.199861
1526 0.998781 0.049314
1527 0.99206 -0.125743
1528 0.962661 -0.270729
1529 0.999235 0.0391135
1530 0.708476 -0.705734
1531 0.987032 -0.160523
1532 0.88825 -0.459359
1533 0.991411 -0.130784
1534 0.938733 -0.344651
1535 0.879661 -0.475598
1536 0.900134 -0.435615
1537 0.901092 -0.433622
1538 0.876194 0.48196
1539 0.999746 0.0227128
1540 0.99709 0.076225
1541 0.940392 0.3401
1542 0.897754 0.440502
1543 0.863951 -0.503577
1544 0.994782 -0.101995
1545 0.914392 -0.404826
1546 0.907265 0.420565
1547 0.96782 0.251621
1548 0.993106 -0.117206
1549 0.998874 0.0474342
1550 0.549413 -0.83555
1551 0.91689 -0.39913
1552 0.815605 -0.578609
1553 0.811553 -0.584281
1554 0.8418 -0.539784
1555 0.950888 -0.309551
1556 0.943126 -0.332438
1557 0.993278 0.115715
1558 0.831181 -0.556005
1559 0.884871 0.465827
1560 0.875045 -0.484041
1561 0.998928 0.0462903
1562 0.99896 -0.0455706
1563 0.997514 -0.0704733
1564 0.97917 -0.203033
1565 0.768015 -0.640432
1566 0.996305 -0.0859015
1567 0.94055 -0.339664
1568 0.977716 0.209919
1569 0.920478 0.3908
1570 0.943965 0.330052
1571 0.952271 -0.305241
1572 0.997632 0.0688021
1573 0.874973 -0.48417
1574 0.999569 -0.0295217
1575 0.945847 0.324611
1576 0.840852 0.541257
1577 0.964372 0.264563
1578 0.978622 0.205657
1579 0.98775 0.15604
1580 0.837661 0.546185
1581 0.805863 -0.592098
1582 0.792238 -0.610216
1583 0.998583 0.0532071
1584 1 -0.000332277
1585 0.87783 0.478975
1586 0.91007 -0.414463
1587 0.993158 -0.116819
1588 0.897714 -0.440588
1589 0.986541 0.163526
1590 0.923403 -0.383822
1591 0.896383 0.443276
1592 0.992991 -0.118201
1593 0.908899 0.417018
1594 0.888655 -0.458572
1595 0.975626 -0.21942
1596 0.96647 0.256793
1597 0.980863 -0.194724
1598 0.999714 0.023762
1599 0.891357 -0.453298
1600 0.999515 -0.0312399
1601 0.985252 0.171093
1602 0.633929 -0.77339
1603 0.840178 0.542307
1604 0.998333 0.0577176
1605 0.975014 -0.222142
1606 0.927733 0.373243
1607 0.938463 0.34538
1608 0.978846 0.204587
1609 0.997598 -0.0692661
1610 0.996964 0.0778074
1611 0.990219 0.139525
1612 0.991169 0.13259
1613 0.9149 0.403688
1614 0.951005 0.309186
1615 0.988834 -0.149015
1616 0.943442 0.331527
1617 0.992211 0.124571
1618 0.968038 0.250805
1619 0.98527 0.171013
1620 0.97576 0.218825
1621 0.858715 0.512455
1622 0.839065 -0.544036
1623 0.999506 0.0313673
1624 0.999878 0.0157103
1625 0.697926 0.716171
1626 0.996957 -0.0779832
1627 0.911341 0.411659
1628 0.99319 0.116552
1629 0.96883 0.247732
1630 0.966965 0.254911
1631 0.75781 0.652478
1632 0.971982 -0.235076
1633 1 0
1634 0.977828 -0.209424
1635 0.842086 -0.539346
1636 0.854152 0.520027
1637 0.991039 -0.133566
1638 0.974247 0.225491
1639 0.768803 -0.639481
1640 0.913264 0.407361
1641 0.958073 -0.286542
1642 0.933916 -0.357479
1643 0.996297 -0.0859769
1644 0.979561 -0.20113
1645 0.964852 0.262793
1646 0.983944 0.178455
1647 0.879135 0.476571
1648 0.999724 0.02345
1649 0.962808 0.270204
1650 0.998509 -0.0546128
1651 0.998521 -0.0544218
1652 0.946519 -0.322643
1653 0.916021 0.401142
1654 0.934557 -0.355821
1655 0.876387 0.481604
1656 0.956438 -0.291941
1657 0.82523 0.564794
1658 0.88045 -0.474138
1659 0.899833 0.436232
1660 0.999508 -0.0312082
1661 0.998051 -0.0623563
1662 0.987636 0.156756
1663 0.90962 0.415435
1664 0.952046 0.305955
1665 0.970388 0.24155
1666 0.965001 0.262252
1667 0.970694 -0.240333
1668 0.99802 0.0629002
1669 0.999728 -0.0233623
1670 0.974415 0.224764
1671 0.999232 -0.0390829
1672 0.999874 -0.0157598
1673 0.995628 -0.0933918
1674 0.974292 0.225283
1675 0.999879 -0.0156488
1676 0.953823 -0.30036
1677 0.997528 0.0703083
1678 0.933197 -0.359374
1679 0.898128 -0.439733
1680 0.987975 0.154614
1681 0.979514 0.20137
1682 0.934375 -0.356292
1683 0.92624 -0.376936
1684 0.962844 -0.270051
1685 0.913942 -0.40585
1686 0.883364 -0.468685
1687 0.945433 0.325809
1688 0.938879 -0.344247
1689 0.99987 -0.0158196
1690 0.893775 0.448522
1691 0.866489 0.499194
1692 0.929569 0.368658
1693 0.977924 0.208944
1694 0.962875 0.269936
1695 0.978008 -0.20856
1696 0.998061 -0.0622787
1697 0.994067 0.10878
1698 0.923624 -0.383307
1699 0.996968 0.0777772
1700 0.95277 -0.303695
1701 0.989449 -0.144883
1702 0.960077 0.279735
1703 0.962798 0.270224
1704 0.998487 0.0549384
1705 0.994796 -0.101924
1706 0.992227 -0.124407
1707 0.891212 -0.453594
1708 0.987959 0.154703
1709 0.75388 -0.65701
1710 0.912198 0.409755
1711 0.993969 0.109682
1712 0.903316 0.428975
1713 0.994867 -0.101227
1714 0.991099 -0.133138
1715 0.920162 0.391544
1716 0.992223 0.124475
1717 0.932982 0.359911
1718 0.978992 -0.203902
1719 0.999967 0.00780023
1720 0.935471 -0.353391
1721 0.987779 0.155844
1722 0.991086 -0.133242
1723 0.982339 0.187104
1724 0.980903 0.194499
1725 0.91266 0.408723
1726 0.996266 -0.0863004
1727 0.999509 0.0313182
1728 0.980753 -0.195253
1729 0.989962 0.141335
1730 0.932571 0.361
1731 0.680856 -0.732419
1732 0.987743 -0.156114
1733 0.965627 -0.259932
1734 0.920331 0.391135
1735 0.985111 -0.171904
1736 0.940832 0.338874
1737 0.980622 0.195937
1738 0.929081 0.369876
1739 0.999722 0.023542
1740 0.775543 -0.631294
1741 0.976154 0.217092
1742 0.991091 -0.13317
1743 0.970753 0.240093
1744 0.979652 -0.200714
1745 0.983926 0.178579
1746 0.942609 0.333898
1747 0.819515 0.573064
1748 0.995634 0.09337
1749 0.20255 0.979272
1750 0.600516 -0.799611
1751 0.983332 -0.181822
1752 0.999222 -0.0393349
1753 0.90884 0.41714
1754 0.986484 -0.163846
1755 0.97611 0.217293
1756 0.999967 0.0078222
1757 0.938523 0.345211
1758 0.838719 -0.544561
1759 0.962947 0.269692
1760 0.959803 0.280685
1761 0.783903 -0.620886
1762 0.958077 0.286499
1763 0.997526 0.0702534
1764 0.999729 -0.023417
1765 0.97753 0.210806
1766 0.912562 0.408944
1767 0.976512 0.215485
1768 0.977775 -0.209669
1769 0.999721 -0.0235272
1770 0.798927 0.601423
1771 0.979386 0.202015
1772 0.994778 0.1021
1773 0.808307 -0.588755
1774 0.966757 0.255692
1775 0.991149 0.132724
1776 0.990407 -0.138182
1777 0.988958 0.14821
1778 0.905248 -0.42489
1779 0.964253 0.26497
1780 0.972305 0.233707
1781 0.669342 0.742956
1782 0.879188 -0.476474
1783 0.982463 -0.186454
1784 0.749994 -0.661449
1785 0.812912 0.582393
1786 0.845373 -0.534177
1787 0.983899 -0.178731
1788 0.998035 -0.0626835
1789 0.975846 0.21846
1790 0.999508 0.031279
1791 0.99313 -0.117051
1792 0.998475 -0.0552374
1793 0.986509 0.163693
1794 0.976077 0.217443
1795 0.994863 0.101274
1796 0.818797 0.574081
1797 0.970801 0.239891
1798 0.869633 -0.493698
1799 0.911694 -0.410871
1800 0.957678 0.287838
1801 0.979211 -0.202829
1802 0.9985 -0.0547837
1803 0.921628 -0.388071
1804 0.963736 0.266858
1805 0.862846 -0.505468
1806 0.960589 0.277972
1807 0.949434 -0.313978
1808 0.999242 0.0389915
1809 0.944571 0.328302
1810 0.991112 -0.133033
1811 0.999971 -0.00780632
1812 0.92905 -0.369959
1813 0.981111 0.193452
1814 0.898441 -0.439093
1815 0.980753 0.195253
1816 0.982368 -0.186959
1817 0.791293 0.611435
1818 0.868614 -0.495494
1819 0.999507 -0.0315156
1820 0.985059 0.172212
1821 0.970647 -0.240517
1822 0.964838 0.262853
1823 0.938218 0.346041
1824 0.996927 -0.0783494
1825 0.996922 0.078396
1826 0.958065 0.286541
1827 0.966378 0.257117
1828 0.867659 0.497163
1829 0.974607 -0.223904
1830 0.894327 -0.447411
1831 0.897643 -0.44073
1832 0.97446 -0.224574
1833 0.750107 -0.661322
1834 0.933346 -0.358972
1835 0.938144 0.34625
1836 0.877551 -0.479481
1837 0.998011 -0.0629447
1838 0.998501 0.054788
1839 0.98117 0.193155
1840 0.960328 -0.278885
1841 0.953361 0.301823
1842 0.9379 0.346902
1843 0.899046 0.437848
1844 0.992206 -0.12463
1845 0.983862 0.178938
1846 0.99921 -0.0397066
1847 0.924793 0.38047
1848 0.974303 -0.225248
1849 0.872767 0.488144
1850 0.999191 -0.0402257
1851 0.953279 0.302092
1852 0.858598 -0.512646
1853 0.988841 -0.148956
1854 0.866101 -0.499871
1855 0.946351 0.32313
1856 0.99206 -0.125743
1857 0.999501 0.0315404
1858 0.993903 0.110268
1859 0.999875 -0.0156366
1860 0.827674 0.561204
1861 0.868614 -0.495494
1862 1 0
1863 0.991064 0.133347
1864 0.998911 -0.0467116
1865 0.996927 -0.0783494
1866 0.891962 -0.452119
1867 0.958077 0.286499
1868 0.999875 0.0155394
1869 0.890952 -0.454088
1870 0.769046 0.639187
1871 0.967015 -0.254716
1872 0.993303 0.115534
1873 0.846651 0.532149
1874 0.948801 -0.315886
1875 0.915381 0.402593
1876 0.940967 -0.338504
1877 0.96678 -0.255611
1878 0.95124 -0.30846
1879 0.906922 0.421308
1880 0.758369 -0.651823
1881 0.999964 0.00783384
1882 0.684077 -0.72941
1883 0.999511 -0.0313771
1884 0.984798 -0.173707
1885 0.938161 -0.346198
1886 0.979242 0.202703
1887 0.919823 -0.392334
1888 0.992054 0.125792
1889 0.964702 -0.263336
1890 0.848393 0.529372
1891 0.953972 -0.299882
1892 0.874176 0.48561
1893 0.924988 0.379992
1894 0.857722 0.514113
1895 0.923702 -0.383107
1896 0.999966 -0.00791506
1897 0.996223 -0.0868311
1898 0.998479 0.05522
1899 0.94597 0.324253
1900 0.805837 0.592138
1901 0.972484 -0.232979
1902 0.89675 0.442541
1903 0.992133 -0.125184
1904 0.964726 0.263255
1905 0.929157 0.369682
1906 0.996299 0.0859636
1907 0.928246 0.371977
1908 0.994838 -0.101464
1909 0.711489 0.702694
1910 0.998037 -0.062654
1911 0.889086 0.457742
1912 0.853327 -0.521381
1913 0.977595 -0.21048
1914 0.940068 -0.340981
1915 0.981892 -0.189452
1916 0.966757 -0.255692
1917 0.980603 -0.196014
1918 0.985382 0.170355
1919 0.977734 -0.20983
1920 0.957822 0.287375
1921 0.999729 -0.023409
1922 0.944109 0.329627
1923 0.971169 -0.238381
1924 0.945611 0.325307
1925 0.99849 -0.0549858
1926 0.999512 -0.0313231
1927 0.956054 -0.293183
1928 0.986476 0.163922
1929 0.997494 0.0707001
1930 0.993138 0.116923
1931 0.99993 -0.0118306
1932 0.914567 -0.404434
1933 0.999997 0
1934 0.972739 -0.231891
1935 0.970717 -0.240241
1936 0.983761 0.179466
1937 0.986757 0.162208
1938 0.989042 0.147608
1939 0.811695 0.584079
1940 0.956065 -0.293161
1941 0.891462 0.453101
1942 0.997479 0.070906
1943 0.988932 -0.148388
1944 0.853837 -0.520542
1945 0.999969 -0.00792573
1946 0.983899 -0.178758
1947 0.898984 0.437976
1948 0.955681 -0.294406
1949 0.98976 0.142741
1950 0.890023 -0.455908
1951 0.958593 0.28476
1952 0.991111 -0.133035
1953 0.993988 -0.109493
1954 0.947586 0.319512
1955 0.982558 0.185951
1956 0.974133 0.225979
1957 0.960604 0.277908
1958 0.816586 0.577224
1959 0.948535 -0.316669
1960 0.922306 0.38646
1961 0.998893 -0.0469675
1962 0.829462 0.558569
1963 0.993988 0.109493
1964 0.876844 -0.480776
1965 0.987779 0.155844
1966 0.980663 0.195709
1967 0.904319 -0.42685
1968 0.985926 0.167183
1969 0.938201 -0.346088
1970 0.869474 -0.493975
1971 0.999878 -0.0156101
1972 0.999876 -0.0156259
1973 0.899101 0.437747
1974 0.954132 0.299384
1975 0.89988 0.436135
1976 0.994836 0.101535
1977 0.975626 0.219437
1978 0.989644 0.143542
1979 0.985078 0.172111
1980 0.937505 0.347977
1981 0.977829 -0.209394
1982 0.998137 -0.0610164
1983 0.854812 -0.518938
1984 0.620374 0.784306
1985 0.964941 0.262452
1986 0.74733 0.664453
1987 0.994859 0.101243
1988 0.991026 0.133671
1989 0.823508 -0.56731
1990 0.980754 -0.195238
1991 0.962748 -0.270389
1992 0.968867 0.247581
1993 0.944037 -0.329832
1994 0.982647 -0.185485
1995 0.995428 -0.0955601
1996 0.987684 0.156463
1997 0.974512 0.224333
1998 0.980743 0.195299
1999 0.955878 -0.293763
2000 0.97753 -0.210806
2001 0.982643 0.185522
2002 0.989175 0.146744
2003 0.912689 0.408644
2004 0.974089 -0.226154
2005 0.900781 0.434267
2006 0.968186 -0.250223
2007 0.992128 0.125252
2008 0.991342 -0.131293
2009 0.918575 0.395254
2010 0.951748 0.306878
2011 0.993058 -0.117627
2012 0.976219 0.216809
2013 0.959803 -0.280685
2014 0.9023 -0.431102
2015 0.945552 0.325471
2016 0.881917 -0.47141
2017 0.922129 0.386887
2018 0.970152 0.242512
2019 0.981082 -0.193602
2020 0.981567 0.191118
2021 0.977977 0.208704
2022 0.767201 0.641407
2023 0.984104 0.177594
2024 0.869791 0.493417
2025 0.999877 -0.0156378
2026 0.756686 0.653783
2027 0.857612 0.514294
2028 0.977797 -0.20954
2029 0.993924 -0.110095
2030 0.984808 -0.173632
2031 0.944558 0.328344
2032 0.883834 -0.467806
2033 0.900261 0.435353
2034 0.923583 -0.383392
2035 0.95012 -0.31189
2036 0.923037 -0.384712
2037 0.998492 -0.0548223
2038 0.914737 -0.404046
2039 0.994018 0.109229
2040 0.979334 0.202265
2041 0.743974 0.668214
2042 0.982568 -0.185908
2043 0.935703 -0.352782
2044 0.926958 -0.375164
2045 0.997473 -0.0710682
2046 0.970588 -0.240758
2047 0.981111 0.193452
2048 0.983825 0.179118
2049 0.847173 -0.531323
2050 0.964675 0.263456
2051 0.997541 0.070144
2052 0.990089 0.14048
2053 0.966707 -0.255888
2054 0.992485 0.122369
2055 0.961149 -0.27603
2056 0.983825 0.179118
2057 0.996934 0.0782269
2058 0.861162 0.508331
2059 0.943269 0.332029
2060 0.999997 0
2061 0.975414 0.220362
2062 0.958275 -0.285844
2063 0.95397 0.299905
2064 0.944759 -0.327766
2065 0.914298 0.405045
2066 0.888181 -0.459493
2067 0.998473 0.0551724
2068 0.947578 -0.319517
2069 0.761561 0.648097
2070 0.977775 -0.209669
2071 0.891777 0.452478
2072 0.9466 0.322409
2073 0.954727 0.297483
2074 0.949546 -0.313624
2075 0.992025 0.126059
2076 0.622365 0.782727
2077 0.852992 -0.521929
2078 0.771302 0.63647
2079 0.912445 -0.409199
2080 0.943783 0.330566
2081 0.999972 0.0077893
2082 0.996279 0.0861991
2083 0.985365 -0.170473
2084 0.928073 0.37239
2085 0.996903 -0.0786448
2086 0.951296 0.308273
2087 0.844686 0.535259
2088 0.870548 0.492088
2089 0.696764 -0.717303
2090 0.917426 -0.397909
2091 0.972693 -0.232087
2092 0.995621 0.0934135
2093 0.911924 -0.410357
2094 0.981228 0.192859
2095 0.970844 -0.239714
2096 0.859015 0.511953
2097 0.924748 0.380583
2098 0.953776 -0.30052
2099 0.994759 0.10226
2100 0.999965 -0.00781242
2101 0.996257 0.0863681
2102 0.993598 0.112973
2103 0.863053 0.505113
2104 0.999881 0.0155273
2105 0.78617 0.618005
2106 0.968432 0.249259
2107 0.825915 0.563793
2108 0.96383 0.266527
2109 0.928686 -0.37088
2110 0.753034 -0.657978
2111 0.991196 -0.132415
2112 0.955313 -0.295585
2113 0.972594 0.232525
2114 0.985398 0.170299
2115 0.91173 -0.410792
2116 0.927247 0.374452
2117 0.9852 0.171424
2118 0.988902 0.148585
2119 0.999969 -0.00777476
2120 0.952028 0.306011
2121 0.998905 -0.0468612
2122 0.993944 -0.109905
2123 0.932569 0.36099
2124 0.999729 -0.0233769
2125 0.990017 0.140929
2126 0.999504 -0.0314908
2127 0.653449 0.756967
2128 0.953713 -0.300719
2129 0.995631 -0.0933482
2130 0.990348 0.138607
2131 0.995578 -0.0939393
2132 0.89217 -0.451694
2133 0.904069 0.427384
2134 0.982558 0.18598
2135 0.868596 0.495529
2136 0.996253 0.086531
2137 0.931475 0.363797
2138 0.877197 -0.480123
2139 0.559669 0.828718
2140 0.860028 -0.510245
2141 0.99947 -0.0325624
2142 0.905247 -0.424881
2143 0.881312 0.472543
2144 0.996734 -0.0807589
2145 0.924393 -0.38143
2146 0.858245 0.513245
2147 0.776116 -0.630592
2148 0.890448 0.455079
2149 0.995884 0.0906332
2150 0.966021 0.258462
2151 0.999971 -0.00791757
2152 0.91229 0.409544
2153 0.906505 -0.422191
2154 0.960366 0.278757
2155 0.891462 -0.453101
2156 0.977839 0.209346
2157 0.940354 -0.340208
2158 0.997551 0.0698719
2159 0.972624 -0.232372
2160 0.880445 0.474148
2161 0.989973 -0.141253
2162 0.974344 0.225087
2163 0.854399 0.519624
2164 0.998885 -0.0472526
2165 0.924047 0.382287
2166 0.920365 -0.391048
2167 0.894127 0.447802
2168 0.907548 0.419941
2169 0.996883 -0.0789612
2170 0.901574 -0.432616
2171 0.798 0.602656
2172 0.939095 0.343664
2173 0.996302 0.0859167
2174 0.869932 0.493172
2175 0.882282 -0.470726
2176 0.831353 -0.55575
2177 0.999215 -0.0395058
2178 0.991196 -0.132415
2179 0.962746 0.27041
2180 0.850476 0.526011
2181 0.811154 -0.584834
2182 0.999225 -0.0392485
2183 0.905554 -0.424229
2184 0.992 0.126238
2185 0.968819 0.24777
2186 0.922301 0.386471
2187 0.999972 -0.007882
2188 0.960368 0.278736
2189 0.99804 -0.0625855
2190 0.851111 0.524995
2191 0.991451 -0.130479
2192 0.999768 -0.0215387
2193 0.997419 -0.071797
2194 0.847366 -0.531011
2195 0.943442 0.331527
2196 0.965103 -0.261853
2197 0.724102 0.689692
2198 0.856059 0.516878
2199 0.973999 0.226553
2200 0.989497 -0.144551
2201 0.924479 0.381233
2202 0.926449 -0.376429
2203 0.944232 0.329288
2204 0.98527 -0.171013
2205 0.78554 0.618811
2206 0.96489 -0.262652
2207 0.930679 0.365837
2208 0.99988 0.0156856
2209 0.972487 -0.232947
2210 0.587231 0.809423
2211 0.826243 -0.56332
2212 0.970365 0.241655
2213 0.980743 -0.195299
2214 0.99997 -0.00782342
2215 0.983743 -0.179591
2216 0.966597 0.25628
2217 0.98377 -0.179438
2218 0.79347 0.608612
2219 0.922328 0.386414
2220 0.950458 -0.310868
2221 0.83722 0.546861
2222 0.99558 -0.0938806
2223 0.999997 0
2224 0.796969 -0.604025
2225 0.999972 -0.00785106
2226 0.991145 -0.132807
2227 0.998884 0.0471965
2228 0.99115 0.132745
2229 0.99212 0.125272
2230 0.825965 -0.563716
2231 0.96012 0.279589
2232 0.975038 0.222018
2233 0.785816 0.618456
2234 0.980972 -0.194154
2235 0.778596 0.627525
2236 0.999634 -0.0270618
2237 0.994358 0.10608
2238 0.987613 -0.156915
2239 0.968609 0.24859
2240 0.889881 0.456193
2241 0.99722 0.0745106
2242 0.963048 -0.269329
2243 0.956414 -0.292007
2244 0.92392 0.382586
2245 0.855621 -0.517611
2246 0.912154 0.409845
2247 0.806299 -0.591508
2248 0.998899 0.0469153
2249 0.99693 0.0782978
2250 0.969071 0.246787
2251 0.987804 -0.155723
2252 0.993978 -0.109579
2253 0.994838 -0.101464
2254 0.861371 0.507972
2255 0.994779 0.10202
2256 0.97962 0.200862
2257 0.977617 0.2104
2258 0.986008 0.166693
2259 0.999506 0.031252
2260 0.912698 -0.408641
2261 0.970905 -0.239467
2262 0.631894 -0.775055
2263 0.979488 0.201517
2264 0.940746 0.339104
2265 0.965997 0.258542
2266 0.832705 0.553719
2267 0.914596 0.404375
2268 0.878248 0.478207
2269 0.912305 -0.409514
2270 0.89816 -0.439669
2271 0.988955 -0.14825
2272 0.955557 0.294795
2273 0.999878 -0.0157016
2274 0.998907 0.0467844
2275 0.797579 -0.603219
2276 0.876612 0.48119
2277 0.88456 -0.466426
2278 0.837966 0.545728
2279 0.988962 0.148192
2280 0.738565 0.674181
2281 0.976587 -0.21514
2282 0.855174 0.518345
2283 0.888279 -0.4593
2284 0.99998 0.00637584
2285 0.966926 0.25506
2286 0.713116 0.701046
2287 0.859575 -0.51101
2288 0.91189 0.410448
2289 0.990116 -0.140253
2290 0.980664 -0.195701
2291 0.873782 0.486317
2292 0.987764 -0.155965
2293 0.981517 0.191374
2294 0.964005 -0.265884
2295 0.998014 -0.0629992
2296 0.969057 -0.246839
2297 0.976252 -0.216643
2298 0.692775 -0.721152
2299 0.994915 0.100679
2300 0.968588 0.248684
2301 0.788414 0.615147
2302 0.990039 0.140808
2303 0.998025 0.0628015
2304 0.844121 -0.536157
2305 0.587391 -0.809302
2306 0.972667 0.232221
2307 0.877025 -0.480439
2308 0.957954 0.286936
2309 0.960887 -0.276938
2310 0.988924 0.148423
2311 0.979499 -0.201471
2312 0.964763 0.263134
2313 0.966347 -0.257248
2314 0.920665 0.39035
2315 0.998476 -0.0552417
2316 0.9985 0.0547152
2317 0.999505 -0.0313648
2318 0.999997 0
2319 0.9333 0.359106
2320 0.870969 -0.491338
2321 0.978009 -0.208544
2322 0.977701 -0.210009
2323 0.992229 -0.124436
2324 0.968783 -0.247903
2325 0.975858 0.218402
2326 0.997472 0.071058
2327 0.932196 0.361966
2328 0.882714 -0.469908
2329 0.993838 -0.110838
2330 0.993183 0.11657
2331 0.93567 0.352888
2332 0.999966 0.00777778
2333 0.988565 0.150795
2334 0.860039 -0.510227
2335 0.972579 -0.232573
2336 0.993275 0.115776
2337 0.981799 -0.189926
2338 0.998701 -0.0509525
2339 0.904726 -0.425994
2340 0.99278 -0.119947
2341 0.448349 -0.893859
2342 0.880024 0.474925
2343 0.924974 -0.38002
2344 0.833254 0.552893
2345 0.999723 -0.0234353
2346 0.998037 -0.062654
2347 0.894655 -0.44676
2348 0.970553 0.240887
2349 0.895297 -0.445464
2350 0.997526 0.0702534
2351 0.980603 0.196014
2352 0.837447 0.546518
2353 0.850826 0.525449
2354 0.965099 0.261889
2355 0.943206 0.332204
2356 0.920795 0.390055
2357 0.998491 0.0549669
2358 0.912183 -0.409785
2359 0.948758 0.315998
2360 0.462426 -0.886656
2361 0.917338 0.398101
2362 0.84582 -0.53347
2363 0.965808 0.259245
2364 0.989034 -0.147653
2365 0.905029 0.425348
2366 0.684219 0.729278
2367 0.983761 -0.179508
2368 0.785622 0.618702
2369 0.892825 -0.450392
2370 0.996977 0.0776685
2371 0.990164 -0.139925
2372 0.938695 0.344745
2373 0.998514 0.0544981
2374 0.733098 0.680124
2375 0.823076 -0.567933
2376 0.998427 0.0560648
2377 0.927823 0.373022
2378 0.98389 0.178772
2379 0.974224 -0.225578
2380 0.90574 0.423826
2381 0.884685 -0.466191
2382 0.998016 0.0629645
2383 0.808788 -0.588101
2384 0.992662 0.120919
2385 0.962168 0.272466
2386 0.93704 -0.349222
2387 0.910305 0.41394
2388 0.930252 -0.366928
2389 0.935573 0.353126
2390 0.991079 -0.133277
2391 0.999604 -0.0281441
2392 0.999219 -0.0395152
2393 0.948535 -0.316669
2394 0.8746 -0.484851
2395 0.982454 0.186526
2396 0.876085 -0.482157
2397 0.956146 0.292894
2398 0.777762 -0.628562
2399 0.910511 0.413488
2400 0.958917 0.283685
2401 0.983769 -0.17945
2402 0.909065 0.416666
2403 0.940989 -0.33844
2404 0.999507 0.0313133
2405 0.998868 0.0474915
2406 0.96485 0.262813
2407 0.977764 0.209717
2408 0.999966 -0.00783937
2409 0.636705 -0.771108
2410 0.999876 -0.0156905
2411 0.976078 -0.217427
2412 0.83868 0.54462
2413 0.979065 -0.203554
2414 0.993977 0.10957
2415 0.992217 0.124523
2416 0.860825 -0.508908
2417 0.823317 0.567583
2418 0.944514 0.328474
2419 0.914106 0.405484
2420 0.824924 -0.565247
2421 0.987565 0.157235
2422 0.999999 0
2423 0.989108 0.147163
2424 0.948703 -0.316165
2425 0.927585 0.373607
2426 0.940932 -0.338593
2427 0.983807 0.179215
2428 0.977239 -0.212153
2429 0.968698 0.248246
2430 0.964498 0.264103
2431 0.897815 0.440376
2432 0.997353 0.0727116
2433 0.830241 -0.557407
2434 0.999184 0.0403794
2435 0.995565 -0.0941232
2436 0.90506 0.425286
2437 0.999969 0.00781853
2438 0.819344 0.573298
2439 0.747838 -0.66388
2440 0.999044 -0.0437121
2441 0.998032 -0.0627523
2442 0.779336 0.626611
2443 0.835854 -0.548949
2444 0.998037 -0.062654
2445 0.980903 -0.194499
2446 0.891292 0.45343
2447 0.953685 -0.300815
2448 0.975672 -0.219234
2449 0.861591 -0.507602
2450 0.785353 -0.619044
2451 0.978134 0.207996
2452 0.972666 -0.232206
2453 0.974153 0.225906
2454 0.937725 -0.347373
2455 0.912455 0.409184
2456 0.9629 -0.269854
2457 0.977775 0.209685
2458 0.968432 -0.249259
2459 0.900734 0.434363
2460 0.944371 -0.328893
2461 0.901352 0.433091
2462 0.964702 -0.263336
2463 0.844638 -0.535334
2464 0.931031 0.364942
2465 0.990046 0.140754
2466 0.997516 0.0704347
2467 0.999871 0.016044
2468 0.986658 0.162771
2469 0.539069 -0.842262
2470 0.710596 0.703603
2471 0.998035 0.0626442
2472 0.993899 -0.11032
2473 0.856319 -0.51644
2474 0.97622 0.216792
2475 0.99992 -0.0126211
2476 0.999966 0.00821165
2477 0.884593 -0.466359
2478 0.999968 0.00783568
2479 0.951799 -0.30674
2480 0.999509 0.0313182
2481 0.996987 0.0776204
2482 0.794812 -0.606859
2483 0.962632 0.270802
2484 0.907221 0.420654
2485 0.956414 0.292007
2486 0.960118 -0.279611
2487 0.890257 -0.455454
2488 0.727823 -0.685766
2489 0.645009 0.764172
2490 0.946871 0.321614
2491 0.975648 0.219335
2492 0.906041 -0.423189
2493 0.921628 0.388071
2494 0.986757 -0.162183
2495 0.839149 -0.543898
2496 0.974572 -0.224075
