1 0.984469 -0.175555
2 0.857171 -0.515037
3 0.608721 -0.793385
4 0.944015 0.329901
5 0.9543 -0.298853
6 0.999773 0.0211566
7 0.700227 -0.713921
8 0.966337 -0.257265
9 0.909253 -0.416235
10 0.948804 0.31586
11 0.994753 -0.102333
12 0.967414 -0.253181
13 0.999213 0.0397461
14 0.889045 -0.457813
15 0.996933 0.0782759
16 0.979757 -0.200192
17 0.93598 -0.352044
18 0.930687 -0.365818
19 0.979823 -0.199844
20 0.999927 -0.0120749
21 0.985039 -0.172335
22 0.410432 -0.911891
23 0.950065 0.312051
24 0.802644 -0.596453
25 0.641127 -0.767434
26 0.921366 -0.388702
27 0.998855 0.047862
28 0.989637 0.143595
29 0.976348 -0.216193
30 0.964701 -0.263355
31 0.954545 -0.298053
32 0.979756 0.200192
33 0.814672 -0.579925
34 0.972714 0.232016
35 0.999029 0.0440107
36 0.948268 0.317459
37 0.952798 -0.303605
38 0.984445 0.175721
39 0.770581 -0.637342
40 0.772465 0.635055
41 0.636519 -0.77126
42 0.984945 0.172852
43 0.862355 -0.506308
44 0.961987 0.273095
45 0.87422 -0.485541
46 0.813029 -0.582219
47 0.719358 -0.694634
48 0.993683 -0.112227
49 0.953555 -0.301211
50 0.948922 -0.315518
51 0.900994 0.433825
52 0.904785 -0.425855
53 0.956167 -0.292809
54 0.9202 -0.391452
55 0.994821 -0.101692
56 0.741934 -0.670474
57 0.935575 0.353121
58 0.94244 -0.334379
59 0.962565 -0.271071
60 0.933647 0.358194
61 0.771268 -0.636506
62 0.993265 0.115866
63 0.995168 -0.0981553
64 0.959367 0.282173
65 0.985081 -0.172083
66 0.985616 0.169005
67 0.856235 -0.516586
68 0.842661 -0.538443
69 0.990421 -0.138066
70 0.89031 0.455362
71 0.810577 -0.585629
72 0.98109 -0.193561
73 0.976599 0.215052
74 0.977903 0.209057
75 0.941592 -0.336741
76 0.84515 -0.534523
77 0.962682 -0.270637
78 0.999137 -0.0413974
79 0.909341 -0.416046
80 0.949161 0.314788
81 0.975188 0.22137
82 0.988475 -0.151391
83 0.719286 0.694711
84 0.769262 -0.638937
85 0.999691 0.0247652
86 0.909298 -0.416151
87 0.648214 -0.761459
88 0.928849 -0.370461
89 0.793656 -0.608362
90 0.931897 -0.362725
91 0.992705 -0.120605
92 0.921504 -0.388355
93 0.979157 0.203094
94 0.985547 -0.169376
95 0.990884 0.134695
96 0.980294 -0.197561
97 0.916045 -0.401074
98 0.982488 0.186327
99 0.924061 -0.382243
100 0.984899 0.173105
101 0.822971 -0.568084
102 0.983575 -0.180489
103 0.846372 0.53259
104 0.900226 0.435426
105 0.85305 -0.52183
106 0.999985 0.00542339
107 0.8964 -0.443241
108 0.995974 -0.0896646
109 0.99911 -0.0422044
110 0.787148 -0.616772
111 0.988639 -0.150336
112 0.941311 -0.33755
113 0.927385 0.374105
114 0.985921 -0.167196
115 0.871539 -0.490316
116 0.823813 -0.566867
117 0.921768 0.38775
118 0.939608 -0.342265
119 0.983864 -0.178916
120 0.797382 -0.603481
121 0.949096 0.315002
122 0.947257 0.320486
123 0.999241 0.0389217
124 0.976702 -0.214609
125 0.794747 0.606938
126 0.997834 0.0658338
127 0.999586 0.0288571
128 0.891974 0.452076
129 0.997378 -0.0723091
130 0.995962 0.0897803
131 0.998225 -0.0595615
132 0.75065 0.660698
133 0.930216 -0.367026
134 0.977576 0.210596
135 0.802577 -0.596546
136 0.979161 0.203084
137 0.935755 -0.352657
138 0.98643 0.164195
139 0.997304 -0.0734275
140 0.971303 0.237841
141 0.986792 -0.162004
142 0.90841 0.418085
143 0.703503 0.710688
144 0.995225 -0.0976111
145 0.988605 -0.150544
146 0.992803 0.119776
147 0.990516 -0.137363
148 0.859732 -0.510755
149 0.996458 -0.0840625
150 0.87819 -0.478311
151 0.987491 0.157706
152 0.987919 -0.15496
153 0.978057 -0.208339
154 0.885544 -0.46455
155 0.989857 0.142041
156 0.86634 -0.499457
157 0.954987 -0.296647
158 0.988646 0.150266
159 0.998938 0.0459873
160 0.581165 0.813784
161 0.759559 -0.650443
162 0.997647 -0.0685409
163 0.9945 0.104796
164 0.992345 -0.123471
165 0.954432 -0.298417
166 0.999793 0.0203524
167 0.992863 0.119297
168 0.969415 0.245434
169 0.922347 -0.386363
170 0.724335 0.689446
171 0.980444 0.196816
172 0.9115 0.411312
173 0.978612 0.205701
174 0.983214 0.182487
175 0.986106 -0.16614
176 0.999969 -0.00781853
177 0.897815 0.440376
178 0.98647 -0.163944
179 0.874771 0.484532
180 0.980069 -0.198643
181 0.785849 0.618417
182 0.992842 -0.119459
183 0.99563 0.0934143
184 0.974275 -0.225352
185 0.804734 -0.593642
186 0.90915 -0.416458
187 0.988141 -0.153525
188 0.79126 -0.611478
189 0.986468 0.163948
190 0.978011 -0.208538
191 0.98912 0.147136
192 0.979919 -0.199409
193 0.921677 -0.387956
194 0.940576 -0.339592
195 0.998648 0.0520163
196 0.984991 0.172591
197 0.972217 -0.234083
198 0.981999 0.188887
199 0.917072 -0.398729
200 0.999364 0.0357509
201 0.993111 -0.117178
202 0.999747 -0.0227004
203 0.894149 -0.447757
204 0.999899 0.0141973
205 0.914448 0.404703
206 0.489523 -0.871993
207 0.999605 -0.0281102
208 0.999957 -0.00937047
209 0.998495 0.0548652
210 0.850022 -0.526744
211 0.998713 -0.0508066
212 0.996936 -0.0781842
213 0.823337 0.567548
214 0.913414 -0.407037
215 0.666515 0.74549
216 0.99108 -0.133305
217 0.885788 0.464089
218 0.93306 -0.359727
219 0.776363 0.630286
220 0.99984 0.0179132
221 0.857056 0.515218
222 0.849521 0.527559
223 0.819049 0.573727
224 0.712419 0.701758
225 0.79576 -0.605613
226 0.976525 0.215416
227 0.992386 0.123163
228 0.948029 0.318179
229 0.997986 -0.063337
230 0.994052 0.10887
231 0.996828 -0.0796015
232 0.93043 0.366471
233 0.98573 -0.168337
234 0.973359 -0.229274
235 0.927357 -0.374191
236 0.978548 -0.206031
237 0.870966 -0.491344
238 0.895323 0.44541
239 0.985686 -0.168587
240 0.990315 0.138839
241 0.986901 -0.161328
242 0.964454 0.264255
243 0.990567 0.137055
244 0.99999 0.00391664
245 0.882494 0.470319
246 0.902305 -0.431094
247 0.828721 0.559662
248 0.925346 -0.379126
249 0.723259 0.690579
250 0.69876 -0.715359
251 0.994419 0.105552
252 0.994881 -0.101064
253 0.99997 0.00779294
254 0.994819 -0.10163
255 0.913291 -0.407317
256 0.998427 0.0560056
257 0.980046 0.198781
258 0.651747 0.758436
259 0.990604 -0.13674
260 0.85546 0.517859
261 0.998032 -0.0626344
262 0.917097 0.398667
263 0.958682 0.284466
264 0.481172 0.876626
265 0.935051 -0.354517
266 0.972415 0.233268
267 0.98958 -0.143985
268 0.945783 0.324793
269 0.999892 0.0148781
270 0.932736 0.360555
271 0.895375 0.445305
272 0.985667 -0.168691
273 0.999484 0.032126
274 0.982084 -0.188458
275 0.988713 0.149816
276 0.968153 -0.250378
277 0.919432 0.393254
278 0.910733 -0.412996
279 0.996741 -0.0806947
280 0.924575 -0.38099
281 0.981625 0.190806
282 0.884977 -0.465634
283 0.99824 0.0592932
284 0.796306 -0.604892
285 0.998866 -0.0476379
286 0.760507 -0.649324
287 0.950057 -0.312065
288 0.963188 -0.268816
289 0.844641 -0.535339
290 0.94098 0.338456
291 0.965319 -0.261065
292 0.996774 0.0802439
293 0.9994 0.0346577
294 0.984277 0.176635
295 0.877857 -0.478924
296 0.978989 -0.203915
297 0.991735 -0.128289
298 0.99926 -0.0384611
299 0.956725 -0.291001
300 0.999063 -0.0433206
301 0.967451 -0.253054
302 0.986053 0.166466
303 0.990858 -0.134906
304 0.993475 0.114059
305 0.992322 0.123666
306 0.852311 0.52304
307 0.76333 0.646003
308 0.968154 -0.250349
309 0.187651 0.982235
310 0.999083 -0.0427849
311 0.888118 0.459622
312 0.986547 -0.163453
313 0.97445 0.224591
314 0.867643 -0.497181
315 0.756029 0.654541
316 0.99893 -0.0462395
317 0.977022 0.213135
318 0.999965 -0.00861316
319 0.99717 0.0752216
320 0.972903 0.231206
321 1 -0.00155885
322 0.974099 0.226113
323 0.999984 -0.00624996
324 0.895403 0.445247
325 0.976734 -0.214462
326 0.992927 0.118743
327 0.973733 -0.227696
328 0.8092 0.587539
329 0.849768 0.527151
330 0.959198 0.282731
331 0.787302 -0.61657
332 0.982295 0.18735
333 0.979666 0.20063
334 0.96513 0.261789
335 0.792246 -0.610198
336 0.992035 -0.125965
337 0.988251 0.15285
338 0.910201 0.41417
339 0.982664 0.185385
340 0.999289 0.0377131
341 0.938155 0.346219
342 0.911353 -0.411619
343 0.768726 0.639582
344 0.997435 -0.0715179
345 0.992425 0.122887
346 0.806817 -0.590799
347 0.99907 -0.0431574
348 0.912891 -0.408214
349 0.986962 0.160967
350 0.927705 -0.373302
351 0.996542 -0.0831437
352 0.979138 -0.20319
353 0.977939 -0.208865
354 0.985599 0.169072
355 0.843205 -0.537586
356 0.835737 0.549132
357 0.985312 0.170759
358 0.929308 -0.369306
359 0.836557 -0.547884
360 0.998167 0.0605349
361 0.990301 0.138927
362 0.810165 0.586202
363 0.889339 -0.457252
364 0.961818 -0.273692
365 0.999962 0.00864565
366 0.889217 0.457481
367 0.986211 -0.165518
368 0.823607 0.567162
369 0.794368 0.607434
370 0.995387 0.0959124
371 0.833445 0.552602
372 0.936971 -0.349404
373 0.842797 0.538233
374 0.999849 -0.017364
375 0.917263 0.398284
376 0.994898 -0.10093
377 0.977619 -0.210409
378 0.961912 -0.273352
379 0.978371 0.206863
380 0.99999 -0.00315457
381 0.995639 0.0932681
382 0.999608 -0.0280993
383 0.993223 0.116267
384 0.910876 -0.412678
385 0.878981 -0.47685
386 0.720844 0.693096
387 0.963516 0.267658
388 0.973208 0.229911
389 0.999924 -0.0125822
390 0.999897 0.0140598
391 0.936442 -0.350814
392 0.91289 0.4082
393 0.956933 -0.290302
394 0.987666 -0.156556
395 0.869836 -0.493347
396 0.989353 0.145524
397 0.998646 -0.0519937
398 0.658914 0.752218
399 0.974269 -0.225369
400 0.974476 -0.224491
401 0.982814 -0.184578
402 0.951768 -0.306807
403 0.906528 0.422142
404 0.993248 -0.116003
405 0.992321 0.123647
406 0.995223 -0.0975945
407 0.884284 0.466953
408 0.785168 -0.619286
409 0.950622 0.310358
410 0.948661 -0.316285
411 0.954715 0.297529
412 0.969574 -0.244805
413 0.839875 0.542783
414 0.975 -0.222216
415 0.999954 0.00938953
416 0.87189 -0.489702
417 0.838243 -0.545291
418 0.999925 0.0125684
419 0.858885 -0.512164
420 0.932852 0.360257
421 0.990988 -0.133975
422 0.724231 0.68956
423 0.976361 -0.216145
424 0.998994 -0.0448312
425 0.914388 -0.404851
426 0.960964 0.27668
427 0.976257 0.216616
428 0.993977 -0.10957
429 0.921445 -0.388501
430 0.999604 0.0280118
431 0.994216 -0.107456
432 0.968563 0.248769
433 0.903844 0.427866
434 0.951165 0.308689
435 0.863851 0.503751
436 0.997779 -0.066521
437 0.860825 0.508904
438 0.999704 -0.0243686
439 0.713434 0.700727
440 0.999891 0.0149283
441 0.985625 0.168941
442 0.987262 -0.159075
443 0.853385 0.521284
444 0.566449 -0.824095
445 0.721453 0.692465
446 0.986672 0.162706
447 0.947955 0.3184
448 0.824541 0.565805
449 0.794282 0.607544
450 0.826436 0.563029
451 0.964204 0.265161
452 0.94626 0.323407
453 0.978696 -0.205294
454 0.975137 0.221624
455 0.920474 0.390803
456 0.937739 0.347343
457 0.7051 -0.709108
458 0.967867 -0.251467
459 0.88407 -0.467354
460 0.997161 0.0752746
461 0.968904 -0.247429
462 0.99949 0.0320257
463 0.999999 0.000784621
464 0.999023 -0.0442743
465 0.715638 0.698471
466 0.917212 -0.398413
467 0.998694 0.0511181
468 0.968156 -0.25036
469 0.913825 0.406097
470 0.997568 0.0696371
471 0.988075 0.153947
472 0.996566 -0.0827847
473 0.979697 -0.200475
474 0.867514 -0.497421
475 0.999937 -0.0110495
476 0.979188 -0.202937
477 0.732241 0.681044
478 0.992868 -0.119241
479 0.934419 0.356189
480 0.88313 0.469134
481 0.996953 -0.0779917
482 0.921336 0.388767
483 0.999985 -0.00550087
484 0.665966 -0.745985
485 0.966744 -0.255737
486 0.890649 0.454688
487 0.991924 -0.126829
488 0.993248 0.116012
489 0.999897 0.0141393
490 0.851907 0.523685
491 0.99135 -0.131253
492 0.858199 0.513315
493 0.780572 -0.625063
494 0.957977 -0.286858
495 0.783439 -0.621474
496 0.998925 -0.046363
497 0.97622 0.216776
498 0.968348 -0.249591
499 0.95212 0.305713
500 0.967862 -0.251493
501 0.983613 0.180305
502 0.881654 -0.471901
503 0.97859 -0.205812
504 0.996977 -0.0776891
505 0.659731 0.751497
506 0.965194 -0.261548
507 0.85842 0.512953
508 0.885713 -0.464227
509 0.940589 0.339539
510 0.986506 -0.163708
511 0.800621 0.599176
512 0.992452 0.122641
513 0.999263 -0.0383316
514 0.936315 0.35117
515 0.99989 0.0148432
516 0.872297 0.488971
517 0.980352 0.197264
518 0.999721 0.0235272
519 0.99935 0.0359296
520 0.933265 0.35918
521 0.611116 -0.79154
522 0.983206 0.182529
523 0.712898 -0.701266
524 0.988911 -0.148476
525 0.993579 -0.113138
526 0.956587 0.291451
527 0.996274 0.0862329
528 0.883168 0.469058
529 0.993483 0.113975
530 0.922629 -0.385684
531 0.995827 0.0912722
532 0.917423 0.397912
533 0.972352 -0.233509
534 0.912592 -0.408862
535 0.999043 -0.0436846
536 0.985723 0.168361
537 0.971815 0.235736
538 0.942297 -0.33477
539 0.80313 0.595803
540 0.94884 -0.315759
541 0.943276 0.332009
542 0.649997 -0.759939
543 0.958632 0.284631
544 0.932786 -0.360425
545 0.89872 -0.438518
546 0.956268 0.292501
547 0.86512 0.501573
548 0.962463 0.271412
549 0.96936 -0.245639
550 0.853837 -0.52054
551 0.909228 -0.416299
552 1 -0.000778634
553 0.98351 0.180869
554 0.719463 0.694531
555 0.922659 -0.385605
556 0.998592 -0.0529549
557 0.690686 -0.723153
558 0.989782 0.142605
559 0.990691 -0.136134
560 0.989913 -0.141696
561 0.999387 -0.0350667
562 0.98775 -0.15604
563 0.970121 0.242611
564 0.975435 -0.220276
565 0.961374 0.275235
566 0.932171 -0.362019
567 0.954784 -0.297305
568 0.990227 0.139472
569 0.951042 0.30906
570 0.986362 0.164581
571 0.993159 -0.116733
572 0.986592 -0.163187
573 0.664237 0.747521
574 0.918746 -0.39485
575 0.989572 0.144019
576 0.999448 0.033143
577 0.962909 -0.269823
578 0.972919 0.231139
579 0.871745 -0.489962
580 0.875237 0.483696
581 0.971415 0.237374
582 0.861959 0.506984
583 0.994362 0.106062
584 0.960971 0.276637
585 0.99653 -0.0831828
586 0.896521 0.442992
587 0.999528 0.0305882
588 0.927634 0.373484
589 0.991428 0.130691
590 0.992247 0.124292
591 0.824347 -0.566085
592 0.999997 -0.000776639
593 0.780316 0.625386
594 0.955098 -0.296271
595 0.991537 -0.129862
596 0.992162 0.124958
597 0.91872 0.394919
598 0.937461 -0.348092
599 0.883306 0.468803
600 0.942958 -0.332908
601 0.979844 0.19978
602 0.960729 -0.277497
603 0.971435 0.237306
604 0.964513 0.264024
605 0.999595 -0.0282891
606 0.958676 -0.284495
607 0.99917 0.0408689
608 0.984545 0.175125
609 0.957373 -0.288844
610 0.918268 0.39597
611 0.920285 -0.39126
612 0.911582 0.411115
613 0.993778 -0.111399
614 0.998927 -0.0462577
615 0.992795 0.11986
616 0.99463 -0.103503
617 0.974844 0.222898
618 0.606111 0.795377
619 0.996488 -0.0837556
620 0.783448 0.621456
621 0.975626 -0.219424
622 0.773766 -0.633469
623 0.9618 0.273752
624 0.845552 0.533895
625 0.968192 -0.250208
626 0.964307 -0.264785
627 0.985365 0.170492
628 0.923007 0.384787
629 0.987503 0.157614
630 0.916259 0.400591
631 0.859121 0.511777
632 0.926686 0.375834
633 0.876902 0.480676
634 0.982927 -0.18398
635 0.990523 0.137325
636 0.863403 -0.504509
637 0.997284 -0.073617
638 0.79863 -0.601822
639 0.932288 0.361722
640 0.97671 -0.214585
641 0.932531 -0.361095
642 0.98635 0.164663
643 0.839642 -0.543146
644 0.978203 0.20765
645 0.999784 -0.0207824
646 0.622355 0.782734
647 0.932897 0.360139
648 0.814676 0.57992
649 0.954357 0.298664
650 0.995113 -0.0987136
651 0.99928 0.0380814
652 0.939261 0.343188
653 0.982861 -0.184364
654 0.634593 0.772846
655 0.860782 -0.508974
656 0.774227 0.63291
657 0.969221 0.24621
658 0.974054 -0.226329
659 0.996389 -0.0848682
660 0.931568 -0.363559
661 0.991413 -0.130764
662 0.972776 -0.23174
663 0.997312 0.0732768
664 0.973373 -0.229216
665 0.706803 0.707412
666 0.995802 -0.0914842
667 0.58698 0.809605
668 0.784234 -0.620459
669 0.998256 0.0590201
670 0.598913 0.800815
671 0.814459 0.580224
672 0.95151 -0.30762
673 0.735159 -0.677889
674 0.999806 -0.0195926
675 0.822327 -0.569018
676 0.940021 -0.341112
677 0.799875 -0.600169
678 0.990576 -0.136965
679 0.859702 -0.510799
680 0.897124 0.441775
681 0.965468 -0.260508
682 0.797133 0.603798
683 0.965022 0.262157
684 0.947467 0.319863
685 0.972884 -0.231283
686 0.945176 0.326555
687 0.993146 -0.116905
688 0.986771 0.162103
689 0.931081 0.364811
690 0.997077 0.0764223
691 0.988699 0.149927
692 0.992294 -0.123917
693 0.737762 0.675061
694 0.968832 0.247716
695 0.765357 0.643604
696 0.982656 -0.185419
697 0.822944 0.568123
698 0.957517 -0.288384
699 0.759373 0.650653
700 0.901841 0.432067
701 0.99676 0.0803614
702 0.998504 0.054664
703 0.99244 0.122736
704 0.982262 0.18754
705 0.998096 -0.061727
706 0.936697 0.350137
707 0.971164 -0.238419
708 0.918251 0.395997
709 0.989027 -0.147738
710 0.999722 0.0235827
711 0.99996 0.00865449
712 0.994957 0.100299
713 0.984522 -0.175266
714 0.862355 0.506308
715 0.915871 -0.401477
716 0.891443 0.453142
717 0.904248 0.427016
718 0.987673 0.156534
719 0.999905 -0.0137749
720 0.990526 0.137327
721 0.965608 0.260011
722 0.696766 -0.717293
723 0.929272 -0.369392
724 0.621204 -0.783648
725 0.978902 0.20433
726 0.883041 -0.46929
727 0.968095 0.250598
728 0.979606 -0.20095
729 0.871424 0.490528
730 1 0.00234742
731 0.865996 0.500051
732 0.971235 -0.238126
733 0.974498 0.224396
734 0.9167 0.399582
735 0.974644 0.223757
736 0.936094 0.351753
737 0.988342 -0.152234
738 0.999273 0.038221
739 0.99576 0.091997
740 0.861626 0.507541
741 0.996825 -0.0796388
742 0.609838 0.792524
743 0.846802 -0.531909
744 0.882702 0.469926
745 0.965592 0.260053
746 0.929623 0.368518
747 0.99979 -0.0203365
748 0.758262 0.651945
749 0.973812 -0.227348
750 0.852096 0.52338
751 0.895786 -0.444481
752 0.966547 0.256477
753 0.968142 -0.250388
754 0.911495 -0.411313
755 0.982022 -0.18879
756 0.995435 -0.0954431
757 0.933197 0.359374
758 0.830254 -0.557381
759 0.966207 0.257765
760 0.866176 -0.499736
761 0.820394 0.571798
762 0.989622 -0.143684
763 0.999025 0.0440799
764 0.991818 0.127687
765 0.950738 0.309997
766 0.996797 0.079913
767 0.987054 -0.16038
768 0.940302 0.34034
769 0.932835 0.360311
770 0.884424 0.466684
771 0.730485 -0.68293
772 0.764934 0.64411
773 0.936581 -0.350452
774 0.976282 -0.216485
775 0.996518 -0.0833772
776 0.973572 0.22838
777 0.999324 0.0367132
778 0.993834 0.110904
779 0.90394 -0.427669
780 0.944327 0.328994
781 0.881716 0.471777
782 0.882324 0.470641
783 0.942447 0.334363
784 0.999829 -0.0184848
785 0.904102 0.427315
786 0.998791 -0.0491946
787 0.725844 0.687859
788 0.990474 -0.137693
789 0.976626 0.214947
790 0.910606 -0.413274
791 0.929485 0.368851
792 0.950789 -0.30985
793 0.996824 0.07968
794 0.959506 0.281682
795 0.937249 0.348651
796 0.992848 0.119343
797 0.823621 0.567145
798 0.957277 0.289171
799 0.99895 0.0457611
800 0.971895 0.235411
801 0.993084 -0.117407
802 0.946862 0.321635
803 0.974275 0.225352
804 0.801123 0.5985
805 0.995868 0.0908518
806 0.808244 0.58885
807 0.987401 0.158249
808 0.965506 0.26039
809 0.834565 -0.550912
810 0.999607 0.0280336
811 0.887148 0.461481
812 0.685956 0.727646
813 0.944402 0.328802
814 0.992798 -0.11983
815 0.996515 0.0834093
816 0.78609 -0.618112
817 0.981332 -0.19232
818 0.976783 -0.21423
819 0.80127 0.598302
820 0.98563 -0.168919
821 0.974937 -0.222486
822 0.98172 -0.19031
823 0.768255 0.640142
824 0.995411 -0.0956918
825 0.839378 0.543547
826 0.946195 0.323594
827 0.853829 0.520559
828 0.819029 0.573753
829 0.994704 0.102802
830 0.928451 -0.371454
831 0.954957 0.29676
832 0.928488 0.371351
833 0.930959 0.365118
834 0.509485 0.860479
835 0.9316 -0.363481
836 0.99978 0.0211898
837 0.909103 -0.41656
838 0.908371 0.418167
839 0.994 -0.109381
840 0.98617 -0.165737
841 0.608612 -0.793471
842 0.991369 0.131121
843 0.91788 0.396863
844 0.956736 0.290954
845 0.995403 -0.0958146
846 0.999774 0.0212663
847 0.992675 0.12082
848 0.895113 0.44584
849 0.969455 0.245258
850 0.927794 -0.373081
851 0.999713 0.0239686
852 0.999135 -0.041589
853 0.998053 0.0623767
854 0.831687 -0.555248
855 0.999487 -0.0320007
856 0.777206 -0.629249
857 0.999745 -0.022672
858 0.938669 -0.344828
859 0.961423 0.275075
860 0.997564 -0.0698008
861 0.999789 0.0204871
862 0.90587 0.423557
863 0.935117 0.354327
864 0.826571 0.562833
865 0.993596 0.112981
866 0.936005 0.351983
867 1 0.000417214
868 0.994064 -0.108795
869 0.999897 0.0143662
870 0.570586 0.821237
871 0.976679 0.214685
872 0.740925 0.671589
873 0.855286 -0.518161
874 0.896952 0.442129
875 0.838649 0.544673
876 0.963417 0.268018
877 0.726644 0.687017
878 0.881077 0.472969
879 0.888743 0.458404
880 0.971993 -0.23501
881 0.895504 0.445055
882 0.999704 0.0243132
883 0.93548 0.353381
884 0.999976 -0.00699285
885 0.989189 0.146611
886 0.999762 0.0218136
887 0.983681 0.179924
888 0.43792 -0.899013
889 0.668606 0.743614
890 0.720125 -0.693844
891 0.987392 0.158272
892 0.940632 -0.339423
893 0.994347 -0.106203
894 0.842734 -0.538335
895 0.993198 -0.116423
896 0.987991 -0.154525
897 0.99131 0.131522
898 0.975304 -0.220872
899 0.907108 -0.420898
900 0.998252 -0.0591548
901 0.971396 -0.237475
902 0.971349 -0.237658
903 0.99666 -0.0816681
904 0.98526 -0.171037
905 0.627865 -0.778325
906 0.995005 0.0998301
907 0.987376 -0.158372
908 0.916527 0.399972
909 0.843038 0.537857
910 0.833956 -0.551837
911 0.978841 0.204605
912 0.945917 0.324409
913 0.996343 0.0854024
914 0.855033 0.51857
915 0.999907 0.0136046
916 0.994669 0.103119
917 0.623235 0.782035
918 0.985774 -0.168088
919 0.989156 0.146861
920 0.940195 0.340627
921 0.670053 0.742315
922 0.987603 -0.15697
923 0.950862 0.309621
924 0.999679 -0.0251605
925 0.707863 0.706352
926 0.988316 0.152397
927 0.998196 -0.0600443
928 0.948689 0.31621
929 0.999327 -0.0366963
930 0.999369 0.0355189
931 0.990918 -0.134472
932 0.814239 0.580529
933 0.986762 0.162174
934 0.724506 0.689269
935 0.996465 -0.0840306
936 0.591864 0.806039
937 0.987664 -0.156575
938 0.999786 -0.0204484
939 0.699466 -0.714667
940 0.993769 -0.111482
941 0.980796 -0.195039
942 0.949792 -0.31289
943 0.968845 -0.247658
944 0.974178 -0.225805
945 0.992429 -0.12282
946 0.979818 -0.199871
947 0.984768 -0.173874
948 0.764882 -0.64417
949 0.973856 0.227174
950 0.996735 -0.0807465
951 0.944659 0.328064
952 0.896861 0.442314
953 0.759941 0.649995
954 0.975481 -0.220107
955 0.886749 0.462253
956 0.869332 -0.494226
957 0.981537 -0.191249
958 0.993781 -0.111353
959 0.971166 -0.238403
960 0.687055 0.726605
961 0.574702 0.818362
962 0.737761 0.67506
963 0.950778 0.309882
964 0.831314 0.555796
965 0.986689 -0.162618
966 0.729444 0.684042
967 0.958713 -0.284387
968 0.949628 -0.313378
969 0.544787 -0.838571
970 0.982763 -0.184853
971 0.983853 -0.17898
972 0.981408 -0.191949
973 0.970096 -0.242723
974 0.976388 -0.216032
975 0.99997 0.00777037
976 0.95614 -0.292912
977 0.980103 0.198505
978 0.960851 -0.277081
979 0.998491 0.0549212
980 0.943325 -0.331871
981 0.908262 -0.418405
982 0.99999 0.00469997
983 0.815334 0.578995
984 0.98821 -0.153104
985 0.986598 -0.163199
986 0.981071 -0.193646
987 1 0.00155715
988 0.794522 -0.60723
989 0.842536 0.538645
990 0.978328 -0.207088
991 0.997777 0.0666163
992 0.978011 0.208538
993 0.997902 -0.064827
994 0.816223 0.577738
995 0.974407 -0.224795
996 0.991013 0.133765
997 0.947798 -0.318883
998 0.960557 0.278079
999 0.947195 -0.320664
1000 0.853406 0.521251
1001 0.70608 -0.708132
1002 0.931963 0.362536
1003 0.967505 -0.252838
1004 0.999323 -0.0368831
1005 0.962059 -0.272854
1006 0.964793 -0.263
1007 0.969691 0.244326
1008 0.988536 -0.150986
1009 0.927681 -0.373375
1010 0.999399 -0.0346758
1011 0.823409 0.56745
1012 0.963003 -0.269503
1013 0.9762 0.21688
1014 0.99019 0.139726
1015 0.999847 0.0172189
1016 0.997329 0.0731214
1017 0.968725 0.248122
1018 0.942378 -0.334545
1019 0.999928 0.0117121
1020 0.946334 0.323185
1021 0.88668 -0.462387
1022 0.983529 0.180756
1023 0.991838 -0.127505
1024 0.900012 0.435864
1025 0.934794 -0.355178
1026 0.916651 0.399688
1027 0.999651 0.0264058
1028 0.942793 0.333377
1029 0.999353 0.0360196
1030 0.900053 -0.43578
1031 0.946802 -0.321829
1032 0.926609 -0.376026
1033 0.807343 -0.590077
1034 0.995749 0.0921088
1035 0.723287 -0.690551
1036 0.964121 0.265456
1037 0.999691 0.0250777
1038 0.983129 -0.182925
1039 0.997498 0.0706723
1040 0.949545 0.313624
1041 0.9988 -0.0490453
1042 0.995684 -0.0928322
1043 0.94055 -0.339664
1044 0.899126 -0.437686
1045 0.974512 0.224347
1046 0.983818 0.179181
1047 0.980992 0.194031
1048 0.999954 -0.010172
1049 0.979102 -0.20339
1050 0.989764 -0.142716
1051 0.993767 0.111486
1052 0.985643 -0.168849
1053 0.99909 0.0427083
1054 0.977647 0.210252
1055 0.897062 -0.441903
1056 0.996576 -0.0826516
1057 0.803794 -0.594907
1058 0.975098 0.221774
1059 0.982861 -0.184346
1060 0.953334 0.301912
1061 0.767661 -0.640859
1062 0.990721 0.135908
1063 0.995219 -0.0976406
1064 0.98784 0.155444
1065 0.973089 -0.230427
1066 0.985201 0.171398
1067 0.920246 -0.391352
1068 0.9835 -0.18091
1069 0.998825 -0.0484636
1070 0.900108 -0.435669
1071 0.99891 -0.0467917
1072 0.770288 -0.637693
1073 0.990354 0.138556
1074 0.988623 -0.150419
1075 0.926565 0.376136
1076 0.951447 -0.307807
1077 0.973376 -0.229225
1078 0.77111 -0.636706
1079 0.991949 0.126641
1080 0.983816 0.179188
1081 0.999996 -0.00391358
1082 0.924775 -0.380527
1083 0.932615 0.360879
1084 0.908242 -0.41845
1085 0.911446 0.411407
1086 0.97568 -0.219194
1087 0.992639 0.121074
1088 0.998294 -0.0584683
1089 0.982861 -0.184364
1090 0.999855 -0.017227
1091 0.940929 -0.338615
1092 0.843508 0.537123
1093 0.91244 -0.40921
1094 0.954345 0.298708
1095 0.640279 -0.768144
1096 0.934561 0.355794
1097 0.81724 -0.576294
1098 0.958622 0.284692
1099 0.881898 -0.471434
1100 0.895778 0.444496
1101 0.994128 0.10821
1102 0.883942 -0.467599
1103 0.894955 0.446163
1104 0.72038 -0.693579
1105 0.977429 0.211253
1106 0.875716 -0.482822
1107 0.983504 -0.180874
1108 0.98776 -0.155972
1109 0.979228 0.202751
1110 0.999687 0.0251289
1111 0.995289 -0.0969092
1112 0.986354 -0.16462
1113 0.997245 0.0741898
1114 0.971631 -0.236494
1115 0.979879 -0.199601
1116 0.95151 0.30762
1117 0.782061 -0.623199
1118 0.985244 -0.171148
1119 0.988154 0.153455
1120 0.89614 0.443774
1121 0.644093 -0.764945
1122 0.999238 -0.0390176
1123 0.993292 -0.115628
1124 0.917692 0.397292
1125 0.842301 -0.539012
1126 0.965082 -0.261924
1127 0.992218 0.124551
1128 0.974756 0.223258
1129 0.859945 0.51039
1130 0.998133 0.0610228
1131 0.997258 0.0739759
1132 0.940565 0.339622
1133 0.997544 -0.0700186
1134 0.998994 0.0448031
1135 0.92377 -0.382953
1136 0.973124 -0.230267
1137 0.787637 0.616147
1138 0.999437 -0.0336136
1139 0.967897 0.251351
1140 0.912796 -0.408419
1141 0.997988 0.0633865
1142 0.997049 -0.0767856
1143 0.952369 0.304957
1144 0.959038 -0.283273
1145 0.990781 0.135473
1146 0.875723 -0.482815
1147 0.989548 -0.144232
1148 0.993111 -0.117143
1149 0.987896 0.155141
1150 0.846652 -0.532142
1151 0.957337 -0.288974
1152 0.988887 -0.148689
1153 0.97076 -0.240043
1154 0.680019 0.733197
1155 0.726772 -0.686873
1156 0.858682 0.51251
1157 0.991381 -0.130998
1158 0.945989 0.324209
1159 0.893044 -0.449963
1160 0.850836 0.525433
1161 0.990365 -0.138466
1162 0.774353 0.632757
1163 0.467366 0.884063
1164 0.996642 0.0819375
1165 0.996238 -0.0866808
1166 0.940361 -0.340176
1167 0.965687 0.259695
1168 0.953484 -0.301433
1169 0.947238 0.320548
1170 0.930888 -0.365304
1171 0.95911 -0.283036
1172 0.999224 0.0393818
1173 0.975091 0.221818
1174 0.990387 -0.138315
1175 0.975293 0.220923
1176 0.999072 -0.0431371
1177 0.999604 -0.0279488
1178 0.995811 0.0914546
1179 0.941966 -0.3357
1180 0.952928 -0.303195
1181 0.990178 0.139824
1182 0.999605 -0.0280949
1183 0.709403 0.704801
1184 0.99832 0.0579494
1185 0.73291 -0.680328
1186 0.895037 0.445996
1187 0.867666 0.497153
1188 0.766024 0.642808
1189 0.89754 -0.440941
1190 0.917766 0.397111
1191 0.999604 -0.0280774
1192 0.909953 0.414717
1193 0.882443 -0.470426
1194 0.989767 0.142694
1195 0.992673 -0.120831
1196 0.994491 0.104819
1197 0.808172 -0.588946
1198 0.914061 -0.405576
1199 0.999942 0.0110147
1200 0.958511 -0.285053
1201 0.962129 0.272607
1202 0.982219 0.187749
1203 0.999289 0.0376581
1204 0.471291 -0.881975
1205 0.864702 0.502284
1206 0.879783 -0.475381
1207 0.799059 0.601256
1208 0.878765 -0.477254
1209 0.998783 0.0494106
1210 0.988622 -0.150416
1211 0.926703 0.375808
1212 0.909539 0.415618
1213 0.989746 0.142849
1214 0.77643 0.630206
1215 0.984611 -0.174765
1216 0.999826 0.0187386
1217 0.980611 0.195942
1218 0.911983 0.410224
1219 0.950384 -0.311067
1220 0.999808 -0.019454
1221 0.877276 -0.479987
1222 0.839542 0.543299
1223 0.941881 -0.335938
1224 0.999725 0.0235457
1225 0.967407 -0.253225
1226 0.971071 0.238794
1227 0.934183 -0.356791
1228 0.986384 0.164459
1229 0.767789 -0.640703
1230 0.874672 -0.484723
1231 0.961172 -0.275932
1232 0.986342 -0.164726
1233 0.999995 -0.0032205
1234 0.824321 -0.566116
1235 0.821143 0.570728
1236 0.976692 0.214648
1237 0.846914 0.531729
1238 0.932838 0.360294
1239 0.732774 0.680469
1240 0.897755 0.440499
1241 0.926517 0.37625
1242 0.998261 0.0589274
1243 0.996453 0.0841334
1244 0.909341 -0.416046
1245 0.906512 0.422175
1246 0.979695 0.20049
1247 0.989135 -0.147021
1248 0.980903 0.194499
1249 0.967852 -0.251521
1250 0.945155 0.326624
1251 0.986706 -0.162518
1252 0.995297 -0.0969016
1253 0.921181 -0.389136
1254 0.926976 0.375111
1255 0.978914 -0.204281
1256 0.837098 0.547058
1257 0.937635 -0.347622
1258 0.947157 0.320774
1259 0.98493 -0.172927
1260 0.908071 0.418821
1261 0.879866 0.475217
1262 0.96762 -0.252407
1263 0.703113 0.711074
1264 0.98857 0.150783
1265 0.998594 -0.0529266
1266 0.793952 -0.60798
1267 0.984661 0.174495
1268 0.975145 0.221565
1269 0.990323 -0.138789
1270 0.992618 -0.121292
1271 0.972566 0.232629
1272 0.999828 0.0185317
1273 0.99849 -0.0549169
1274 0.9431 0.332506
1275 0.992412 0.122964
1276 0.999869 0.0163748
1277 0.997996 -0.0632579
1278 0.909122 -0.416536
1279 0.96208 0.272766
1280 0.982084 -0.188458
1281 0.919123 0.393974
1282 0.87211 0.489309
1283 0.995003 0.0998301
1284 0.977205 -0.212298
1285 0.955202 0.29596
1286 0.965618 0.259954
1287 0.89623 0.443588
1288 0.852481 0.522753
1289 0.954545 0.298053
1290 0.88567 0.46432
1291 0.994009 0.109312
1292 0.996941 -0.0781049
1293 0.936971 -0.349404
1294 0.997755 0.0669737
1295 0.610442 0.79206
1296 0.992067 0.125707
1297 0.978834 0.204637
1298 0.948801 0.315881
1299 0.920428 0.390905
1300 0.800481 -0.599352
1301 0.998646 0.0520154
1302 0.991443 -0.130538
1303 0.701544 0.712627
1304 0.999777 0.0210297
1305 0.886302 0.463108
1306 0.999796 0.0202746
1307 0.953655 -0.300904
1308 0.999128 0.0417429
1309 0.999928 -0.0118322
1310 0.881555 0.472081
1311 0.94544 -0.3258
1312 0.863976 0.503534
1313 0.984707 -0.174236
1314 0.992194 0.124737
1315 0.979128 -0.203254
1316 0.993676 0.112258
1317 0.982988 -0.18365
1318 0.940255 0.340479
1319 0.972253 -0.233939
1320 0.998433 -0.0560623
1321 0.999459 0.0328964
1322 0.578441 -0.815723
1323 0.954573 -0.297964
1324 0.999936 0.0109673
1325 0.977914 0.208992
1326 0.565515 0.824736
1327 0.983307 0.181954
1328 0.985426 0.170132
1329 0.968348 0.249615
1330 0.773719 -0.633529
1331 0.999947 -0.0103095
1332 0.996934 0.0782269
1333 0.91911 0.393992
1334 0.993353 0.115093
1335 0.869663 0.493642
1336 0.839585 -0.543222
1337 0.891482 0.45306
1338 0.600968 0.799272
1339 0.950251 0.311486
1340 0.923277 0.384147
1341 0.805912 0.592038
1342 0.928169 -0.372157
1343 0.705026 0.709178
1344 0.852278 0.523082
1345 0.987187 -0.159593
1346 0.678138 0.734935
1347 0.880065 0.474852
1348 0.952297 0.30517
1349 0.942345 -0.334637
1350 0.911333 0.411682
1351 0.843364 -0.537337
1352 0.778989 0.627034
1353 0.981803 -0.189889
1354 0.96413 0.265447
1355 0.987936 -0.154887
1356 0.928794 -0.370599
1357 0.997189 -0.0749692
1358 0.934733 -0.355339
1359 0.975647 -0.219342
1360 0.825746 -0.564036
1361 0.996857 0.0792118
1362 0.998704 -0.0509938
1363 0.97529 0.220929
1364 0.877668 -0.479266
1365 0.993675 0.112346
1366 0.966265 -0.257573
1367 0.885691 0.464268
1368 0.952452 -0.304692
1369 0.996276 -0.0862116
1370 0.966013 -0.258486
1371 0.999056 -0.0434609
1372 0.927604 -0.373568
1373 0.751057 0.660241
1374 0.951983 -0.306168
1375 0.972702 0.232063
1376 0.996192 -0.0872196
1377 0.999318 0.0369196
1378 0.97729 0.211911
1379 0.938493 -0.345305
1380 0.981652 0.190689
1381 0.972207 0.234112
1382 0.99427 -0.106906
1383 0.964146 0.265374
1384 0.945087 0.326832
1385 0.887486 0.460844
1386 0.891946 0.452148
1387 0.986694 0.162586
1388 0.802817 0.596227
1389 0.906611 0.421974
1390 0.961636 0.274319
1391 0.952775 -0.303679
1392 0.89787 0.440261
1393 0.852353 0.522967
1394 0.999626 -0.0274735
1395 0.922268 -0.386549
1396 0.931274 0.364326
1397 0.828295 0.560292
1398 0.806823 -0.590791
1399 0.998954 -0.0456639
1400 0.944147 -0.329523
1401 0.98719 -0.159545
1402 0.988774 -0.149447
1403 0.99157 0.12957
1404 0.980151 0.198263
1405 0.920008 -0.391892
1406 0.907036 0.421057
1407 0.983739 -0.179604
1408 0.900555 -0.434731
1409 0.876348 -0.481669
1410 0.989103 -0.147266
1411 0.981457 0.191663
1412 0.995335 -0.0965067
1413 0.935243 0.354012
1414 0.790836 0.612025
1415 0.806527 -0.591204
1416 0.945321 0.326139
1417 0.972112 -0.234508
1418 0.998928 0.0462323
1419 0.917234 -0.398361
1420 0.897041 0.441946
1421 0.872871 0.487949
1422 0.841995 -0.539479
1423 0.954959 -0.29675
1424 0.958977 0.283499
1425 0.904684 0.426079
1426 0.997759 -0.0668782
1427 0.818101 0.575071
1428 0.776579 -0.630022
1429 0.93838 -0.345609
1430 0.999823 -0.0187782
1431 0.387212 0.921989
1432 0.995565 0.0941232
1433 0.997742 0.0671884
1434 0.983417 0.181356
1435 0.996422 0.0845196
1436 0.721744 0.692161
1437 0.94029 0.340374
1438 0.992485 0.122368
1439 0.966763 0.255666
1440 0.972137 0.23439
1441 0.936925 -0.349538
1442 0.996997 0.0774586
1443 0.997139 -0.0756672
1444 0.930865 0.365365
1445 0.999189 -0.0401559
1446 0.99937 -0.0354199
1447 0.719956 -0.69402
1448 0.999997 0.00313283
1449 0.897627 -0.440762
1450 0.997996 -0.0632724
1451 0.998504 0.0546981
1452 0.98683 -0.161759
1453 0.68788 0.725821
1454 0.968844 0.247677
1455 0.941757 0.336295
1456 0.999652 -0.0264293
1457 0.998113 -0.0614003
1458 0.995397 -0.0958447
1459 0.649099 0.760701
1460 0.979234 -0.202718
1461 0.841394 0.540425
1462 0.995845 -0.0910606
1463 0.989465 -0.144775
1464 0.783573 -0.621301
1465 0.98715 -0.159793
1466 0.984773 0.173846
1467 0.999878 0.0156305
1468 0.925268 -0.379319
1469 0.943513 0.331332
1470 0.984001 -0.178182
1471 0.881099 0.47293
1472 0.94653 0.322622
1473 0.948679 0.31624
1474 0.930648 0.365927
1475 0.995678 -0.092923
1476 0.999387 -0.0350667
1477 0.824941 -0.565222
1478 0.967798 0.251739
1479 0.907146 -0.420811
1480 0.828734 0.559646
1481 0.922903 0.385041
1482 0.984517 -0.175291
1483 0.992786 0.119923
1484 0.98347 0.181074
1485 0.971941 -0.23523
1486 0.649252 0.76057
1487 0.99999 -0.00314218
1488 0.610812 0.791776
1489 0.917193 0.398444
1490 0.938306 -0.345794
1491 0.968177 0.250269
1492 0.942111 -0.335306
1493 0.993147 -0.11687
1494 0.915996 -0.401199
1495 0.978684 -0.205384
1496 0.883976 -0.467533
1497 0.926552 0.376158
1498 0.977631 -0.210327
1499 0.999939 -0.010945
1500 0.899045 0.437852
1501 0.89596 -0.444124
1502 0.979681 -0.20056
1503 0.988314 -0.152429
1504 0.999093 -0.0427118
1505 0.848996 -0.528401
1506 0.611967 0.790883
1507 0.977565 0.210644
1508 0.955968 0.293471
1509 0.977686 -0.210065
1510 0.968128 -0.250455
1511 0.923569 -0.383432
1512 0.998744 0.0501274
1513 0.954313 -0.298824
1514 0.850315 -0.526266
1515 0.907833 -0.419337
1516 0.972159 -0.234308
1517 0.979945 -0.199283
1518 0.999893 0.0148536
1519 0.907004 0.421121
1520 0.608519 0.793537
1521 0.842371 0.538895
1522 0.853952 -0.520353
1523 0.988432 -0.151642
1524 0.916527 -0.399972
1525 0.999837 0.0181664
1526 0.998938 -0.0460412
1527 0.981446 -0.19175
1528 0.999434 0.0336662
1529 0.9703 -0.241903
1530 0.937412 0.348222
1531 0.822072 0.569382
1532 0.863315 -0.504666
1533 0.702716 0.711473
1534 0.881855 0.471518
1535 0.970458 0.241258
1536 0.959454 -0.281876
1537 0.988551 -0.150878
1538 0.999478 -0.0323239
1539 0.948734 -0.316082
1540 0.760984 0.648775
1541 0.839197 0.543831
1542 0.775872 0.630889
1543 0.607549 -0.794281
1544 0.99764 -0.0686145
1545 0.993681 -0.112242
1546 0.984999 0.172584
1547 0.91949 0.393101
1548 0.971611 -0.236592
1549 0.901379 0.433036
1550 0.956818 0.290699
1551 0.886791 0.462167
1552 0.991887 0.127123
1553 0.997879 -0.0651277
1554 0.999193 0.0401181
1555 0.940413 0.340043
1556 0.946086 -0.323914
1557 0.880116 0.474761
1558 0.789594 -0.613628
1559 0.826101 0.563522
1560 0.898999 -0.437945
1561 0.961669 -0.274213
1562 0.977065 -0.21294
1563 0.832602 0.55387
1564 0.910746 -0.412967
1565 0.987247 0.159224
1566 0.774538 -0.632524
1567 0.688656 0.725087
1568 0.997374 -0.0723763
1569 0.982741 0.18499
1570 0.785687 0.618622
1571 0.998788 -0.0492754
1572 0.246859 0.969052
1573 0.932143 -0.362075
1574 0.989298 -0.145904
1575 0.860686 -0.509145
1576 0.908604 -0.417667
1577 0.972636 -0.232324
1578 0.961156 0.276017
1579 0.974161 0.225872
1580 0.9969 0.0787001
1581 0.956938 0.290297
1582 0.84668 0.532097
1583 0.96769 0.252142
1584 0.997843 0.0656472
1585 0.986285 0.165054
1586 0.979312 -0.202355
1587 0.995542 0.0942839
1588 0.999876 -0.0155714
1589 0.932329 0.361602
1590 0.999506 -0.0314388
1591 0.999504 0.0314363
1592 0.784521 -0.620102
1593 0.896751 -0.442541
1594 0.994032 0.109085
1595 0.803521 0.59528
1596 0.994787 0.102012
1597 0.823639 -0.567116
1598 0.996865 0.0790797
1599 0.991178 0.132579
1600 0.996331 -0.0856162
1601 0.97203 -0.234858
1602 0.895044 0.445981
1603 0.999879 -0.0156758
1604 0.835036 0.550194
1605 0.991533 -0.129857
1606 0.999764 -0.0217168
1607 0.969981 0.243179
1608 0.966942 0.254989
1609 0.957843 -0.287292
1610 0.977808 0.209491
1611 0.999728 0.0234555
1612 0.957797 0.287441
1613 0.989043 -0.147642
1614 0.918396 0.395662
1615 0.995518 0.0945601
1616 0.997512 0.0704182
1617 0.921266 0.388934
1618 0.85792 0.513782
1619 0.999725 -0.0233988
1620 0.827674 -0.561204
1621 0.800725 -0.599032
1622 0.889941 -0.456075
1623 0.999724 -0.0233441
1624 0.645009 -0.764172
1625 0.959047 0.283257
1626 0.999725 -0.0235457
1627 0.967271 0.253748
1628 0.981199 -0.193007
1629 0.941902 0.335885
1630 0.900625 -0.434586
1631 0.999879 0.0156488
1632 0.997514 -0.0704733
1633 0.955966 -0.293459
1634 0.935824 0.352464
1635 0.999728 0.0233081
1636 0.966713 0.255856
1637 0.980943 -0.194288
1638 0.956371 0.292162
1639 0.792705 0.609608
1640 0.924389 0.381458
1641 0.879564 -0.475781
1642 0.878009 0.47865
1643 0.954645 0.297747
1644 0.996918 -0.0784599
1645 0.979571 0.201084
1646 0.676011 -0.736896
1647 0.893935 -0.448195
1648 0.994863 0.101195
1649 0.993145 0.116896
1650 0.971748 -0.23601
1651 0.997502 -0.0706003
1652 0.999252 0.0387438
1653 0.986634 0.162935
1654 0.985121 0.171877
1655 0.980803 0.194996
1656 0.999515 -0.0312399
1657 0.998041 -0.0625904
1658 0.982647 0.185485
1659 0.743853 0.668341
1660 0.943355 -0.331778
1661 0.98232 -0.187205
1662 0.988901 0.148562
1663 0.833313 0.552804
1664 0.93954 0.342436
1665 0.996316 0.0857622
1666 0.720738 0.693202
1667 0.985129 -0.171811
1668 0.469242 0.883071
1669 0.862846 -0.505468
1670 0.986367 -0.164587
1671 0.962168 -0.272466
1672 0.998514 -0.054532
1673 0.89968 -0.436548
1674 0.983622 0.180235
1675 0.959988 -0.28004
1676 0.76032 0.649549
1677 0.814004 -0.580861
1678 0.782962 -0.622075
1679 0.996349 -0.0854302
1680 0.978706 0.205268
1681 0.88001 0.474956
1682 0.949486 -0.313803
1683 0.889078 0.457756
1684 0.989073 0.147426
1685 0.998515 0.0545095
1686 0.889704 -0.45654
1687 0.820414 0.571777
1688 0.922352 0.38635
1689 0.972669 0.232193
1690 0.926363 -0.376626
1691 0.977669 -0.210171
1692 0.962567 0.27105
1693 0.995614 0.0935736
1694 0.954482 0.298258
1695 0.969477 -0.245179
1696 0.977541 0.210724
1697 0.999877 0.0157722
1698 0.613205 0.789921
1699 0.999715 -0.0236533
1700 0.953837 0.300314
1701 0.976954 -0.213449
1702 0.992495 0.122287
1703 0.998075 -0.0620663
1704 0.987572 0.157136
1705 0.99558 0.0938806
1706 0.9183 0.395883
1707 0.961233 0.275746
1708 0.929232 0.369488
1709 0.966535 -0.256517
1710 0.628587 0.777736
1711 0.999514 0.0312546
1712 0.972985 0.230866
1713 0.998896 0.0470043
1714 0.948056 -0.318116
1715 0.895139 0.445787
1716 0.957822 -0.287375
1717 0.991305 0.131597
1718 0.964055 -0.265693
1719 0.996927 0.0783494
1720 0.970731 0.240149
1721 0.996266 0.0863004
1722 0.890285 -0.455411
1723 0.926783 -0.375587
1724 0.9333 -0.359106
1725 0.987492 0.157679
1726 0.958853 -0.283899
1727 0.80392 -0.594732
1728 0.964675 -0.263456
1729 0.981997 0.188895
1730 0.935835 0.352445
1731 0.999224 0.0393028
1732 0.99988 -0.0156543
1733 0.997634 -0.0687484
1734 0.987467 0.157815
1735 0.946757 -0.321939
1736 0.991123 -0.13291
1737 0.926976 -0.375111
1738 0.993904 0.110277
1739 0.997502 0.0706446
1740 0.771883 -0.635762
1741 0.899155 0.437626
1742 0.998885 -0.0472559
1743 0.999875 -0.0157337
1744 0.96854 0.248857
1745 0.951393 0.30797
1746 0.977818 -0.209443
1747 0.996253 -0.086463
1748 0.513841 -0.857884
1749 0.988179 -0.153305
1750 0.824221 -0.566263
1751 0.975693 0.219114
1752 0.948732 -0.31607
1753 0.825627 -0.564216
1754 0.941346 -0.337449
1755 0.935383 0.35363
1756 0.834144 0.55155
1757 0.892195 0.451661
1758 0.857594 -0.51433
1759 0.968145 -0.250392
1760 0.883725 0.468009
1761 0.397204 -0.917731
1762 0.998047 -0.0624585
1763 0.982204 -0.187832
1764 0.91189 0.410448
1765 0.996308 -0.0858966
1766 0.99802 -0.0629002
1767 0.960604 -0.277908
1768 0.986451 0.164075
1769 0.998503 -0.0546597
1770 0.877591 0.479403
1771 0.91189 -0.410448
1772 0.986493 -0.16382
1773 0.537804 -0.843068
1774 0.913741 -0.406296
1775 0.853765 -0.52065
1776 0.877616 0.479365
1777 0.923314 -0.384046
1778 0.795418 -0.606055
1779 0.968636 0.248489
1780 0.900735 -0.434379
1781 0.991168 -0.132618
1782 0.896814 -0.442411
1783 0.956226 0.292627
1784 0.997497 -0.0707167
1785 0.583277 0.81227
1786 0.950413 -0.310981
1787 0.999717 -0.0237113
1788 0.999503 -0.0315255
1789 0.55832 -0.829626
1790 0.989123 0.147084
1791 0.881816 -0.471597
1792 0.979212 0.202813
1793 0.999223 -0.0393597
1794 0.763685 -0.645587
1795 0.789078 -0.614296
1796 0.866958 -0.498371
1797 0.996943 -0.078172
1798 0.996948 -0.0780927
1799 0.996305 0.0859368
1800 0.970553 0.240887
1801 0.816351 -0.577558
1802 0.956574 -0.291478
1803 0.881346 -0.472476
1804 0.776574 0.630025
1805 0.958419 0.285366
1806 0.999965 -0.0078789
1807 0.99804 -0.0625463
1808 0.861162 0.508331
1809 0.992281 0.123994
1810 0.940113 -0.340863
1811 0.89079 0.454418
1812 0.908502 -0.417875
1813 0.809454 0.587179
1814 0.989202 -0.146519
1815 0.782589 0.622543
1816 0.999512 0.0313427
1817 0.991051 0.133451
1818 0.999239 0.0390524
1819 0.970918 0.239414
1820 0.816239 -0.577714
1821 0.990003 -0.141028
1822 0.972451 0.233087
1823 0.99308 -0.117462
1824 0.948773 -0.31595
1825 0.802629 -0.596476
1826 0.999966 0.00786255
1827 0.982622 -0.185604
1828 0.962237 0.272198
1829 0.948213 0.317632
1830 0.999228 -0.039141
1831 0.993145 0.116896
1832 0.946336 0.323179
1833 0.99849 0.0549169
1834 0.853056 0.521821
1835 0.95876 0.284222
1836 0.928386 -0.371615
1837 0.955664 0.294458
1838 0.958181 0.286171
1839 0.972531 0.232764
1840 0.913697 -0.406387
1841 0.959938 -0.28019
1842 0.665588 -0.74632
1843 0.999973 -0.00786032
1844 0.921614 -0.3881
1845 0.980813 -0.194966
1846 0.707446 -0.706768
1847 0.623951 0.781463
1848 0.986543 0.163515
1849 0.999878 -0.0157375
1850 0.944814 0.327607
1851 0.998274 -0.0587225
1852 0.83302 -0.553246
1853 0.988736 -0.149669
1854 0.998504 -0.0545958
1855 0.661222 0.750192
1856 0.999877 0.0156733
1857 0.923338 -0.383994
1858 0.735557 0.677461
1859 0.927241 -0.374469
1860 0.993882 -0.110442
1861 0.985243 0.171146
1862 0.966866 0.255301
1863 0.960795 -0.277275
1864 0.928827 0.370516
1865 0.974133 -0.225979
1866 0.931934 -0.36262
1867 0.757444 -0.652899
1868 0.987764 0.155965
1869 0.998007 0.0630488
1870 0.97023 0.242191
1871 0.998911 -0.0467116
1872 0.881425 0.472325
1873 0.965676 0.259751
1874 0.992221 -0.124455
1875 0.999727 0.0233688
1876 0.972332 -0.233586
1877 0.996248 0.0865031
1878 0.999725 -0.0235994
1879 0.99317 0.116642
1880 0.799907 -0.600129
1881 0.999875 -0.0156893
1882 0.999223 -0.0393845
1883 0.75274 0.658319
1884 0.995154 0.0983321
1885 0.769541 -0.6386
1886 0.880763 0.473561
1887 0.982081 -0.188461
1888 0.994772 -0.102124
1889 0.955878 -0.293763
1890 0.889451 0.457025
1891 0.998895 -0.0470854
1892 0.993994 0.109459
1893 0.991125 -0.132941
1894 0.998894 0.0471409
1895 0.691682 -0.722198
1896 0.951282 -0.30832
1897 0.998896 0.0470596
1898 0.976317 0.21636
1899 0.824725 -0.565534
1900 0.944498 -0.328519
1901 0.983844 -0.179035
1902 0.996296 0.0860039
1903 0.97786 -0.209266
1904 0.92463 0.380865
1905 0.881489 0.472205
1906 0.971796 -0.235808
1907 0.991099 -0.133138
1908 0.76108 -0.648656
1909 0.936269 0.351282
1910 0.819071 -0.573689
1911 0.802732 0.596345
1912 0.920903 -0.3898
1913 0.948056 -0.318116
1914 0.997534 -0.0701987
1915 0.982175 0.187978
1916 0.959988 -0.28004
1917 0.932888 0.36018
1918 0.920162 -0.391544
1919 0.931725 0.363167
1920 0.997502 -0.0706945
1921 0.980966 0.194173
1922 0.761654 0.64798
1923 0.955766 -0.29411
1924 0.661619 0.749841
1925 0.998507 -0.0546384
1926 0.868969 0.494858
1927 0.997509 0.0705893
1928 0.850522 0.525938
1929 0.94334 0.331828
1930 0.99804 -0.0625073
1931 0.810972 0.585085
1932 0.690029 0.723785
1933 0.892291 0.451466
1934 0.947245 -0.320493
1935 0.925596 0.378509
1936 0.996291 0.0860308
1937 0.985495 0.169727
1938 0.993992 0.109442
1939 0.915266 0.402856
1940 0.935277 -0.353923
1941 0.840033 0.542534
1942 0.991181 -0.132476
1943 0.979314 -0.202358
1944 0.523234 -0.852189
1945 0.941005 -0.338389
1946 0.998019 0.0629397
1947 0.997546 0.0700295
1948 0.885069 -0.465459
1949 0.998321 -0.0579206
1950 0.993133 -0.116978
1951 0.996904 0.0785954
1952 0.968879 -0.247543
1953 0.996364 0.085166
1954 0.868818 0.495141
1955 0.898128 -0.439733
1956 0.990914 0.134504
1957 0.930575 -0.366109
1958 0.981289 -0.192542
1959 0.998064 0.0622158
1960 0.968506 -0.248988
1961 0.792547 -0.60981
1962 0.993935 0.110009
1963 0.999509 0.0313182
1964 0.883549 0.468347
1965 0.889769 -0.456407
1966 0.999971 0.00788635
1967 0.898128 -0.439733
1968 0.941372 0.337372
1969 0.997666 0.0682787
1970 0.945144 -0.326647
1971 0.927517 0.373775
1972 0.76994 -0.638113
1973 0.888099 0.459648
1974 0.970929 -0.239378
1975 0.998417 0.0562516
1976 0.970872 -0.239597
1977 0.892058 0.451922
1978 0.925994 -0.377535
1979 0.984995 0.172582
1980 0.990254 0.139299
1981 0.980903 -0.194499
1982 0.990188 0.139743
1983 0.988759 -0.149529
1984 0.997917 -0.0645068
1985 0.998916 -0.0465306
1986 0.967634 0.252357
1987 0.927227 -0.374497
1988 0.940702 -0.339232
1989 0.99951 0.0312302
1990 0.999973 0.00785168
1991 0.96475 -0.263174
1992 0.914412 0.404794
1993 0.937217 -0.348757
1994 0.987993 -0.154499
1995 0.999878 0.0155515
1996 0.964614 0.263658
1997 0.985802 -0.167912
1998 0.991066 0.133378
1999 0.992239 -0.124311
2000 0.888574 -0.458738
2001 0.956879 0.290469
2002 0.836108 -0.548568
2003 0.950993 0.30921
2004 0.996299 0.0859636
2005 0.982396 0.186814
2006 0.739659 -0.672981
2007 0.99804 0.0625073
2008 0.630873 -0.775889
2009 0.977455 -0.211133
2010 0.95397 -0.299905
2011 0.996101 0.0882174
2012 0.819344 -0.573298
2013 0.999721 -0.0235272
2014 0.992211 -0.124571
2015 0.894023 0.448021
2016 0.998893 0.0469675
2017 0.996942 -0.0781549
2018 0.893298 0.449467
2019 0.982511 -0.186195
2020 0.847539 0.530734
2021 0.996348 -0.085364
2022 0.933584 0.358357
2023 0.998847 -0.0480144
2024 0.998893 -0.0470522
2025 0.917804 -0.39704
2026 0.996934 -0.0782269
2027 0.999877 0.015709
2028 0.996251 -0.0865174
2029 0.974394 0.224833
2030 0.96072 -0.277507
2031 0.881989 0.471271
2032 0.958327 -0.28567
2033 0.893065 0.449938
2034 0.938103 -0.346354
2035 0.929485 0.368851
2036 0.999876 -0.0156819
2037 0.998889 0.0470965
2038 0.915616 -0.402056
2039 0.986952 -0.161007
2040 0.973 0.230813
2041 0.999973 0.00780754
2042 0.854331 -0.519738
2043 0.99997 -0.00783691
2044 0.969938 0.24335
2045 0.900168 -0.435545
2046 0.99206 -0.125743
2047 0.836606 0.547808
2048 0.999875 0.0156979
2049 0.992152 -0.125057
2050 0.929114 0.369789
2051 0.994828 -0.101622
2052 0.966597 0.25628
2053 0.930888 -0.365294
2054 0.999037 0.0438707
2055 0.985964 -0.166958
2056 0.856504 0.516148
2057 0.858675 -0.512524
2058 0.849906 0.526931
2059 0.95648 -0.291787
2060 0.915979 0.40123
2061 0.938794 -0.344487
2062 0.877591 0.479403
2063 0.999242 0.0389915
2064 0.832247 0.554406
2065 0.958467 0.285203
2066 0.933395 0.358846
2067 0.872131 0.48927
2068 0.998488 -0.0549082
2069 0.985271 0.171016
2070 0.806015 -0.591889
2071 0.938231 0.346015
2072 0.826304 -0.563224
2073 0.910582 0.41333
2074 0.998045 -0.0625268
2075 0.993219 -0.116227
2076 0.921401 -0.388617
2077 0.3993 -0.916822
2078 0.99848 -0.0551547
2079 0.986018 -0.166642
2080 0.982145 0.188127
2081 0.993983 -0.109536
2082 0.996293 0.0859838
2083 0.977817 0.209475
2084 0.912825 0.408345
2085 0.995508 -0.0946346
2086 0.97445 0.224591
2087 0.990108 -0.140294
2088 0.994034 0.109102
2089 0.998031 0.0626687
2090 0.97334 0.229369
2091 0.975771 -0.218774
2092 0.946882 0.321576
2093 0.948647 -0.316333
2094 0.962595 0.270926
2095 0.999366 -0.0355979
2096 0.97739 0.211461
2097 0.972921 0.23113
2098 0.996606 -0.0823178
2099 0.993137 -0.116914
2100 0.984108 -0.177605
2101 0.946519 0.322643
2102 0.898497 -0.438979
2103 0.999726 0.0234536
2104 0.953468 -0.301502
2105 0.990102 -0.140371
2106 0.927241 -0.374469
2107 0.999229 -0.0393288
2108 0.773519 -0.633772
2109 0.89079 0.454418
2110 0.992 -0.126238
2111 0.999515 0.0312937
2112 0.911616 0.411053
2113 0.97261 -0.232441
2114 0.987689 0.156429
2115 0.943141 -0.332378
2116 0.996284 -0.0861357
2117 0.958288 0.285801
2118 0.972877 -0.231307
2119 0.995565 -0.0941232
2120 0.980433 0.196851
2121 0.889669 -0.456598
2122 0.905473 0.424415
2123 0.99017 -0.13986
2124 0.986585 -0.163262
2125 0.992181 0.124814
2126 0.884085 -0.467334
2127 0.997469 0.0710458
2128 0.977352 -0.211619
2129 0.958181 0.286171
2130 0.84182 -0.539759
2131 0.972542 0.232729
2132 0.96479 0.263014
2133 0.709775 0.704425
2134 0.978029 0.208464
2135 0.924225 0.381855
2136 0.999248 -0.0388009
2137 0.99476 -0.102188
2138 0.977669 0.210171
2139 0.942057 0.335459
2140 0.806368 -0.591411
2141 0.998082 0.0619019
2142 0.964386 -0.264489
2143 0.992024 0.126039
2144 0.999725 -0.0234496
2145 0.948773 -0.31595
2146 0.986451 0.164075
2147 0.988206 -0.153127
2148 0.882095 0.471068
2149 0.990454 -0.137848
2150 0.954321 0.298775
2151 0.99851 -0.0546171
2152 0.921024 0.389511
2153 0.979479 0.201548
2154 0.930461 0.366382
2155 0.998512 0.0544896
2156 0.979118 0.203269
2157 0.969023 -0.246976
2158 0.733436 0.67976
2159 0.653302 -0.757099
2160 0.760045 0.64987
2161 0.998461 -0.0554613
2162 0.972204 -0.234128
2163 0.934089 0.357027
2164 0.993117 0.117106
2165 0.999511 -0.031198
2166 0.933111 -0.359588
2167 0.847108 0.531422
2168 0.941533 -0.336918
2169 0.999511 -0.0314314
2170 0.99488 0.101101
2171 0.969226 0.246186
2172 0.994031 -0.109076
2173 0.871562 -0.490281
2174 0.813583 0.581453
2175 0.931148 -0.364645
2176 0.999501 -0.0316502
2177 0.943213 -0.332179
2178 0.951351 0.30811
2179 0.926422 -0.376486
2180 0.923835 0.382793
2181 0.991196 0.132404
2182 0.985252 0.171119
2183 0.966659 -0.256045
2184 0.952895 0.3033
2185 0.87812 -0.478446
2186 0.942088 0.335359
2187 0.999514 -0.0311645
2188 0.993129 0.117042
2189 0.998893 -0.0471372
2190 0.989976 0.141249
2191 0.874481 -0.48506
2192 0.967541 0.252716
2193 0.939098 0.34365
2194 0.91229 -0.409544
2195 0.964675 0.263456
2196 0.821641 -0.570004
2197 0.960701 0.277584
2198 0.958658 0.284545
2199 0.965761 0.259432
2200 0.993602 0.112938
2201 0.98235 0.18705
2202 0.761799 -0.647816
2203 0.940718 0.339181
2204 0.943881 -0.330279
2205 0.872275 0.489018
2206 0.948379 -0.31715
2207 0.964501 0.264063
2208 0.988849 -0.148921
2209 0.913949 -0.405835
2210 0.970818 0.239806
2211 0.872994 -0.487729
2212 0.998477 -0.0551573
2213 0.988727 -0.149693
2214 0.998484 -0.055133
2215 0.999725 -0.0233714
2216 0.993978 0.109588
2217 0.966744 -0.25575
2218 0.977892 0.209105
2219 0.996365 -0.0852319
2220 0.978383 0.206816
2221 0.95366 0.300884
2222 0.989304 -0.145858
2223 0.998899 -0.0469271
2224 0.983576 -0.180502
2225 0.860715 0.509088
2226 0.781419 -0.624013
2227 0.987764 0.155977
2228 0.997515 0.0703852
2229 0.756421 0.654078
2230 0.976034 0.217611
2231 0.911665 0.410931
2232 0.892418 0.451205
2233 0.97597 -0.21788
2234 0.993176 0.116606
2235 0.993928 0.110035
2236 0.984294 0.176538
2237 0.999939 -0.0110787
2238 0.985261 -0.171066
2239 0.773722 0.633527
2240 0.716681 0.697401
2241 0.976466 -0.215669
2242 0.865285 0.501279
2243 0.886188 -0.463324
2244 0.996525 0.0832961
2245 0.803626 -0.595135
2246 0.891122 0.453759
2247 0.874771 -0.484536
2248 0.893684 0.448698
2249 0.993651 -0.112504
2250 0.998888 0.047152
2251 0.781982 -0.623306
2252 0.719917 0.694064
2253 0.9269 -0.375307
2254 0.929379 -0.369128
2255 0.878154 -0.478377
2256 0.970084 0.24277
2257 0.999245 -0.0388539
2258 0.753021 -0.658
2259 0.999971 0.0078308
2260 0.864846 -0.502046
2261 0.93219 0.36198
2262 0.972136 -0.234403
2263 0.994083 0.108654
2264 0.770249 -0.637748
2265 0.976099 0.217343
2266 0.977722 -0.209911
2267 0.955516 0.29493
2268 0.850363 0.526195
2269 0.966559 -0.256438
2270 0.996959 -0.0779953
2271 0.993086 0.117416
2272 0.314561 0.949236
2273 0.968772 -0.247941
2274 0.995607 0.0935881
2275 0.989043 -0.14763
2276 0.669803 0.742535
2277 0.999999 -0
2278 0.914141 0.405393
2279 0.999877 0.0157004
2280 0.943324 0.331878
2281 0.986642 0.162909
2282 0.996199 0.0871196
2283 0.979753 -0.200208
2284 0.938292 0.345844
2285 0.95048 -0.310784
2286 0.97965 0.200713
2287 0.989095 -0.14728
2288 0.927464 0.373912
2289 0.982955 0.183847
2290 0.943412 -0.331621
2291 0.997747 0.0670955
2292 0.832548 -0.553948
2293 0.924816 0.380414
2294 0.991795 0.12784
2295 0.934561 0.355794
2296 0.667379 -0.744719
2297 0.999501 0.031466
2298 0.999242 -0.0389005
2299 0.944061 0.329783
2300 0.977423 -0.211297
2301 0.972714 0.232016
2302 0.966285 -0.257466
2303 0.750479 0.660897
2304 0.865323 -0.501219
2305 0.757393 -0.652957
2306 0.848535 -0.529147
2307 0.683329 -0.730112
2308 0.999239 0.0389666
2309 0.833842 -0.552005
2310 0.999504 -0.0313624
2311 0.968998 -0.247089
2312 0.953646 0.30093
2313 0.996213 -0.0869545
2314 0.862796 0.505558
2315 0.999876 -0.0157984
2316 0.956251 -0.292561
2317 0.91874 0.394875
2318 0.987904 0.155038
2319 0.943966 0.330031
2320 0.982039 -0.188668
2321 0.987998 -0.154454
2322 0.94133 0.3375
2323 0.924852 0.380329
2324 0.667553 -0.744561
2325 0.953618 -0.301021
2326 0.951343 0.308133
2327 0.972897 0.231254
2328 0.9459 -0.324452
2329 0.99982 0.018947
2330 0.951351 -0.30811
2331 0.996966 -0.077874
2332 0.961897 -0.273411
2333 0.924939 0.380116
2334 0.938764 -0.34456
2335 0.941073 0.338204
2336 0.994993 0.0999502
2337 0.998692 0.0511372
2338 0.959522 0.281634
2339 0.996307 0.085863
2340 0.919155 -0.393898
2341 0.962589 -0.270969
2342 0.990191 -0.139719
2343 0.628592 -0.777733
2344 0.969953 0.243293
2345 0.990039 -0.140808
2346 0.991149 0.132724
2347 0.972286 0.233806
2348 0.979571 -0.201084
2349 0.971049 0.238866
2350 0.941361 0.337399
2351 0.927909 -0.372804
2352 0.995122 -0.0986574
2353 0.98078 -0.195128
2354 0.999249 -0.0387934
2355 0.977313 0.211812
2356 0.994794 -0.101922
2357 0.957983 -0.286827
2358 0.600887 -0.799333
2359 0.994831 0.101566
2360 0.692867 -0.721061
2361 0.998056 -0.0622981
2362 0.974594 -0.22399
2363 0.977551 -0.210708
2364 0.881581 -0.472036
2365 0.998016 0.0629645
2366 0.855817 0.517281
2367 0.929468 -0.368907
2368 0.988022 0.154323
2369 0.44796 -0.894054
2370 0.944483 0.328573
2371 0.970766 -0.24002
2372 0.935863 -0.35236
2373 0.80249 -0.596668
2374 0.656552 0.754284
2375 0.979571 -0.2011
2376 0.751749 -0.659449
2377 0.980201 -0.198003
2378 0.99924 0.0388944
2379 0.993959 -0.109776
2380 0.908958 -0.416896
2381 0.940516 -0.339745
2382 0.95822 0.28604
2383 0.975174 -0.221442
2384 0.989674 0.143336
2385 0.98902 -0.147768
2386 0.869975 -0.493095
2387 0.967067 0.254522
2388 0.965103 0.261853
2389 0.969071 0.246787
2390 0.945467 -0.32572
2391 0.996109 0.0881279
2392 0.998891 -0.047189
2393 0.936169 -0.351544
2394 0.825129 -0.564948
2395 0.070558 0.997508
2396 0.905644 -0.424043
2397 0.945515 0.325586
2398 0.947422 -0.31999
2399 0.979221 0.202797
2400 0.930888 -0.365294
2401 0.956219 -0.292663
2402 0.988801 0.149212
2403 0.928042 -0.372473
2404 0.996229 0.0867367
2405 0.888761 -0.458374
2406 0.990178 -0.139827
2407 0.999878 0.0156476
2408 0.972737 0.231927
2409 0.99217 -0.124911
2410 0.965523 0.260328
2411 0.964814 -0.262933
2412 0.99477 -0.102196
2413 0.610963 0.791657
2414 0.99852 0.0543205
2415 0.999875 -0.0156366
2416 0.997483 -0.0708335
2417 0.960912 0.276854
2418 0.858969 -0.512026
2419 0.940826 -0.338902
2420 0.789551 -0.613687
2421 0.904675 -0.426098
2422 0.345458 -0.938436
2423 0.905367 -0.424632
2424 0.749014 -0.662556
2425 0.904252 -0.427007
2426 0.966622 -0.256182
2427 0.975925 -0.218098
2428 0.997482 -0.0709227
2429 0.95124 0.30846
2430 0.790033 -0.613067
2431 0.993946 0.109836
2432 0.996536 0.0831632
2433 0.962748 -0.270389
2434 0.999125 0.0418338
2435 0.724072 -0.689722
2436 0.999968 -0.00784921
2437 0.921387 -0.388646
2438 0.994051 0.108899
2439 0.922108 -0.386927
2440 0.988031 0.154256
2441 0.71278 -0.701389
2442 0.998893 -0.0469675
2443 0.94265 -0.333796
2444 0.880577 0.473901
2445 0.911341 -0.411659
2446 0.996957 0.0779832
2447 0.938507 0.345263
2448 0.951658 0.307158
2449 0.971988 -0.235049
2450 0.828578 -0.559879
2451 0.998885 -0.0471843
2452 0.976311 -0.216384
2453 0.986538 -0.163521
2454 0.945628 -0.325265
2455 0.935909 0.352228
2456 0.756131 -0.654416
2457 0.988946 0.148262
2458 0.992393 -0.123128
2459 0.999232 0.0391288
2460 0.993948 -0.109854
2461 0.970694 -0.240333
2462 0.72034 0.693624
2463 0.995573 0.0939686
2464 0.93931 0.343074
2465 0.583521 -0.812097
2466 0.983706 0.179759
2467 0.716494 -0.697593
2468 0.769461 -0.638688
2469 0.767489 -0.641057
2470 0.999873 -0.0156427
2471 0.803045 -0.595918
2472 0.99951 0.0313747
2473 0.994754 -0.1023
2474 0.936327 -0.351125
2475 0.894733 -0.446601
2476 0.964675 -0.263456
2477 0.643186 -0.765708
2478 0.971083 -0.238739
2479 0.938157 -0.346224
2480 0.999216 0.039484
2481 0.994857 -0.101306
2482 0.945685 -0.325092
2483 0.996266 -0.0863004
2484 0.854655 -0.519192
2485 0.993872 -0.110529
2486 0.938128 -0.346302
2487 0.899217 0.437499
2488 0.930137 -0.367201
2489 0.977423 0.211297
2490 0.890776 -0.454442
2491 0.998893 0.0469675
2492 0.999983 0.0057898
2493 0.993115 -0.117096
2494 0.991086 0.133242
2495 0.583582 -0.812054
2496 0.97753 -0.210806
