1 0.939367 -0.342908
2 0.908789 0.417252
3 0.945037 -0.326954
4 0.980068 0.198649
5 0.859652 -0.51088
6 0.87955 0.475801
7 0.952461 -0.304652
8 0.997909 0.0646814
9 0.826043 -0.563608
10 0.970298 0.241925
11 0.99998 0.00706153
12 0.985232 0.171236
13 0.871732 -0.489982
14 0.978852 -0.204557
15 0.823512 0.567298
16 0.987209 -0.159433
17 0.944821 0.327571
18 0.996104 -0.0881847
19 0.998488 0.0549772
20 0.996746 0.080603
21 0.968936 -0.247313
22 0.951971 0.30619
23 0.965218 0.261447
24 0.573992 -0.818861
25 0.796024 0.605263
26 0.951914 -0.306363
27 0.985495 -0.169724
28 0.882472 -0.470359
29 0.773181 0.63418
30 0.808624 0.588329
31 0.936304 0.351189
32 0.813425 0.58167
33 0.993606 -0.112932
34 0.856889 0.5155
35 0.840215 -0.542254
36 0.999967 -0.00780023
37 0.999871 0.0160647
38 0.945085 0.326832
39 0.99998 0.00639062
40 0.904807 -0.425825
41 0.919341 -0.393462
42 0.927192 0.374579
43 0.978393 -0.206736
44 0.98902 0.147768
45 0.875713 -0.482839
46 0.992359 0.123406
47 0.926541 -0.376199
48 0.897179 0.441668
49 0.993897 0.110312
50 0.93213 -0.362117
51 0.989656 -0.143499
52 0.877904 -0.478837
53 0.95741 0.288727
54 0.873605 -0.486637
55 0.970792 0.239918
56 0.979223 0.202787
57 0.929065 0.369929
58 0.997679 -0.0681367
59 0.999991 0.00466344
60 0.982703 0.185204
61 0.977542 -0.210729
62 0.637433 0.770506
63 0.887841 -0.460157
64 0.999998 0.0039339
65 0.929853 -0.367927
66 0.967321 0.253555
67 0.727942 -0.685639
68 0.936227 -0.351404
69 0.73751 -0.675332
70 0.999996 0.00313087
71 0.936924 0.349536
72 0.927926 0.372767
73 0.995562 -0.0941748
74 0.768329 0.640053
75 0.96218 -0.272434
76 0.971583 0.236711
77 0.991123 -0.13292
78 0.884586 0.466372
79 0.995819 -0.091312
80 0.971479 0.237111
81 0.78375 -0.621072
82 0.953355 0.301851
83 0.912882 0.408229
84 0.890684 -0.454632
85 0.82583 0.563921
86 0.990191 0.139705
87 0.902154 -0.431405
88 0.895113 0.44584
89 0.666352 0.745634
90 0.986342 -0.164726
91 0.956936 0.290303
92 0.933733 -0.357966
93 0.982735 -0.185026
94 0.927773 -0.373144
95 0.999991 0.00545594
96 0.999989 0.00390319
97 0.991635 -0.129061
98 0.877674 0.479254
99 0.996468 -0.0839915
100 0.956969 -0.290184
101 0.756461 -0.654038
102 0.921021 0.38951
103 0.997158 -0.07531
104 0.993558 0.113326
105 0.913285 0.407319
106 0.991357 0.131213
107 0.933726 0.357984
108 0.929979 0.367603
109 0.824969 0.565179
110 0.957391 0.288798
111 0.987872 0.155274
112 0.997661 0.0683848
113 0.986006 -0.166691
114 0.998089 0.0618123
115 0.999992 -0.00468455
116 0.820701 -0.571355
117 0.989339 -0.145626
118 0.778439 -0.627721
119 0.960158 0.279452
120 0.829267 -0.558849
121 0.891174 0.453671
122 0.850387 -0.526156
123 0.970961 0.239243
124 0.838029 -0.54562
125 0.91036 -0.413821
126 0.670887 -0.741557
127 0.990391 -0.138284
128 0.996299 -0.0859218
129 0.973265 -0.229673
130 0.868492 0.495704
131 0.955474 -0.29506
132 0.970451 0.241316
133 0.788113 -0.615535
134 0.994472 0.104983
135 0.807399 -0.590007
136 0.965619 0.259961
137 0.985902 0.167294
138 0.994146 -0.10802
139 0.737521 -0.675326
140 0.642854 0.765992
141 0.991661 0.128843
142 0.980805 0.194965
143 0.997097 0.0760631
144 0.679508 0.733668
145 0.99327 0.115824
146 0.95127 -0.308352
147 0.995371 0.0961642
148 0.823523 -0.567282
149 0.998097 0.0616285
150 0.999414 -0.0342451
151 0.916992 -0.398918
152 0.937536 -0.347879
153 0.876575 0.481265
154 0.990909 -0.134529
155 0.837542 0.546375
156 0.989529 -0.144321
157 0.992581 -0.121586
158 0.945807 0.324717
159 0.998386 -0.0567341
160 0.983103 -0.183029
161 0.977292 0.211884
162 0.496845 0.867838
163 0.726563 -0.687103
164 0.956072 0.293143
165 0.975968 -0.21793
166 0.99706 0.0765877
167 0.83589 -0.54889
168 0.998457 -0.0555785
169 0.904069 -0.427385
170 0.940273 -0.34043
171 0.994054 -0.10891
172 0.904233 -0.427046
173 0.882432 -0.470446
174 0.955258 -0.295773
175 0.963931 -0.266149
176 0.995574 0.093976
177 0.995824 -0.0912765
178 0.992469 0.122495
179 0.990053 -0.140708
180 0.991776 0.127967
181 0.858854 0.512215
182 0.934767 -0.355257
183 0.959068 0.283177
184 1.00001 -0
185 0.935694 0.352802
186 0.914005 -0.405694
187 0.995116 -0.0986595
188 0.982553 -0.186
189 0.953651 0.30092
190 0.995453 -0.0952782
191 0.701934 0.71224
192 0.938493 -0.345308
193 0.932004 -0.36246
194 1 0.000777927
195 0.956707 -0.291044
196 0.877885 0.478878
197 0.976275 -0.216526
198 0.934574 -0.355767
199 0.984727 -0.174119
200 0.997227 0.0743929
201 0.853156 0.521656
202 0.874713 0.484644
203 0.988076 0.153976
204 0.997458 -0.0711805
205 0.967892 0.251352
206 0.981974 -0.18901
207 0.917072 0.398715
208 0.98792 -0.154984
209 0.989913 0.141685
210 0.955632 -0.294567
211 0.999462 0.032863
212 0.868289 -0.496051
213 0.737628 0.675207
214 0.98276 0.18489
215 0.955399 -0.295323
216 0.990317 0.138824
217 0.885485 0.464675
218 0.661019 -0.750369
219 0.999876 -0.0156819
220 0.976447 0.215765
221 0.999701 -0.0243227
222 0.958638 -0.284639
223 0.900531 0.434798
224 0.987939 -0.154831
225 0.997467 -0.0710911
226 0.997788 0.0664083
227 0.707242 -0.706971
228 0.882251 0.470779
229 0.931151 -0.364648
230 0.999625 -0.027426
231 0.975282 -0.220959
232 0.971609 0.2366
233 0.933018 -0.359834
234 0.955013 0.296566
235 0.999538 0.0302748
236 0.972473 0.232998
237 0.993639 -0.112584
238 0.997324 0.0730468
239 0.937898 -0.346899
240 0.896603 0.442837
241 0.997372 -0.0724559
242 0.663362 -0.748301
243 0.778621 0.627493
244 0.939709 -0.341974
245 0.955276 0.295714
246 0.999987 -0.00550701
247 0.673202 0.739459
248 0.972528 -0.232802
249 0.753795 0.657104
250 0.969747 0.244101
251 0.998432 0.0559374
252 0.907742 -0.419541
253 0.800005 -0.599993
254 0.966464 0.256822
255 0.959628 -0.281256
256 0.996716 0.0809884
257 0.87602 -0.482276
258 0.892694 -0.45066
259 0.986334 -0.164765
260 0.889258 0.457413
261 0.984836 -0.173496
262 0.932078 0.36227
263 0.970909 -0.239457
264 0.996036 -0.0889286
265 0.945294 -0.326235
266 0.979284 0.202468
267 0.904707 0.426031
268 0.746729 0.665131
269 0.999987 -0.00468858
270 0.987715 0.156301
271 0.99702 -0.0770848
272 0.99917 -0.0406771
273 0.960894 -0.276919
274 0.975492 -0.220019
275 0.984665 0.174455
276 0.999781 -0.0211915
277 0.98117 -0.193134
278 0.947277 -0.320407
279 0.79146 0.611224
280 0.926475 0.376365
281 0.694354 0.719637
282 0.811609 -0.5842
283 0.935654 0.352922
284 0.858581 -0.51268
285 0.852195 0.523219
286 0.606441 -0.795126
287 0.998881 -0.0473422
288 0.934696 -0.355459
289 0.978913 -0.204278
290 0.993808 -0.111055
291 0.988563 -0.150797
292 0.984114 0.177515
293 0.953559 -0.301211
294 0.873326 0.487137
295 0.971195 0.238293
296 0.883581 0.468279
297 0.999867 -0.0163264
298 0.231836 0.972756
299 0.973668 0.227967
300 0.969688 0.244336
301 0.996379 -0.0850314
302 0.925739 -0.378167
303 0.673783 0.738928
304 0.981967 -0.189071
305 0.991491 0.130177
306 0.994645 0.103389
307 0.873578 0.486683
308 0.999648 0.0265427
309 0.996837 0.0794343
310 0.997792 -0.0664654
311 0.929 -0.370086
312 0.952874 -0.303357
313 0.909938 -0.414754
314 0.652694 -0.75762
315 0.961625 0.274381
316 0.996865 -0.0791498
317 0.985003 0.172512
318 0.975272 -0.221008
319 0.970958 0.239257
320 0.82864 -0.559786
321 0.967049 -0.25459
322 0.987896 0.155141
323 0.968676 -0.248306
324 0.999725 0.0233988
325 0.997882 -0.0651021
326 0.973514 0.228628
327 0.863355 -0.504599
328 0.982684 0.185276
329 0.995238 -0.097498
330 0.96965 0.244495
331 0.943037 -0.332691
332 0.980805 -0.194965
333 0.930282 -0.36684
334 0.886428 -0.462866
335 0.9856 0.169112
336 0.983656 0.180059
337 0.981605 0.190924
338 0.977665 -0.210148
339 0.958096 0.286443
340 0.995464 0.0951135
341 0.9136 0.406613
342 0.938604 -0.345007
343 0.861272 0.508141
344 0.980168 0.198155
345 0.953128 0.302551
346 0.992795 -0.119847
347 0.94418 0.329428
348 0.840286 -0.542141
349 0.990624 -0.136625
350 0.997432 -0.0715966
351 0.907124 -0.420871
352 0.94242 0.334446
353 0.863542 0.504274
354 0.842734 0.538335
355 0.899294 -0.43734
356 0.999738 -0.0230175
357 0.977409 -0.211377
358 0.871861 0.489757
359 0.995664 0.0930375
360 0.94693 -0.32144
361 0.932668 0.360746
362 0.988751 -0.149562
363 0.910032 -0.414541
364 0.990185 0.139781
365 0.980318 -0.197443
366 0.999319 0.0367678
367 0.989799 -0.142463
368 0.792127 -0.610359
369 0.835774 -0.549067
370 0.994892 0.100922
371 0.983167 -0.182685
372 0.81849 -0.574514
373 0.963896 0.266276
374 0.680256 -0.732975
375 0.965284 0.261187
376 0.925832 -0.377931
377 0.967349 0.253458
378 0.888029 -0.459792
379 0.909904 0.414823
380 0.921445 -0.388506
381 0.997303 -0.0733702
382 0.973088 -0.230444
383 0.955977 0.293434
384 0.877405 -0.479749
385 0.641357 -0.76724
386 0.879449 0.475994
387 0.949591 -0.313489
388 0.876251 0.48185
389 0.954595 -0.297918
390 0.984518 -0.175304
391 0.997575 -0.0695338
392 0.851587 0.524205
393 0.999141 0.0414071
394 0.946042 0.324049
395 0.93129 -0.364271
396 0.931483 -0.363789
397 0.987247 0.159206
398 0.9941 -0.108461
399 0.88494 -0.465705
400 0.957891 -0.287141
401 0.702525 0.711657
402 0.959738 -0.280904
403 0.794151 0.607721
404 0.922873 -0.385102
405 0.985521 -0.169562
406 0.740443 -0.672118
407 0.972612 -0.23245
408 0.982281 0.187408
409 0.989063 -0.147488
410 0.997898 -0.0648379
411 0.957866 -0.2872
412 0.842362 -0.53891
413 0.875079 -0.483983
414 0.699426 -0.714708
415 0.997422 0.0717559
416 0.994709 0.102779
417 0.999514 -0.0311475
418 0.687141 0.726524
419 0.946011 -0.324129
420 0.818476 0.574536
421 0.967149 -0.254198
422 0.855172 -0.518345
423 0.994636 -0.103394
424 0.999345 0.0362124
425 0.984624 0.174683
426 0.884489 0.466563
427 0.999435 -0.0337454
428 0.96083 0.277131
429 0.997205 0.0747534
430 0.988744 0.149619
431 0.851312 -0.524659
432 0.97787 0.209213
433 0.997705 0.0677188
434 0.947773 -0.318941
435 0.863875 0.503704
436 0.996954 0.078047
437 0.971321 0.237784
438 0.985938 -0.167119
439 0.898518 0.438933
440 0.734701 -0.678394
441 0.999724 0.02345
442 0.987165 -0.159698
443 0.904103 0.427315
444 0.998312 -0.0580702
445 0.957359 -0.288883
446 0.939306 0.343077
447 0.922406 -0.386209
448 0.995971 0.0897135
449 0.841817 -0.539768
450 0.996822 -0.079611
451 0.956437 -0.29194
452 0.963165 0.268913
453 0.961609 0.274424
454 0.931794 0.363
455 0.963958 0.266075
456 0.871367 0.490633
457 0.986559 0.163402
458 0.995926 0.0901207
459 0.995822 -0.0913173
460 0.942986 -0.332844
461 0.941117 -0.338084
462 0.982716 0.185114
463 0.999879 -0.0156758
464 0.960053 0.279825
465 0.999074 -0.0429888
466 0.99999 0.00473184
467 0.988045 -0.154179
468 0.845641 -0.53376
469 0.989232 -0.146359
470 0.874371 -0.485263
471 0.679053 0.734085
472 0.999958 0.00945612
473 0.935248 0.353999
474 0.999863 -0.0165087
475 0.895621 0.444818
476 0.757819 -0.652469
477 0.960015 0.279947
478 0.728911 -0.684612
479 0.889012 -0.457878
480 0.71509 -0.699031
481 0.999753 0.0219945
482 0.999708 0.0242653
483 0.977327 -0.211732
484 0.888816 0.45827
485 0.9932 0.116443
486 0.912207 0.409734
487 0.999179 0.0405566
488 0.991119 -0.132982
489 0.870777 -0.491672
490 0.897766 -0.440478
491 0.979879 -0.199578
492 0.993611 0.112824
493 0.955081 0.296349
494 0.93512 -0.354322
495 0.998699 0.0510136
496 0.997148 0.0754578
497 0.986126 0.166035
498 0.952151 -0.305631
499 0.942099 0.335336
500 0.745259 -0.666773
501 0.882923 0.469518
502 0.997544 -0.0700258
503 0.995257 0.0972583
504 0.972658 0.232229
505 0.9894 -0.145226
506 0.868807 0.495145
507 0.915848 0.401514
508 0.878024 0.478615
509 0.872713 0.488244
510 0.693147 -0.720796
511 0.923036 0.384721
512 0.985581 -0.169197
513 0.99991 -0.0132292
514 0.985016 0.17245
515 0.737926 -0.674882
516 0.862111 0.506725
517 0.791837 -0.610736
518 0.946023 -0.324094
519 0.768377 -0.64
520 0.953228 0.30225
521 0.999968 0.00866813
522 0.909904 0.414826
523 0.958406 0.28541
524 0.884869 0.465844
525 0.980665 -0.19572
526 0.990517 0.137378
527 0.949739 -0.313041
528 0.95459 0.297922
529 0.958086 0.286479
530 0.803747 -0.594969
531 0.901993 -0.431756
532 0.95809 -0.286481
533 0.931328 -0.364174
534 0.718906 -0.695105
535 0.994752 -0.102305
536 0.957682 -0.287843
537 0.999919 0.012614
538 0.775783 -0.630997
539 0.971346 -0.237646
540 0.993095 0.117315
541 0.993541 0.113493
542 0.976365 -0.216114
543 0.994529 -0.104465
544 0.881083 0.472965
545 0.98696 -0.160956
546 0.87087 0.491519
547 0.992269 -0.124102
548 0.974354 -0.225022
549 0.999516 -0.0310798
550 0.955605 -0.294657
551 0.949471 0.313872
552 0.94662 -0.322365
553 0.963972 -0.265988
554 0.995681 -0.0928387
555 0.947301 -0.320358
556 0.810354 0.585938
557 0.919936 -0.392058
558 0.999484 -0.0321059
559 0.579139 -0.815226
560 0.983206 -0.182529
561 0.979032 0.203724
562 0.995143 -0.0984177
563 0.855766 0.517372
564 0.958432 -0.285331
565 0.937451 0.348101
566 0.974723 -0.223412
567 0.95204 0.305988
568 0.912029 -0.410117
569 0.999762 -0.0218391
570 0.684772 -0.728758
571 0.990191 0.139733
572 0.789867 -0.613277
573 0.993461 0.114143
574 0.990906 0.134528
575 0.97353 0.228568
576 0.998424 -0.0561321
577 0.998294 -0.0584179
578 0.942649 0.333781
579 0.993099 -0.117276
580 0.92318 0.384366
581 0.9971 -0.0761347
582 0.853741 0.520696
583 0.741226 -0.671259
584 0.925701 0.378256
585 0.997852 -0.0654716
586 0.984436 0.175762
587 0.68919 -0.724577
588 0.997643 -0.0685679
589 0.917159 0.398519
590 0.975018 -0.222127
591 0.753934 0.656945
592 0.986227 -0.165363
593 0.965597 0.260053
594 0.945263 -0.326318
595 0.898208 0.439569
596 0.951513 0.30761
597 0.953329 0.301924
598 0.785071 -0.619406
599 0.926409 -0.37653
600 0.903515 0.428563
601 0.889103 -0.457711
602 0.991584 -0.129468
603 0.939771 -0.341801
604 0.934565 -0.355778
605 0.562181 0.827016
606 0.966552 0.256466
607 0.974707 -0.223509
608 0.899999 -0.435891
609 0.993312 -0.115452
610 0.972858 0.231384
611 0.999977 -0.00699295
612 0.997619 -0.0689637
613 0.987051 -0.160427
614 0.976551 0.215285
615 0.840864 -0.541251
616 0.971056 0.23884
617 0.985373 -0.170397
618 0.961423 0.275075
619 0.942417 -0.334437
620 0.999232 0.039267
621 0.984862 0.173321
622 0.937535 0.34789
623 0.925373 -0.379057
624 0.965831 0.259171
625 0.989728 0.142964
626 0.950596 -0.310434
627 0.989255 -0.146234
628 0.872454 -0.488703
629 0.985706 0.168499
630 0.944838 -0.327543
631 0.95364 0.300959
632 0.976118 -0.217248
633 0.961806 -0.273734
634 0.920769 -0.390113
635 0.998098 -0.0616595
636 0.870917 0.491421
637 0.974228 -0.225577
638 0.998897 0.0469785
639 0.999169 -0.0407217
640 0.974574 0.224046
641 0.999986 -0.00470402
642 0.964387 0.264483
643 0.985339 0.170591
644 0.893421 0.449219
645 0.973387 -0.229169
646 0.996981 0.0776587
647 0.995574 0.0939705
648 0.937971 0.346705
649 0.991816 0.127668
650 0.967306 0.253594
651 0.999947 0.010111
652 0.973697 -0.227853
653 0.976544 0.2153
654 0.90037 0.435129
655 0.931899 0.362727
656 0.816792 0.576935
657 0.919178 0.393837
658 0.999468 -0.032508
659 0.954827 0.29715
660 0.932504 -0.361149
661 0.902603 0.43048
662 0.911238 -0.411874
663 0.996177 -0.0873862
664 0.916675 -0.399632
665 0.99798 0.0635222
666 0.997819 -0.0659961
667 0.877404 0.479744
668 0.999607 -0.0280336
669 0.999878 -0.0157103
670 0.845514 -0.533951
671 0.980565 0.196176
672 0.963403 -0.268055
673 0.949525 -0.313696
674 0.941525 0.336957
675 0.988789 -0.149341
676 0.995894 0.0905084
677 0.997728 -0.0673408
678 0.964308 -0.264783
679 0.867248 -0.497885
680 0.947355 -0.320173
681 0.802165 -0.597106
682 0.927044 0.374943
683 0.999914 0.0133298
684 0.733826 -0.679342
685 0.999879 0.015543
686 0.988976 -0.148051
687 0.990681 -0.13619
688 0.972982 -0.230887
689 0.998218 -0.0596513
690 0.926841 -0.375448
691 0.976931 0.21354
692 0.973292 -0.229589
693 0.767211 0.64139
694 0.987806 0.155712
695 0.988728 0.149723
696 0.994137 0.108176
697 0.994235 0.107257
698 0.984979 0.172662
699 0.999958 0.00855621
700 0.895229 0.445602
701 0.996385 0.084952
702 0.947718 0.319101
703 0.966345 0.257268
704 0.98378 0.179396
705 0.86644 -0.499282
706 0.88754 0.460729
707 0.862512 0.506033
708 0.919863 0.392245
709 0.907702 -0.419605
710 0.948833 0.315764
711 0.996552 0.0829099
712 0.99189 0.127092
713 0.989751 -0.142807
714 0.999242 0.0388099
715 0.999758 -0.0219074
716 0.984159 0.177303
717 0.999737 -0.0227253
718 0.999585 0.0288059
719 0.701569 -0.712601
720 0.951345 0.308128
721 0.730371 0.68305
722 0.808274 -0.588812
723 0.999162 0.0408064
724 0.977841 -0.209326
725 0.969848 0.243701
726 0.999957 0.00945538
727 0.980272 0.19763
728 0.996041 0.0889009
729 0.944061 0.329777
730 0.99402 0.109246
731 0.997883 0.0651299
732 0.911535 0.411222
733 0.919229 -0.393718
734 0.98867 -0.150134
735 0.914315 -0.404996
736 0.990289 0.139027
737 0.895827 -0.444396
738 0.998162 0.0606812
739 0.898675 -0.438612
740 0.964423 0.264374
741 0.995374 0.096033
742 0.867724 0.497044
743 0.952146 0.305644
744 0.892735 0.450573
745 0.968721 -0.248172
746 0.885294 0.465031
747 0.802836 0.596204
748 0.974214 0.225613
749 0.875299 0.483587
750 0.848676 0.528918
751 0.982291 0.187365
752 0.79981 0.600251
753 0.832118 0.554598
754 0.974933 0.222479
755 0.986493 0.16382
756 0.991617 -0.129212
757 0.95834 0.285627
758 0.9706 0.240702
759 0.995797 0.0915618
760 0.993329 -0.115304
761 0.927057 -0.374915
762 0.892333 -0.451378
763 0.867692 0.497097
764 0.989735 -0.142922
765 0.869253 0.494364
766 0.935795 -0.352538
767 0.968299 0.249806
768 0.999875 -0.0156366
769 0.835475 -0.549524
770 0.997881 -0.0650588
771 0.598909 -0.800815
772 0.807648 0.58967
773 0.800216 -0.599707
774 0.973906 0.22696
775 0.840594 -0.541666
776 0.592814 0.805342
777 0.775816 -0.630961
778 0.996407 -0.0846821
779 0.901363 0.433069
780 0.891067 -0.45387
781 0.997858 -0.0654391
782 0.999951 0.0102627
783 0.998748 -0.0501078
784 0.999951 -0.00994228
785 0.881518 0.472149
786 0.974842 -0.222907
787 0.996 0.0893238
788 0.963232 -0.268663
789 0.841565 0.540155
790 0.879557 -0.475796
791 0.992017 0.12613
792 0.994057 0.108851
793 0.957589 0.288147
794 0.941991 -0.335649
795 0.799223 0.601036
796 0.812294 0.583252
797 0.911767 0.410701
798 0.966927 -0.255067
799 0.969845 0.243733
800 0.999232 0.0390829
801 0.844077 -0.536223
802 0.764586 0.644526
803 0.999688 -0.0249584
804 0.763996 0.645221
805 0.887093 -0.46159
806 0.845661 0.533712
807 0.939366 0.342912
808 0.968091 -0.25059
809 0.946852 -0.321673
810 0.739 0.673709
811 0.985426 -0.170132
812 0.992051 -0.125827
813 0.997111 -0.0758848
814 0.991304 0.131581
815 0.921567 -0.388219
816 0.900686 -0.43447
817 0.862414 0.506204
818 0.991284 -0.13174
819 0.903601 0.428376
820 0.878419 -0.477892
821 0.814594 -0.58003
822 0.977923 -0.208976
823 0.999484 0.0321059
824 0.794125 0.607754
825 0.94109 0.338161
826 0.950349 -0.31119
827 0.979196 -0.202905
828 0.991208 -0.132319
829 0.920425 -0.390928
830 0.943258 0.33207
831 0.850042 -0.52671
832 0.926594 0.376062
833 0.999841 0.0180666
834 0.967377 0.253339
835 0.968831 -0.247713
836 0.998831 0.0483955
837 0.99916 -0.0409655
838 0.968234 0.250045
839 0.593831 -0.80459
840 0.997821 -0.0659806
841 0.997134 -0.0757014
842 0.991287 0.131753
843 0.603806 0.797133
844 0.906917 -0.421303
845 0.968094 -0.250589
846 0.935564 0.353157
847 0.977954 -0.208807
848 0.984535 0.175174
849 0.979139 0.203198
850 0.981922 0.189267
851 0.914696 0.404144
852 0.997582 -0.0695629
853 0.968913 0.247401
854 0.999564 -0.0296137
855 0.825569 0.564309
856 0.999914 0.0133225
857 0.507537 0.861629
858 0.961328 0.275409
859 0.89006 0.455853
860 0.867496 -0.497449
861 0.912621 -0.408796
862 0.575264 -0.817971
863 0.997988 -0.0633865
864 0.96739 -0.253292
865 0.94848 -0.316835
866 0.751374 0.659879
867 0.95149 -0.30768
868 0.817942 0.575302
869 0.920734 -0.390191
870 0.94272 0.333582
871 0.986714 -0.162454
872 0.917111 0.398632
873 0.965286 -0.261191
874 0.999736 0.022777
875 0.927674 0.373395
876 0.997133 -0.075636
877 0.949879 -0.31261
878 0.973479 0.228786
879 0.951373 0.308042
880 0.988398 -0.151884
881 0.915057 0.403323
882 0.990226 0.139482
883 0.818959 0.573854
884 0.950719 -0.310055
885 0.995042 -0.0994477
886 0.904044 -0.427436
887 0.984452 0.175654
888 0.908527 -0.417825
889 0.999685 -0.0250973
890 0.914723 -0.404077
891 0.998891 0.0469895
892 0.865217 -0.501393
893 0.912003 -0.410183
894 0.987795 -0.155759
895 0.989298 0.145904
896 0.941449 -0.337145
897 0.947847 -0.31872
898 0.946935 0.321432
899 0.993061 0.117599
900 0.991739 -0.128266
901 0.79981 0.600251
902 0.948701 0.316164
903 0.675579 0.737288
904 0.996177 -0.0873862
905 0.997566 -0.0697637
906 0.981416 0.191898
907 0.993883 -0.110445
908 0.994938 -0.100456
909 0.933197 -0.359374
910 0.969557 0.244865
911 0.985099 -0.172002
912 0.993284 -0.115705
913 0.983559 -0.180604
914 0.947512 -0.319733
915 0.981112 0.193442
916 0.987599 0.156998
917 0.991062 0.133402
918 0.993898 0.110307
919 0.876873 -0.480713
920 0.798856 -0.601519
921 0.983602 0.180365
922 0.980077 -0.198628
923 0.981732 -0.19029
924 0.998506 -0.0546646
925 0.931526 -0.363671
926 0.920591 -0.39053
927 0.73112 -0.682246
928 0.950727 0.31003
929 0.86476 -0.502186
930 0.986082 0.166262
931 0.778653 -0.627456
932 0.983922 0.178601
933 0.999937 0.0111837
934 0.973873 0.227111
935 0.871818 -0.489824
936 0.999628 -0.0274002
937 0.885741 -0.464174
938 0.994788 0.101963
939 0.998524 0.0542995
940 0.995669 -0.0929988
941 0.998835 -0.0483201
942 0.974641 0.223769
943 0.864542 -0.502568
944 0.945165 0.326589
945 0.998971 -0.0453321
946 0.999626 -0.0272551
947 0.958181 0.286162
948 0.932038 -0.362362
949 0.824153 0.566372
950 0.845587 -0.533837
951 0.947464 -0.319855
952 0.948679 -0.31624
953 0.990115 -0.14025
954 0.987512 0.157551
955 0.981564 -0.191131
956 0.887806 -0.460212
957 0.874177 0.485602
958 0.906822 -0.421514
959 0.651113 0.758981
960 0.987442 0.157965
961 0.856945 -0.515408
962 0.884252 0.467011
963 0.641253 -0.76733
964 0.816581 0.577232
965 0.952325 -0.305078
966 0.601824 0.798631
967 0.760397 -0.649455
968 0.975481 0.22009
969 0.996412 -0.0846423
970 0.974994 -0.222236
971 0.538081 0.84289
972 0.999391 -0.0349523
973 0.881663 0.471879
974 0.981717 0.190328
975 0.998942 -0.0459981
976 0.974474 0.224499
977 0.951421 0.307881
978 0.807771 -0.589498
979 0.997602 -0.0691666
980 0.999033 0.043976
981 0.999998 0.00313651
982 0.996768 0.0802988
983 0.799392 0.600816
984 0.907966 -0.419044
985 0.908175 -0.418591
986 0.536113 -0.844144
987 0.928666 0.370912
988 0.998894 -0.0470264
989 0.992969 0.118371
990 0.735497 0.677531
991 0.962942 0.269706
992 0.897119 -0.441785
993 0.996075 0.0884894
994 0.999622 -0.0275095
995 0.980722 -0.195392
996 0.951074 0.308975
997 0.969889 0.243557
998 0.936064 0.351833
999 0.999961 -0.00862058
1000 0.932059 -0.362312
1001 0.664981 -0.74686
1002 0.908972 0.416849
1003 0.929812 -0.368024
1004 0.88708 0.461618
1005 0.998874 -0.0474896
1006 0.988651 0.150212
1007 0.994408 -0.105598
1008 0.88106 0.473002
1009 0.996753 -0.0805171
1010 0.943962 -0.330052
1011 0.976394 -0.215997
1012 0.998615 -0.0526436
1013 0.977079 -0.212877
1014 0.995775 -0.0918281
1015 0.972102 -0.234557
1016 0.987515 -0.157521
1017 0.982009 -0.188843
1018 0.999689 -0.024846
1019 0.993726 0.111821
1020 0.982334 0.187131
1021 0.951849 -0.30658
1022 0.895947 0.444152
1023 0.996406 -0.0847111
1024 0.992932 0.118714
1025 0.975448 -0.220226
1026 0.987017 -0.160619
1027 0.900665 -0.434515
1028 0.984191 0.177112
1029 0.820064 -0.572276
1030 0.893367 0.44932
1031 0.990018 -0.140962
1032 0.988353 0.152177
1033 0.900395 -0.435078
1034 0.970996 -0.239096
1035 0.999236 -0.0391839
1036 0.991877 0.127236
1037 0.940255 -0.340479
1038 0.965673 -0.259755
1039 0.941976 -0.33568
1040 0.999705 -0.0244262
1041 0.979818 -0.199871
1042 0.658368 -0.752696
1043 0.913212 0.407478
1044 0.719244 -0.694757
1045 0.991335 0.131315
1046 0.833339 0.552759
1047 0.989894 -0.141812
1048 0.910779 0.412904
1049 0.982804 -0.18465
1050 0.879372 -0.476134
1051 0.998941 -0.0460771
1052 0.624111 -0.781334
1053 0.95948 0.281768
1054 0.971277 0.237952
1055 0.999534 -0.0305834
1056 0.892545 -0.450963
1057 0.97395 0.226763
1058 0.838917 0.54426
1059 0.983955 0.178418
1060 0.796593 0.604512
1061 0.915708 -0.401845
1062 0.999352 -0.0359971
1063 0.913946 -0.405839
1064 0.932945 0.360022
1065 0.931599 -0.363477
1066 0.981435 0.191806
1067 0.996063 -0.0886687
1068 0.999743 0.0227217
1069 0.983098 0.183101
1070 0.990875 0.134769
1071 0.955094 0.296304
1072 0.982478 -0.186406
1073 0.972261 -0.233897
1074 0.99663 -0.0820288
1075 0.93462 0.35565
1076 0.927913 -0.372795
1077 0.959371 -0.282137
1078 0.997282 0.0736055
1079 0.999594 -0.0282869
1080 0.97763 -0.210344
1081 0.930299 -0.366797
1082 0.998748 -0.0501078
1083 0.879472 0.475943
1084 0.975391 -0.220499
1085 0.990268 0.139167
1086 0.982646 -0.185506
1087 0.979572 0.201113
1088 0.993904 0.110272
1089 0.999809 -0.0196219
1090 0.99228 -0.12399
1091 0.801489 -0.598012
1092 0.998037 0.062654
1093 0.827054 -0.562119
1094 0.999974 0.00703119
1095 0.991944 0.12671
1096 0.999997 -0.00390929
1097 0.999435 0.0337454
1098 0.937361 0.348361
1099 0.999764 -0.0217543
1100 0.94956 -0.313577
1101 0.433317 -0.901243
1102 0.495369 -0.868682
1103 0.940726 -0.339152
1104 0.967559 -0.252646
1105 0.952697 0.303932
1106 0.993746 -0.111694
1107 0.956848 0.2906
1108 0.999868 -0.0165172
1109 0.988357 0.152129
1110 0.981722 -0.190334
1111 0.992446 -0.122689
1112 0.998056 0.0622593
1113 0.999404 -0.034403
1114 0.95194 -0.306293
1115 0.997471 -0.0710066
1116 0.832425 0.55414
1117 0.999135 0.0415141
1118 0.963159 0.268924
1119 0.956627 -0.291328
1120 0.915845 0.401534
1121 0.989622 -0.143684
1122 0.978696 0.205318
1123 0.854992 -0.51864
1124 0.877641 0.47932
1125 0.959546 0.281554
1126 0.999383 -0.0351379
1127 0.987069 -0.160304
1128 0.981071 -0.193651
1129 0.999888 -0.0148154
1130 0.982107 0.1883
1131 0.778193 -0.628029
1132 0.998365 -0.0571111
1133 0.987465 -0.157805
1134 0.964284 0.264887
1135 0.985722 0.168376
1136 0.887671 0.460484
1137 0.950993 -0.30921
1138 0.971951 -0.235192
1139 0.989625 -0.143699
1140 0.803505 -0.595294
1141 0.996075 -0.0884894
1142 0.928509 -0.371321
1143 0.999658 -0.0260017
1144 0.99561 -0.0935371
1145 0.998621 0.0525655
1146 0.992998 -0.118149
1147 0.826706 0.562631
1148 0.998654 -0.051863
1149 0.984648 -0.174536
1150 0.967948 0.251146
1151 0.98806 -0.154068
1152 0.898565 0.438837
1153 0.999197 0.0400139
1154 0.989978 -0.141225
1155 0.83373 -0.552169
1156 0.994382 0.10588
1157 0.998335 -0.0576794
1158 0.881627 0.471946
1159 0.983159 -0.182775
1160 0.943852 0.330363
1161 0.984812 -0.173607
1162 0.968784 0.247884
1163 0.999724 -0.0234371
1164 0.971622 -0.23654
1165 0.888344 0.45918
1166 0.99351 0.113722
1167 0.995429 0.0955336
1168 0.852561 -0.52263
1169 0.996249 0.0865038
1170 0.983853 -0.17898
1171 0.99968 -0.0252796
1172 0.999653 -0.02636
1173 0.993009 -0.118048
1174 0.989075 -0.147423
1175 0.634841 0.772644
1176 0.846288 -0.532719
1177 0.713862 -0.700289
1178 0.96955 0.244899
1179 0.991858 -0.127382
1180 0.853103 -0.521748
1181 0.935974 0.352076
1182 0.972298 -0.233761
1183 0.767326 0.641252
1184 0.938935 0.344091
1185 0.971951 -0.235192
1186 0.895728 0.4446
1187 0.987923 -0.154969
1188 0.935117 -0.354327
1189 0.624543 -0.780988
1190 0.989626 -0.143677
1191 0.979133 -0.203233
1192 0.949492 -0.313782
1193 0.983686 -0.179888
1194 0.981022 0.193881
1195 0.98603 0.166568
1196 0.980252 0.197732
1197 0.999896 0.014051
1198 0.912207 -0.409734
1199 0.907851 0.419297
1200 0.991883 -0.127158
1201 0.944514 -0.328476
1202 0.498484 -0.8669
1203 0.945588 0.325363
1204 0.988439 -0.151619
1205 0.999993 0.00313467
1206 0.989482 -0.144646
1207 0.987714 -0.156265
1208 0.838381 -0.54509
1209 0.986049 0.166446
1210 0.813993 -0.580875
1211 0.988288 -0.152578
1212 0.929911 0.36779
1213 0.910112 -0.414358
1214 0.96901 -0.247032
1215 0.805341 -0.59281
1216 0.933644 0.358205
1217 0.995231 -0.0975312
1218 0.958273 0.285856
1219 0.996738 -0.0806758
1220 0.963787 0.266664
1221 0.996492 0.0836933
1222 0.999268 0.0381852
1223 0.988219 -0.153038
1224 0.936366 0.35101
1225 0.989757 -0.142729
1226 0.986722 0.162404
1227 0.974281 -0.225335
1228 0.86505 0.50168
1229 0.997176 0.0751
1230 0.837387 0.546603
1231 0.992199 -0.124688
1232 0.959766 -0.280801
1233 0.930541 -0.366188
1234 0.999999 0.00158982
1235 0.955876 -0.293786
1236 0.932865 -0.360217
1237 0.947429 0.319966
1238 0.9916 -0.129346
1239 0.950586 0.310467
1240 0.972183 -0.234209
1241 0.989609 0.143796
1242 0.604827 -0.796356
1243 0.988645 -0.150242
1244 0.98878 0.149349
1245 0.990177 -0.139799
1246 0.881674 0.471867
1247 0.999581 -0.0289474
1248 0.998971 0.0454386
1249 0.974258 0.225449
1250 0.999949 -0.0101162
1251 0.868876 -0.49503
1252 0.998484 -0.0550125
1253 0.943667 -0.330893
1254 0.771017 0.636812
1255 0.958669 -0.28451
1256 0.967423 0.253165
1257 0.889258 -0.457416
1258 0.911448 -0.41142
1259 0.931421 0.363944
1260 0.983724 -0.179675
1261 0.990899 0.134621
1262 0.770862 -0.637008
1263 0.898831 -0.438292
1264 0.99813 0.0612047
1265 0.969233 0.246138
1266 0.961315 -0.275452
1267 0.790951 0.611883
1268 0.983195 -0.182558
1269 0.995294 -0.0968714
1270 0.856177 -0.516674
1271 0.942407 -0.334463
1272 0.998642 0.052189
1273 0.934604 0.355698
1274 0.986733 -0.16232
1275 0.976832 0.21399
1276 0.866104 -0.499862
1277 0.916351 0.400369
1278 0.987159 -0.15976
1279 0.991861 0.127329
1280 0.98912 -0.147136
1281 0.889356 -0.457213
1282 0.999562 -0.0295914
1283 0.981566 0.191101
1284 0.999661 -0.0260337
1285 0.999291 -0.0375497
1286 0.993016 0.118007
1287 0.927532 0.373743
1288 0.991047 -0.1335
1289 0.998716 0.050601
1290 0.987108 -0.160051
1291 0.999385 -0.0352038
1292 0.930397 0.366565
1293 0.618038 0.786151
1294 0.978625 -0.205652
1295 0.786017 0.618209
1296 0.932845 -0.360279
1297 0.999971 -0.00781224
1298 0.974774 -0.223182
1299 0.916218 0.400685
1300 0.908344 -0.418229
1301 0.852411 0.522865
1302 0.993724 -0.111857
1303 0.9786 0.205788
1304 0.902741 -0.430195
1305 0.998778 0.0494533
1306 0.995067 -0.0991841
1307 0.977622 0.210371
1308 0.989028 -0.147722
1309 0.857943 -0.513751
1310 0.990378 0.138385
1311 0.982478 0.186377
1312 0.673643 0.739059
1313 0.357933 -0.933747
1314 0.902129 0.431473
1315 0.957036 0.28997
1316 0.998298 0.0583626
1317 0.933492 -0.358584
1318 0.97926 0.202609
1319 0.993869 0.110592
1320 0.838243 0.545291
1321 0.889103 -0.457713
1322 0.927937 -0.372731
1323 0.831707 -0.555209
1324 0.903934 0.427662
1325 0.850771 -0.525536
1326 0.99507 0.09914
1327 0.932251 -0.361803
1328 0.999968 0.00866813
1329 0.892143 -0.451749
1330 0.971688 -0.236267
1331 0.913122 -0.407686
1332 0.967995 -0.250965
1333 0.968774 0.247928
1334 0.898348 -0.439282
1335 0.884822 0.465928
1336 0.980325 -0.197407
1337 0.950652 0.310272
1338 0.875321 -0.483546
1339 0.99988 0.0155878
1340 0.23576 -0.971812
1341 0.978285 -0.207282
1342 0.97739 0.211461
1343 0.998731 0.0504049
1344 0.997808 0.0661446
1345 0.989119 -0.147134
1346 0.94623 0.323493
1347 0.999135 0.041638
1348 0.827491 0.561483
1349 0.99989 -0.0149354
1350 0.969946 0.243308
1351 0.725697 -0.688019
1352 0.959924 0.280255
1353 0.839718 -0.543018
1354 0.875568 0.4831
1355 0.961985 0.27311
1356 0.996808 0.0798131
1357 0.998808 0.048897
1358 0.997903 -0.0646511
1359 0.890441 0.455094
1360 0.995645 0.0932389
1361 0.869237 -0.494391
1362 0.943682 -0.330845
1363 0.891064 0.453879
1364 0.990823 0.135144
1365 0.999454 -0.0328655
1366 0.99889 -0.0470153
1367 0.86474 0.502215
1368 0.997336 0.0729605
1369 0.984352 0.176234
1370 0.968021 -0.250849
1371 0.995318 0.0966657
1372 0.903083 -0.429465
1373 0.964185 0.265242
1374 0.996328 0.0855962
1375 0.990379 0.138369
1376 0.992637 -0.121097
1377 0.885928 -0.463823
1378 0.999454 0.0329609
1379 0.961711 -0.274067
1380 0.926699 0.375806
1381 0.933453 -0.358691
1382 0.944659 0.328064
1383 0.757746 -0.65255
1384 0.987417 0.158125
1385 0.932039 -0.362347
1386 0.917191 0.398449
1387 0.999985 -0.00546732
1388 0.836233 0.548376
1389 0.793675 -0.608341
1390 0.997141 -0.0755765
1391 0.913306 0.407274
1392 0.910182 -0.41421
1393 0.98569 0.168579
1394 0.945769 0.324826
1395 0.979552 0.201218
1396 0.916371 0.400333
1397 0.9614 0.275154
1398 0.964422 -0.264387
1399 0.937677 -0.347517
1400 0.905379 -0.424606
1401 0.745721 0.666261
1402 0.97534 0.220699
1403 0.988474 -0.151417
1404 0.999761 0.0218989
1405 0.935569 -0.353134
1406 0.909638 0.415415
1407 0.995575 -0.0939741
1408 0.957428 0.288682
1409 0.949199 -0.314677
1410 0.982856 0.184366
1411 0.989562 0.144095
1412 0.957477 -0.288508
1413 0.696341 -0.717708
1414 0.640547 0.76792
1415 0.962348 -0.271824
1416 0.980864 0.194695
1417 0.934709 -0.35542
1418 0.957393 -0.288792
1419 0.999196 -0.040128
1420 0.996247 0.0864902
1421 0.970766 -0.24002
1422 0.93473 -0.355366
1423 0.911008 -0.41239
1424 0.996587 0.0825811
1425 0.970211 -0.242256
1426 0.992499 -0.122233
1427 0.937535 0.34789
1428 0.949043 -0.31515
1429 0.988774 -0.149427
1430 0.90841 -0.418085
1431 0.998199 -0.0599788
1432 0.999993 -0.00470586
1433 0.975889 -0.218256
1434 0.950439 -0.310901
1435 0.999511 -0.0312581
1436 0.997552 -0.069926
1437 0.968935 -0.247317
1438 0.999312 0.0370747
1439 0.724199 -0.689588
1440 0.999653 0.0264766
1441 0.972712 -0.232014
1442 0.984763 0.173934
1443 0.946178 -0.323644
1444 0.818076 0.575102
1445 0.999997 -0.00388983
1446 0.97339 0.229137
1447 0.988804 0.149213
1448 0.999238 -0.0389824
1449 0.9954 0.0957921
1450 0.934774 0.355234
1451 0.98792 0.154942
1452 0.918877 -0.394544
1453 0.883237 0.468922
1454 0.853608 -0.520911
1455 0.992096 0.125482
1456 0.942949 -0.33293
1457 0.998364 -0.0571749
1458 0.723712 -0.690102
1459 0.999465 -0.0327553
1460 0.995065 0.099257
1461 0.999522 0.030791
1462 0.983116 -0.182987
1463 0.915379 0.402592
1464 0.985912 -0.167249
1465 0.989312 -0.14579
1466 0.957549 -0.288278
1467 0.946641 0.322305
1468 0.999895 0.0141783
1469 0.968735 -0.248098
1470 0.949782 -0.3129
1471 0.979445 0.201692
1472 0.999762 -0.0219762
1473 0.952699 0.30391
1474 0.810235 0.586107
1475 0.992137 -0.125161
1476 0.988833 0.149001
1477 0.999955 -0.00941162
1478 0.996373 0.0851177
1479 0.884286 -0.46694
1480 0.886799 0.462147
1481 0.964436 -0.264319
1482 0.98901 0.147849
1483 0.987672 -0.156539
1484 0.932344 0.361572
1485 0.997645 -0.0686412
1486 0.9962 -0.0870829
1487 0.702277 0.711901
1488 0.663546 -0.748133
1489 0.917464 -0.397818
1490 0.872824 -0.488036
1491 0.906553 0.422093
1492 0.998142 0.0609154
1493 0.988125 -0.153647
1494 0.792821 -0.60946
1495 0.826595 0.562792
1496 0.985138 -0.171757
1497 0.802275 0.596956
1498 0.998683 -0.0512983
1499 0.832748 -0.553648
1500 0.972148 0.234377
1501 0.965078 -0.261953
1502 0.958962 0.283544
1503 0.865738 -0.500496
1504 0.995531 -0.0944245
1505 0.94129 -0.337598
1506 0.77706 0.629427
1507 0.952227 -0.305399
1508 0.967652 0.252286
1509 0.999973 0.0071067
1510 0.94103 -0.338323
1511 0.762346 -0.647169
1512 0.962933 -0.269739
1513 0.720459 0.693501
1514 0.982387 0.186858
1515 0.865097 -0.501609
1516 0.987214 0.159385
1517 0.995874 -0.0907603
1518 0.93532 0.353816
1519 0.996217 -0.0868787
1520 0.949529 0.313688
1521 0.823172 0.567795
1522 0.99322 -0.116252
1523 0.951019 0.309145
1524 0.990038 -0.1408
1525 0.987832 0.155505
1526 0.972253 -0.233933
1527 0.993058 0.117646
1528 0.9887 -0.149925
1529 0.869776 0.493449
1530 0.984481 -0.175493
1531 0.914486 0.404618
1532 0.818981 -0.57382
1533 0.800203 -0.599729
1534 0.997169 0.0751454
1535 0.968061 -0.25073
1536 0.944832 -0.327566
1537 0.821639 -0.570003
1538 0.955597 0.294669
1539 0.984108 -0.17756
1540 0.936315 0.351152
1541 0.998738 -0.0501982
1542 0.993501 0.113828
1543 0.910625 -0.413239
1544 0.999301 0.0375057
1545 0.999405 0.0344245
1546 0.992835 -0.119478
1547 0.934592 0.355726
1548 0.996042 -0.0888497
1549 0.957497 0.288453
1550 0.928348 -0.37171
1551 0.990474 0.137683
1552 0.963013 -0.269456
1553 0.992403 0.122984
1554 0.9954 0.095831
1555 0.991675 0.128773
1556 0.996852 -0.0792903
1557 0.972896 0.231229
1558 0.991756 -0.128168
1559 0.93867 0.344812
1560 0.90818 -0.418578
1561 0.819039 -0.573739
1562 0.997317 0.0731989
1563 0.9934 -0.114694
1564 0.999996 0.0039535
1565 0.951469 0.307742
1566 0.752574 -0.658513
1567 0.539162 0.842203
1568 0.964562 -0.26386
1569 0.948112 0.317939
1570 0.992968 0.118387
1571 0.991593 -0.129418
1572 0.984638 0.17459
1573 0.946091 -0.323893
1574 0.862094 -0.506753
1575 0.995639 -0.0932681
1576 0.699164 0.714967
1577 0.919229 -0.393718
1578 0.861271 0.508153
1579 0.992222 0.124474
1580 0.842728 0.538346
1581 0.79495 0.606669
1582 0.907735 -0.419533
1583 0.748926 0.662652
1584 0.933475 -0.358642
1585 0.999235 0.0391971
1586 0.853551 -0.521001
1587 0.972643 0.232299
1588 0.847107 -0.531422
1589 0.97422 0.225625
1590 0.941803 -0.336162
1591 0.891889 0.452249
1592 0.946713 -0.322085
1593 0.95793 0.287002
1594 0.987882 0.155218
1595 0.949216 -0.314617
1596 0.953823 -0.30036
1597 0.999722 0.0235957
1598 0.999969 -0.00781853
1599 0.85908 -0.511843
1600 0.807834 0.589409
1601 0.850827 -0.52544
1602 0.887178 0.46143
1603 0.999236 0.0391379
1604 0.995024 -0.099637
1605 0.998771 0.0495595
1606 0.978252 0.20742
1607 0.988114 0.153725
1608 0.993221 0.116254
1609 0.898554 -0.438862
1610 0.994024 -0.109195
1611 0.998904 -0.0468868
1612 0.896719 0.442606
1613 0.993047 0.117738
1614 0.999999 -0
1615 0.966558 -0.256458
1616 0.99402 -0.109153
1617 0.8238 0.566883
1618 0.960604 0.277908
1619 0.899371 -0.437181
1620 0.998886 0.047115
1621 0.975416 0.220371
1622 0.96205 -0.272885
1623 0.819344 0.573298
1624 0.995592 -0.093756
1625 0.993093 0.117279
1626 0.998035 0.062605
1627 0.812851 0.582471
1628 0.936169 0.351544
1629 0.932361 0.361531
1630 0.853765 0.52065
1631 0.956213 -0.292672
1632 0.927357 0.374191
1633 0.999721 -0.0237631
1634 0.999728 -0.0233489
1635 0.994846 -0.101377
1636 0.958313 0.285709
1637 0.942999 0.332784
1638 0.980532 0.196381
1639 0.960629 -0.277823
1640 0.895044 -0.445981
1641 0.796232 -0.604994
1642 0.950746 0.309963
1643 0.970241 0.242143
1644 0.993956 -0.109742
1645 0.897193 0.441634
1646 0.970254 0.242098
1647 0.999995 0
1648 0.973963 -0.226714
1649 0.969107 -0.246637
1650 0.805297 -0.592873
1651 0.97394 -0.22682
1652 0.987739 -0.156086
1653 0.986451 0.164075
1654 0.995556 -0.0941306
1655 0.841942 0.539563
1656 0.998904 -0.0468868
1657 0.982878 0.184234
1658 0.608959 -0.793204
1659 0.933896 -0.357559
1660 0.985287 -0.170934
1661 0.998032 0.0627129
1662 0.877462 -0.479642
1663 0.987644 0.156695
1664 0.980873 -0.194649
1665 0.994168 -0.107846
1666 0.99997 -0.00783691
1667 0.964778 0.263054
1668 0.987976 0.154644
1669 0.951296 -0.308273
1670 0.993236 0.116102
1671 0.870994 -0.491287
1672 0.907653 0.419724
1673 0.986592 -0.163187
1674 0.97276 0.231838
1675 0.988782 -0.149388
1676 0.997508 -0.0705837
1677 0.922585 -0.385789
1678 0.996291 0.0860308
1679 0.990066 0.140589
1680 0.887738 -0.460351
1681 0.99997 -0.00777537
1682 0.958966 -0.28353
1683 0.990214 0.139556
1684 0.997532 -0.0702518
1685 0.829812 0.55805
1686 0.986617 -0.163048
1687 0.980843 -0.194815
1688 0.999098 -0.0424619
1689 0.960939 0.276749
1690 0.999228 -0.0392793
1691 0.887227 0.46133
1692 0.684588 0.728928
1693 0.971001 -0.239067
1694 0.742331 0.670038
1695 0.999972 0.00778081
1696 0.998068 0.062153
1697 0.815547 -0.578695
1698 0.927107 -0.374804
1699 0.634785 -0.772691
1700 0.993172 0.11666
1701 0.997239 -0.0742606
1702 0.993167 0.116703
1703 0.675128 -0.737701
1704 0.994776 0.102076
1705 0.994019 -0.109238
1706 0.987835 -0.155518
1707 0.992176 -0.124872
1708 0.937941 -0.346798
1709 0.986476 0.163897
1710 0.998899 0.0469565
1711 0.93842 -0.345496
1712 0.930609 -0.366014
1713 0.986798 0.161934
1714 0.787135 -0.616777
1715 0.96849 0.249067
1716 0.938507 -0.345263
1717 0.99849 -0.0549169
1718 0.924748 -0.380583
1719 0.507452 0.861679
1720 0.998916 0.0465306
1721 0.999501 -0.031466
1722 0.999883 -0.0155032
1723 0.801775 0.597632
1724 0.911616 -0.411053
1725 0.994838 -0.101464
1726 0.998009 0.0630985
1727 0.870214 -0.492682
1728 0.997547 -0.0700349
1729 0.970744 -0.240119
1730 0.991101 0.133111
1731 0.980693 -0.195541
1732 0.9481 0.317968
1733 0.998626 0.0523928
1734 0.998037 -0.0626933
1735 0.716082 -0.698015
1736 0.895983 0.444078
1737 0.980933 -0.194333
1738 0.986367 0.164548
1739 0.998528 -0.054249
1740 0.964627 0.263598
1741 0.943383 0.331702
1742 0.998477 0.0551417
1743 0.977369 0.211543
1744 0.985138 0.171744
1745 0.997009 0.0772728
1746 0.999515 -0.031257
1747 0.951445 -0.30783
1748 0.831195 -0.55598
1749 0.979475 -0.201569
1750 0.994011 0.109255
1751 0.966185 -0.257844
1752 0.713547 -0.700608
1753 0.979263 -0.202577
1754 0.999236 -0.0390006
1755 0.968939 0.247297
1756 0.767456 -0.641099
1757 0.983871 0.178869
1758 0.832627 -0.553833
1759 0.970371 0.241621
1760 0.99951 0.0313919
1761 0.951748 -0.306878
1762 0.917818 0.39701
1763 0.999232 -0.039267
1764 0.943355 0.331778
1765 0.995565 0.0941232
1766 0.924046 0.382281
1767 0.994838 -0.101464
1768 0.983899 0.178703
1769 0.995509 -0.094642
1770 0.930679 0.365837
1771 0.981052 -0.19375
1772 0.846238 0.532802
1773 0.930032 -0.367475
1774 0.488004 -0.872842
1775 0.99988 -0.0155878
1776 0.984819 -0.173584
1777 0.997469 0.071121
1778 0.972412 0.233281
1779 0.946731 0.322036
1780 0.994778 0.102085
1781 0.994832 0.10156
1782 0.970611 -0.240665
1783 0.998521 0.0544218
1784 0.918951 -0.394381
1785 0.696 0.718045
1786 0.758737 -0.651399
1787 0.998053 0.0623272
1788 0.979241 0.202719
1789 0.99628 -0.0861722
1790 0.989109 0.147186
1791 0.931428 0.363917
1792 0.906121 0.423022
1793 0.999719 -0.0235235
1794 0.951487 0.30769
1795 0.884168 -0.467165
1796 0.999722 -0.0235827
1797 0.550321 -0.834954
1798 0.970848 -0.239689
1799 0.70671 -0.707506
1800 0.983871 0.178869
1801 0.951433 0.307853
1802 0.97437 -0.224971
1803 0.976088 -0.217393
1804 0.966579 -0.256371
1805 0.980471 -0.196657
1806 0.999966 -0.00786155
1807 0.991032 -0.133597
1808 0.987937 0.154882
1809 0.985129 -0.171811
1810 0.997486 0.0708619
1811 0.999501 -0.031466
1812 0.884793 -0.46599
1813 0.855398 0.517978
1814 0.941989 0.335634
1815 0.974292 -0.225283
1816 0.991111 0.133035
1817 0.913878 0.405995
1818 0.899062 -0.437817
1819 0.986592 -0.163187
1820 0.999726 0.0234536
1821 0.951225 -0.308507
1822 0.943442 0.331527
1823 0.753076 0.657936
1824 0.949019 -0.315235
1825 0.677273 -0.735733
1826 0.961191 0.275889
1827 0.87812 -0.478439
1828 0.977753 -0.20978
1829 0.953726 -0.300679
1830 0.969132 0.246524
1831 0.948676 -0.316237
1832 0.977744 -0.209782
1833 0.986642 -0.162884
1834 0.988984 -0.148043
1835 0.977743 0.209814
1836 0.764741 -0.644338
1837 0.999876 -0.0157263
1838 0.99892 -0.046545
1839 0.932495 0.361179
1840 0.987652 0.156646
1841 0.999716 -0.0236272
1842 0.999999 0
1843 0.996306 0.0858832
1844 0.990128 0.140142
1845 0.99952 0.0311233
1846 0.983826 -0.179146
1847 0.994862 -0.101188
1848 0.935645 0.352941
1849 0.841558 -0.540162
1850 0.710331 -0.703867
1851 0.990794 0.135377
1852 0.813045 -0.582197
1853 0.797633 0.603138
1854 0.986384 0.164484
1855 0.927124 0.374748
1856 0.820435 0.571738
1857 0.987764 -0.155965
1858 0.883549 0.468347
1859 0.98418 -0.177197
1860 0.975648 0.219335
1861 0.940256 -0.340465
1862 0.977913 0.209024
1863 0.80392 -0.594732
1864 0.946024 0.324108
1865 0.846711 -0.532061
1866 0.947018 0.32119
1867 0.780989 -0.624542
1868 0.982558 -0.185951
1869 0.886846 -0.462066
1870 0.751221 0.660049
1871 0.993998 0.109408
1872 0.714683 0.699448
1873 0.949328 -0.31429
1874 0.846792 -0.531917
1875 0.942985 -0.332841
1876 0.848109 -0.529818
1877 0.999967 -0.00780772
1878 0.90469 -0.426066
1879 0.72948 0.683998
1880 0.643401 0.765533
1881 0.959538 0.281595
1882 0.992247 0.124301
1883 0.839324 0.543632
1884 0.871798 0.489867
1885 0.994031 0.109076
1886 1 -0
1887 0.999985 0.00540565
1888 0.881505 0.472171
1889 0.869553 -0.493838
1890 0.991164 0.132652
1891 0.918505 0.395399
1892 0.785912 0.618333
1893 0.94086 -0.338797
1894 0.935817 0.352492
1895 0.960094 0.279675
1896 0.780891 0.624665
1897 0.944192 0.329387
1898 0.918665 0.39505
1899 0.999879 -0.0155786
1900 0.822508 0.568753
1901 0.923458 -0.383707
1902 0.982339 0.187104
1903 0.937871 -0.346981
1904 0.99317 0.116642
1905 0.908642 0.417569
1906 0.979087 -0.203427
1907 0.863024 0.50516
1908 0.854876 -0.518829
1909 0.994828 0.101622
1910 0.966597 0.25628
1911 0.943709 0.330777
1912 0.827942 -0.560818
1913 0.99804 -0.0625073
1914 0.920781 -0.39009
1915 0.993091 0.11737
1916 0.989976 0.141249
1917 0.981022 0.193899
1918 0.974213 -0.225631
1919 0.99988 0.0156856
1920 0.966757 -0.255692
1921 0.999996 0
1922 0.712272 0.701908
1923 0.997533 -0.0702425
1924 0.898674 0.438613
1925 0.770411 -0.637554
1926 0.498848 0.866687
1927 0.779188 -0.626793
1928 0.986634 0.162972
1929 0.999873 0.0156256
1930 0.998475 0.0551026
1931 0.990982 -0.133996
1932 0.942434 -0.334406
1933 0.999511 0.0313771
1934 0.994836 -0.101448
1935 0.958708 -0.284394
1936 0.974088 -0.226171
1937 0.97786 -0.20925
1938 0.999509 0.0311912
1939 0.983953 0.178414
1940 0.999237 -0.0390707
1941 0.894423 0.447216
1942 0.985391 -0.170328
1943 0.977445 0.211166
1944 0.96603 -0.258432
1945 0.997493 -0.070789
1946 0.924302 0.381657
1947 0.770786 0.637095
1948 0.991371 -0.131089
1949 0.99357 0.113216
1950 0.878732 -0.477322
1951 0.982146 0.188124
1952 0.924748 0.380583
1953 0.998523 0.0543627
1954 0.996979 0.0776806
1955 0.991111 0.133035
1956 0.878352 0.47802
1957 0.998912 -0.0466028
1958 0.999184 -0.0403794
1959 0.986848 -0.161686
1960 0.994925 0.100617
1961 0.987819 -0.155602
1962 0.999873 0.0156611
1963 0.987644 -0.156695
1964 0.925092 0.379739
1965 0.999728 -0.0233623
1966 0.594005 0.804461
1967 0.998523 0.0543627
1968 0.849624 0.52739
1969 0.886581 0.462582
1970 0.986495 0.16381
1971 0.726102 0.687583
1972 0.999236 -0.0391569
1973 0.554658 0.832079
1974 0.996313 -0.0858029
1975 0.999534 0.0305402
1976 0.993068 0.117536
1977 0.92624 0.376937
1978 0.853731 -0.520716
1979 0.981854 -0.189637
1980 0.999968 0.00778747
1981 0.993041 -0.117784
1982 0.98848 0.151351
1983 0.953931 -0.300019
1984 0.731323 0.682031
1985 0.989918 0.141614
1986 0.997679 -0.068095
1987 0.974382 0.224902
1988 0.998887 -0.0470891
1989 0.974111 -0.226066
1990 0.898394 0.439189
1991 0.974893 -0.222694
1992 0.993938 0.10994
1993 0.949048 -0.315139
1994 0.936732 0.350047
1995 0.998063 -0.062211
1996 0.977573 -0.21061
1997 0.997025 0.0770761
1998 0.891946 0.452151
1999 0.87239 0.488808
2000 0.764717 0.644365
2001 0.985014 0.172481
2002 0.799539 -0.600614
2003 0.868818 0.495141
2004 0.854433 -0.519556
2005 0.974572 -0.224075
2006 0.999994 -0
2007 0.982719 0.185096
2008 0.982233 -0.187686
2009 0.998886 -0.047115
2010 0.94063 -0.339437
2011 0.997979 -0.0635387
2012 0.930357 -0.366654
2013 0.865323 0.501219
2014 0.915069 -0.403301
2015 0.998549 -0.0538578
2016 0.999509 -0.0312448
2017 0.998082 -0.0619198
2018 0.902734 0.430207
2019 0.996959 0.0779571
2020 0.974644 0.223763
2021 0.91478 0.403957
2022 0.971706 0.236193
2023 0.999715 0.0238925
2024 0.610348 0.792132
2025 0.923104 0.384545
2026 0.993978 -0.109579
2027 0.953593 0.301089
2028 0.954426 -0.29846
2029 0.992054 0.125792
2030 0.999503 -0.0314511
2031 0.994429 0.105408
2032 0.886188 -0.463324
2033 0.958342 0.285605
2034 0.965163 0.261654
2035 0.865323 0.501219
2036 0.999971 0.00786403
2037 0.914112 0.405453
2038 0.944533 0.328407
2039 0.996323 -0.0856894
2040 0.921836 0.387584
2041 0.912519 0.409034
2042 0.825836 -0.563908
2043 0.881346 0.472476
2044 0.981983 -0.188969
2045 0.771268 0.636511
2046 0.977701 -0.209992
2047 0.951145 0.308741
2048 0.748596 0.663025
2049 0.999966 0.00789258
2050 0.814004 0.580861
2051 0.986384 -0.164459
2052 0.960238 0.279183
2053 0.988902 -0.148573
2054 0.990794 0.135375
2055 0.97606 -0.217503
2056 0.994051 0.108899
2057 0.999877 0.0156733
2058 0.999512 0.0313427
2059 0.822723 -0.56844
2060 0.964726 0.263255
2061 0.983548 0.180657
2062 0.999998 0
2063 0.988916 -0.148458
2064 0.963427 0.267972
2065 0.919193 0.393807
2066 0.973767 -0.227559
2067 0.994801 0.101884
2068 0.999513 0.0311366
2069 0.961323 0.275409
2070 0.999969 -0.00789881
2071 0.91325 0.407391
2072 0.943723 0.330736
2073 0.999934 -0.0115318
2074 0.979253 0.202625
2075 0.86784 0.496845
2076 0.994822 -0.101654
2077 0.999876 -0.015628
2078 0.970694 0.240333
2079 0.897011 -0.44201
2080 0.978639 0.205584
2081 0.8983 -0.439381
2082 0.998497 0.0548051
2083 0.993913 -0.110173
2084 0.972449 0.233123
2085 0.998905 -0.0467772
2086 0.987772 0.155917
2087 0.914213 -0.405243
2088 0.579486 0.814981
2089 0.91478 -0.403957
2090 0.992357 0.1234
2091 0.999881 -0.0156415
2092 0.991131 0.132889
2093 0.953551 -0.301227
2094 0.985261 0.17104
2095 0.987942 -0.15482
2096 0.993998 0.109408
2097 0.759967 0.649966
2098 0.932545 -0.361056
2099 0.838333 0.545163
2100 0.940992 -0.338415
2101 0.990253 0.139288
2102 0.940697 -0.339248
2103 0.999967 0.00783077
2104 1 -0
2105 0.873247 0.487273
2106 0.980813 -0.194951
2107 0.904917 0.425598
2108 0.982339 0.187104
2109 0.989989 0.141138
2110 0.950993 -0.30921
2111 0.98365 0.180095
2112 0.999876 -0.015735
2113 0.993942 -0.10992
2114 0.91682 0.399312
2115 0.999512 -0.0312886
2116 0.836082 0.548606
2117 0.734335 0.67879
2118 0.858328 0.513101
2119 0.99008 -0.140491
2120 0.999911 -0.0133189
2121 0.814702 -0.579875
2122 0.977477 0.211018
2123 0.908766 0.417293
2124 0.913109 -0.407718
2125 0.905539 0.42426
2126 0.998014 -0.062915
2127 0.820827 0.571182
2128 0.997991 -0.0633553
2129 0.994076 -0.108679
2130 0.733016 -0.680212
2131 0.982577 0.185865
2132 0.992103 -0.125429
2133 0.953426 0.301639
2134 0.992323 -0.123688
2135 0.999232 0.0390371
2136 0.958264 -0.285866
2137 0.953766 0.300565
2138 0.96 -0.280018
2139 0.737249 0.675624
2140 0.953917 -0.300064
2141 0.870061 0.492944
2142 0.997537 -0.0701713
2143 0.914674 -0.404195
2144 0.94864 0.316359
2145 0.875894 0.482504
2146 0.97954 0.201239
2147 0.992021 -0.126071
2148 0.983926 0.178565
2149 0.651393 -0.758739
2150 0.994877 0.10107
2151 0.856282 -0.516513
2152 0.876275 0.481811
2153 0.839401 0.543518
2154 0.466857 0.884333
2155 0.99757 -0.069602
2156 0.904471 0.426536
2157 0.934014 0.35724
2158 0.997467 0.071085
2159 0.993136 0.117005
2160 0.887788 0.460253
2161 0.96342 0.267998
2162 0.990161 0.139952
2163 0.886841 0.462068
2164 0.986326 0.16482
2165 0.998065 0.0622506
2166 0.950273 0.311409
2167 0.999226 0.0393226
2168 0.804222 -0.59433
2169 0.994858 -0.101314
2170 0.981012 -0.193959
2171 0.995564 0.0941158
2172 0.917199 0.398426
2173 0.977723 -0.209879
2174 0.970482 0.241166
2175 0.863179 -0.504908
2176 0.999221 -0.0393318
2177 0.985208 0.171345
2178 0.935133 0.354295
2179 0.992054 -0.125802
2180 0.798196 0.602397
2181 0.801731 -0.59768
2182 0.96906 0.246825
2183 0.738644 -0.674095
2184 0.956718 0.291017
2185 0.999219 0.0394218
2186 0.927021 0.374999
2187 0.970613 0.240628
2188 0.721197 0.692729
2189 0.838063 0.545577
2190 0.968601 0.248627
2191 0.996727 0.0808446
2192 0.964457 0.26424
2193 0.967721 0.252026
2194 0.97753 -0.210806
2195 0.991234 0.132107
2196 0.977839 -0.209346
2197 0.944026 0.329874
2198 0.980633 -0.195861
2199 0.998177 0.0603501
2200 0.998379 -0.0569145
2201 0.831621 0.555342
2202 0.987764 0.155965
2203 0.796042 0.605237
2204 0.781587 -0.62379
2205 0.923688 0.383135
2206 0.984943 -0.172885
2207 0.802837 0.596197
2208 0.982262 -0.18754
2209 0.941393 -0.3373
2210 0.920936 0.389716
2211 0.95139 -0.307991
2212 0.982463 -0.186468
2213 0.947961 -0.318383
2214 0.985121 -0.171877
2215 0.999234 0.0392024
2216 0.988925 0.148446
2217 0.960107 -0.279632
2218 1 0
2219 0.994859 -0.101321
2220 0.994772 -0.102124
2221 0.962988 0.269546
2222 0.910956 0.412511
2223 0.626017 0.77981
2224 0.990321 0.138796
2225 0.932612 0.360881
2226 0.994121 0.108293
2227 0.860267 0.509847
2228 0.982454 0.186526
2229 0.773977 0.63321
2230 0.999712 0.0237997
2231 0.985014 0.172467
2232 0.946027 -0.324084
2233 0.745779 0.666192
2234 0.969121 -0.246562
2235 0.953699 0.30077
2236 0.993184 -0.116557
2237 0.978646 0.205555
2238 0.980724 0.19539
2239 0.672056 0.740499
2240 0.882598 0.470129
2241 0.999962 -0.00876786
2242 0.894507 0.447053
2243 0.999881 0.0156244
2244 0.937934 0.346813
2245 0.933607 -0.358304
2246 0.996308 -0.0858966
2247 0.986665 -0.16276
2248 0.924479 0.381233
2249 0.984711 -0.174198
2250 0.957879 0.287156
2251 0.951527 -0.307574
2252 0.99752 0.0703632
2253 0.882927 -0.469515
2254 0.922735 0.385432
2255 0.97023 -0.242191
2256 0.933685 0.358094
2257 0.991548 0.129739
2258 0.957249 0.289256
2259 0.992182 -0.124776
2260 0.998895 0.0470529
2261 0.999969 0.00782391
2262 0.966719 -0.255848
2263 0.807041 0.590493
2264 0.817808 0.575496
2265 0.996934 0.0782269
2266 0.921974 -0.387241
2267 0.999996 -0
2268 0.753224 0.657765
2269 0.957731 0.287662
2270 0.825965 0.563716
2271 0.989203 -0.14653
2272 0.9299 0.367805
2273 0.996257 0.0864291
2274 0.990059 0.140633
2275 0.923172 -0.384395
2276 0.834398 0.551167
2277 0.98389 -0.178772
2278 0.991279 0.13178
2279 0.993993 0.109451
2280 0.907638 0.419755
2281 0.99848 0.0550853
2282 0.960551 0.278099
2283 0.95834 -0.285627
2284 0.968486 0.249067
2285 0.529599 -0.848248
2286 0.795026 0.606576
2287 0.980796 0.19504
2288 0.868818 0.495141
2289 0.977614 0.210407
2290 0.998436 0.0559034
2291 0.998356 0.0573168
2292 0.942553 -0.33405
2293 0.73493 0.678143
2294 0.938634 -0.344915
2295 0.938794 0.344487
2296 0.92862 -0.371033
2297 0.62849 0.777816
2298 0.846238 -0.532802
2299 0.942999 -0.332784
2300 0.937153 -0.348927
2301 0.917686 -0.397304
2302 0.825129 -0.564948
2303 0.999725 -0.0233988
2304 0.875321 -0.483546
2305 0.995542 -0.0943219
2306 0.999238 0.0390943
2307 0.960606 -0.277914
2308 0.999507 0.0314937
2309 0.999517 -0.0310099
2310 0.997503 0.0706059
2311 0.932612 -0.360881
2312 0.987748 0.156062
2313 0.968541 0.248837
2314 0.975903 0.2182
2315 0.835883 0.548911
2316 0.996982 -0.0776987
2317 0.559289 0.828973
2318 0.965013 -0.262212
2319 0.989989 -0.141138
2320 0.844944 -0.534848
2321 0.960538 0.278141
2322 0.983862 -0.178938
2323 0.934102 0.357002
2324 0.500559 -0.865701
2325 0.979366 0.202093
2326 0.925497 0.378756
2327 0.988902 -0.148585
2328 0.959538 0.281595
2329 0.946035 0.324066
2330 0.997485 -0.0708892
2331 0.951612 0.307295
2332 0.99988 0.0156231
2333 1 0.000751612
2334 0.997099 -0.0761093
2335 0.973954 -0.226744
2336 0.983787 0.179339
2337 0.732685 -0.680568
2338 0.998583 0.0532163
2339 0.955458 -0.295129
2340 0.971722 0.236128
2341 0.998053 0.0623767
2342 0.988992 0.147997
2343 0.994906 0.100757
2344 0.967333 0.253509
2345 0.96103 -0.276435
2346 0.999968 0.00784921
2347 0.966866 -0.255301
2348 0.8238 0.566883
2349 0.938218 -0.346041
2350 0.891962 0.452119
2351 0.938606 -0.345004
2352 0.96444 0.264301
2353 0.982254 -0.187556
2354 0.898915 -0.438125
2355 0.99558 0.0939219
2356 0.98898 0.148016
2357 0.844159 0.53609
2358 0.835382 -0.549674
2359 0.944821 0.327591
2360 0.941177 0.337906
2361 0.946897 0.321528
2362 0.946153 -0.323716
2363 0.968613 -0.24857
2364 0.999968 -0.00785353
2365 0.964638 -0.263577
2366 0.960795 -0.277275
2367 0.885201 -0.465203
2368 0.991157 0.132693
2369 0.993178 -0.116624
2370 0.999721 0.0234591
2371 0.900156 -0.435569
2372 0.995603 -0.0936976
2373 0.920936 -0.389713
2374 0.993064 0.1176
2375 0.998913 -0.0466064
2376 0.881223 0.4727
2377 0.643749 -0.765237
2378 0.919709 0.392597
2379 0.95389 -0.300155
2380 0.878655 0.477458
2381 0.977261 -0.212021
2382 0.868933 0.494929
2383 0.984898 -0.173133
2384 0.999048 -0.0436322
2385 0.962872 0.269977
2386 0.979964 -0.199173
2387 0.975653 0.219318
2388 0.994896 -0.100913
2389 0.892945 0.450165
2390 0.988564 -0.150799
2391 0.884508 0.466525
2392 0.853327 -0.521381
2393 0.989962 0.141359
2394 0.971233 0.23814
2395 0.984026 -0.178015
2396 0.943709 0.330777
2397 0.853103 0.521748
2398 0.996896 0.0786572
2399 0.99997 -0.00783691
2400 0.979315 -0.202327
2401 0.889532 -0.45687
2402 0.991188 0.132446
2403 0.998013 -0.0629853
2404 0.90312 0.429396
2405 0.981111 0.193452
2406 0.994897 -0.100921
2407 0.874411 -0.485187
2408 0.972509 0.232854
2409 0.983761 -0.17948
2410 0.901897 0.431952
2411 0.862007 0.506896
2412 0.992036 -0.12595
2413 0.926675 0.375867
2414 0.986551 -0.163452
2415 0.958563 0.28489
2416 0.905479 -0.424384
2417 0.640925 0.767601
2418 0.976177 -0.216959
2419 0.977743 0.209814
2420 0.982558 0.185922
2421 0.995658 -0.0930591
2422 0.998899 -0.0469565
2423 0.995574 0.0939833
2424 0.998037 0.0625757
2425 0.955797 0.294032
2426 0.962451 0.271465
2427 0.807803 0.589449
2428 0.896922 0.44219
2429 0.847928 0.530116
2430 0.89917 -0.437594
2431 0.964726 -0.263255
2432 0.974847 -0.222874
2433 0.985085 0.172078
2434 0.986761 0.16218
2435 0.968927 -0.247354
2436 0.984916 0.17302
2437 0.982775 -0.184812
2438 0.992048 0.125842
2439 0.896535 -0.442964
2440 0.996307 0.0858612
2441 0.998042 -0.0625561
2442 0.980992 0.194049
2443 0.87422 -0.485541
2444 0.803626 0.595135
2445 0.779336 -0.626611
2446 0.993957 0.10975
2447 0.923098 -0.384568
2448 0.986905 0.161304
2449 0.996772 0.0802811
2450 0.994693 -0.102851
2451 0.962275 0.272072
2452 0.738884 -0.673833
2453 0.991211 -0.132285
2454 0.989021 -0.147779
2455 0.953098 0.302675
2456 0.910257 -0.414044
2457 0.960525 0.278183
2458 0.958697 0.284415
2459 0.985085 -0.172065
2460 0.983844 -0.179049
2461 0.765249 -0.643735
2462 0.991207 -0.132291
2463 0.824331 -0.566108
2464 0.974077 0.226224
2465 0.968782 -0.247922
2466 0.938956 -0.344023
2467 0.982016 -0.188797
2468 0.886755 0.462234
2469 0.972737 -0.231927
2470 0.728997 0.684515
2471 0.593068 -0.805152
2472 0.999244 0.038952
2473 0.902377 -0.430945
2474 0.873847 0.486198
2475 0.86259 -0.505904
2476 0.777004 0.629496
2477 0.999233 -0.0391778
2478 0.9989 0.0469308
2479 0.987779 -0.155856
2480 0.992128 0.125252
2481 0.826885 0.562365
2482 0.812851 -0.582471
2483 0.850812 0.525461
2484 0.976469 -0.21565
2485 0.973929 0.226855
2486 0.977348 -0.211625
2487 0.791612 0.611028
2488 0.97588 -0.218318
2489 0.997512 0.0704182
2490 0.999866 -0.0163882
2491 0.904766 0.42591
2492 0.827369 0.561657
2493 0.762508 -0.646977
2494 0.999729 -0.023417
2495 0.920903 -0.3898
2496 0.991013 -0.133765
