# Time-averaged data for fix 3
# TimeStep Number-of-rows
# Row c_center[1] c_center[2] c_center[3]
8000 2496
1 -3.76174 10.2298 0
2 -0.151262 10.3125 0
3 3.43531 10.1346 0
4 6.89232 10.2231 0
5 10.3751 9.96153 0
6 13.8563 10.2695 0
7 17.4022 10.0753 0
8 20.917 10.2389 0
9 24.4014 9.95686 0
10 27.8418 10.1899 0
11 31.4688 9.84201 0
12 34.9755 10.1257 0
13 38.5105 10.4137 0
14 42.0098 10.2487 0
15 45.6519 10.4674 0
16 49.1875 10.3215 0
17 52.6662 10.4534 0
18 56.1997 10.1221 0
19 59.7884 10.2666 0
20 63.3085 10.4008 0
21 66.8815 10.619 0
22 70.381 10.1235 0
23 73.8956 10.3979 0
24 77.5025 9.95416 0
25 81.1191 10.2628 0
26 84.6825 10.1736 0
27 88.1098 10.3318 0
28 91.6485 10.5022 0
29 95.3008 10.5823 0
30 98.803 10.3284 0
31 102.296 10.5418 0
32 105.815 10.4416 0
33 109.376 10.3158 0
34 112.984 10.4539 0
35 116.461 10.3144 0
36 120.021 10.4742 0
37 123.484 10.2825 0
38 126.923 10.5868 0
39 130.413 10.3251 0
40 134.103 10.6489 0
41 137.515 10.4264 0
42 141.088 10.5448 0
43 144.633 10.3212 0
44 148.164 10.4335 0
45 151.654 10.227 0
46 155.229 10.1205 0
47 158.845 10.0213 0
48 162.394 10.1362 0
49 -5.35362 12.9909 0
50 -1.74727 13.0438 0
51 1.82934 12.929 0
52 5.38486 13.1635 0
53 8.87209 12.8085 0
54 12.4129 13.016 0
55 15.8505 12.7503 0
56 19.4419 12.996 0
57 22.8779 12.6665 0
58 26.3069 13.0286 0
59 29.8459 12.6575 0
60 33.3819 12.985 0
61 36.8651 13.226 0
62 40.4452 13.0133 0
63 44.011 13.1799 0
64 47.5093 12.9774 0
65 51.1259 13.1393 0
66 54.6837 12.9187 0
67 58.2492 13.1091 0
68 61.7439 13.1824 0
69 65.3167 13.3333 0
70 68.8882 13.1197 0
71 72.3619 13.2532 0
72 75.9734 12.8067 0
73 79.4918 13.0049 0
74 83.0834 12.9602 0
75 86.6334 13.0952 0
76 90.0859 13.257 0
77 93.7217 13.2811 0
78 97.265 13.145 0
79 100.802 13.3518 0
80 104.257 13.1923 0
81 107.752 12.9563 0
82 111.359 13.1596 0
83 114.83 13.0648 0
84 118.363 13.2846 0
85 121.912 12.9685 0
86 125.383 13.3239 0
87 128.884 13.1526 0
88 132.404 13.2333 0
89 136.066 13.1937 0
90 139.515 13.3016 0
91 143.103 13.0581 0
92 146.597 13.2944 0
93 150.091 12.903 0
94 153.688 12.9043 0
95 157.25 12.7333 0
96 160.915 13.0499 0
97 -3.67175 15.6153 0
98 -0.133919 15.8035 0
99 3.42932 15.6533 0
100 6.98007 15.9326 0
101 10.5416 15.5531 0
102 14.0055 15.7571 0
103 17.4424 15.5048 0
104 21.0138 15.8048 0
105 24.4234 15.5136 0
106 27.9365 15.7226 0
107 31.4246 15.4144 0
108 34.9185 15.6961 0
109 38.5229 15.9553 0
110 42.1146 15.6534 0
111 45.5711 15.9963 0
112 49.2062 15.6609 0
113 52.6555 15.872 0
114 56.3073 15.5835 0
115 59.9202 15.8387 0
116 63.4005 15.8843 0
117 66.915 15.9774 0
118 70.5036 15.8533 0
119 74.0798 16.0139 0
120 77.545 15.6008 0
121 81.0571 15.7467 0
122 84.6749 15.6453 0
123 88.1881 15.8869 0
124 91.7837 15.818 0
125 95.2957 16.1052 0
126 98.841 16.0546 0
127 102.318 16.1441 0
128 105.818 15.924 0
129 109.347 15.6366 0
130 112.9 15.9964 0
131 116.446 15.7368 0
132 119.995 16.0985 0
133 123.499 15.875 0
134 127.032 16.0809 0
135 130.565 15.8431 0
136 134.043 15.88 0
137 137.679 15.9303 0
138 141.117 16.0752 0
139 144.701 15.803 0
140 148.262 16.0515 0
141 151.769 15.6624 0
142 155.275 15.7702 0
143 158.876 15.5045 0
144 162.353 15.9087 0
145 -5.26655 18.3398 0
146 -1.77633 18.5193 0
147 1.81555 18.4319 0
148 5.38752 18.6858 0
149 8.93766 18.3385 0
150 12.5024 18.6105 0
151 15.9358 18.3211 0
152 19.4175 18.5722 0
153 22.9451 18.3689 0
154 26.3951 18.5414 0
155 29.8439 18.2398 0
156 33.3517 18.4591 0
157 36.9182 18.7079 0
158 40.5362 18.3842 0
159 43.9982 18.7673 0
160 47.5799 18.464 0
161 51.1491 18.6913 0
162 54.6784 18.3647 0
163 58.2407 18.5932 0
164 61.8851 18.5888 0
165 65.3591 18.7697 0
166 68.9035 18.5273 0
167 72.4989 18.754 0
168 76.0698 18.5065 0
169 79.5049 18.5582 0
170 83.0004 18.3211 0
171 86.5573 18.6403 0
172 90.1309 18.5501 0
173 93.6336 18.9292 0
174 97.1831 18.7124 0
175 100.753 18.8229 0
176 104.292 18.739 0
177 107.705 18.4242 0
178 111.192 18.7217 0
179 114.82 18.4504 0
180 118.301 18.7694 0
181 121.891 18.596 0
182 125.401 18.9114 0
183 128.992 18.6104 0
184 132.498 18.7626 0
185 136.008 18.6816 0
186 139.592 18.8878 0
187 143.045 18.5128 0
188 146.622 18.7432 0
189 150.211 18.4711 0
190 153.74 18.6114 0
191 157.261 18.282 0
192 160.728 18.6365 0
193 -3.69018 21.1697 0
194 -0.109719 21.2465 0
195 3.51468 21.1017 0
196 7.08712 21.3541 0
197 10.5933 21.0989 0
198 14.0909 21.3826 0
199 17.5319 21.0442 0
200 21.0384 21.2793 0
201 24.4991 21.0833 0
202 27.9677 21.3209 0
203 31.434 21.0386 0
204 34.972 21.2408 0
205 38.605 21.3792 0
206 42.0588 21.3329 0
207 45.6506 21.5208 0
208 49.1893 21.2123 0
209 52.864 21.3594 0
210 56.3428 21.0931 0
211 59.8722 21.3237 0
212 63.4886 21.322 0
213 66.9699 21.5196 0
214 70.5523 21.2507 0
215 74.1033 21.4717 0
216 77.6333 21.2731 0
217 81.0445 21.4759 0
218 84.5607 21.1151 0
219 88.0869 21.4945 0
220 91.5803 21.3831 0
221 95.199 21.6419 0
222 98.7853 21.4398 0
223 102.332 21.6622 0
224 105.869 21.5048 0
225 109.24 21.296 0
226 112.822 21.4878 0
227 116.345 21.21 0
228 119.9 21.5145 0
229 123.443 21.4153 0
230 127.031 21.6104 0
231 130.537 21.3477 0
232 134.16 21.5059 0
233 137.706 21.3637 0
234 141.187 21.5942 0
235 144.757 21.2587 0
236 148.331 21.5324 0
237 151.817 21.1621 0
238 155.337 21.3707 0
239 158.814 21.0922 0
240 162.435 21.3188 0
241 -5.25485 23.9007 0
242 -1.61935 24.1264 0
243 1.91231 23.7677 0
244 5.4297 24.0509 0
245 8.95389 23.869 0
246 12.4868 24.2022 0
247 15.9555 23.8847 0
248 19.4465 24.1102 0
249 22.9392 23.9773 0
250 26.4353 24.0736 0
251 29.9174 23.8026 0
252 33.5033 24.0955 0
253 36.9371 24.0849 0
254 40.5396 24.1565 0
255 44.092 24.2331 0
256 47.6192 24.024 0
257 51.2665 24.0921 0
258 54.8215 23.933 0
259 58.3679 24.1712 0
260 61.8168 23.9794 0
261 65.4163 24.3175 0
262 68.9412 24.0051 0
263 72.3909 24.3417 0
264 75.9485 23.9918 0
265 79.4793 24.2999 0
266 82.9649 24.0029 0
267 86.4762 24.2493 0
268 89.9078 24.0255 0
269 93.5061 24.2593 0
270 97.0621 24.215 0
271 100.588 24.2421 0
272 104.212 24.2112 0
273 107.728 24.1297 0
274 111.236 24.2121 0
275 114.719 23.9554 0
276 118.236 24.2531 0
277 121.76 24.0602 0
278 125.435 24.3345 0
279 128.995 24.0904 0
280 132.52 24.1567 0
281 136.046 24.0736 0
282 139.64 24.288 0
283 143.188 24.0232 0
284 146.704 24.2606 0
285 150.3 24.0573 0
286 153.778 24.1675 0
287 157.301 23.8849 0
288 160.823 24.1163 0
289 -3.61391 26.6566 0
290 -0.0002318 26.8334 0
291 3.46975 26.6142 0
292 7.03986 26.7868 0
293 10.5458 26.6279 0
294 14.0643 27.0143 0
295 17.5249 26.7385 0
296 21.0175 26.9081 0
297 24.5211 26.6929 0
298 28.0467 26.9 0
299 31.5221 26.5659 0
300 35.053 26.9163 0
301 38.6297 26.6789 0
302 42.1897 26.819 0
303 45.7236 26.8979 0
304 49.2017 26.8012 0
305 52.8191 26.8827 0
306 56.3045 26.6444 0
307 59.9037 26.9967 0
308 63.3981 26.7773 0
309 66.9077 27.0355 0
310 70.3867 26.9494 0
311 73.9063 27.0077 0
312 77.5325 26.7471 0
313 81.1153 27.0343 0
314 84.5611 26.7377 0
315 87.9931 27.0436 0
316 91.503 26.7499 0
317 95.0544 27.0626 0
318 98.6485 26.961 0
319 102.172 26.9482 0
320 105.781 27.048 0
321 109.33 26.7939 0
322 112.768 26.9227 0
323 116.315 26.7444 0
324 119.846 27.0183 0
325 123.412 26.8006 0
326 127.094 27.0605 0
327 130.616 26.7324 0
328 134.077 26.9745 0
329 137.627 26.8521 0
330 141.277 27.0044 0
331 144.811 26.795 0
332 148.401 26.9848 0
333 151.933 26.7768 0
334 155.423 26.9465 0
335 158.971 26.6591 0
336 162.494 26.9412 0
337 -5.1736 29.3946 0
338 -1.65166 29.6833 0
339 1.93396 29.3616 0
340 5.47232 29.4929 0
341 8.97534 29.443 0
342 12.454 29.726 0
343 15.912 29.5646 0
344 19.4304 29.8165 0
345 23.0145 29.5446 0
346 26.5245 29.6097 0
347 30.0425 29.4225 0
348 33.5164 29.6325 0
349 37.0156 29.4057 0
350 40.577 29.6628 0
351 44.0963 29.6254 0
352 47.6544 29.6979 0
353 51.2085 29.5934 0
354 54.7536 29.4367 0
355 58.2255 29.7338 0
356 61.7557 29.5113 0
357 65.2597 29.8182 0
358 68.7362 29.6975 0
359 72.3946 29.8311 0
360 75.9119 29.4584 0
361 79.4758 29.7187 0
362 82.9835 29.5372 0
363 86.4351 29.8537 0
364 89.9518 29.5209 0
365 93.4568 29.7847 0
366 97.0124 29.6037 0
367 100.68 29.8416 0
368 104.028 29.703 0
369 107.616 29.6185 0
370 111.16 29.7469 0
371 114.663 29.5869 0
372 118.208 29.7434 0
373 121.79 29.5021 0
374 125.447 29.8157 0
375 128.98 29.5355 0
376 132.459 30.0104 0
377 135.99 29.5509 0
378 139.618 29.7396 0
379 143.222 29.5485 0
380 146.787 29.7201 0
381 150.339 29.4728 0
382 153.901 29.7291 0
383 157.37 29.4127 0
384 160.96 29.6901 0
385 -3.58461 32.1452 0
386 -0.0209022 32.4372 0
387 3.41731 32.2103 0
388 6.98628 32.2956 0
389 10.5028 32.2206 0
390 13.9795 32.5578 0
391 17.5246 32.3535 0
392 21.0999 32.5195 0
393 24.673 32.2761 0
394 28.1365 32.4484 0
395 31.6336 32.1412 0
396 35.1297 32.4411 0
397 38.6052 32.1164 0
398 42.0878 32.4727 0
399 45.7397 32.293 0
400 49.2863 32.411 0
401 52.7748 32.4325 0
402 56.3623 32.2588 0
403 59.8425 32.4891 0
404 63.3055 32.2182 0
405 66.7921 32.5721 0
406 70.4163 32.3583 0
407 74.0713 32.6046 0
408 77.5275 32.3283 0
409 80.9377 32.5293 0
410 84.5849 32.374 0
411 88.0487 32.5613 0
412 91.52 32.3225 0
413 95.0379 32.5076 0
414 98.6866 32.3171 0
415 102.142 32.6791 0
416 105.68 32.376 0
417 109.249 32.3383 0
418 112.696 32.5631 0
419 116.356 32.2882 0
420 119.879 32.4845 0
421 123.457 32.2492 0
422 126.954 32.5992 0
423 130.466 32.4396 0
424 134.169 32.622 0
425 137.683 32.1647 0
426 141.22 32.4507 0
427 144.788 32.2408 0
428 148.404 32.4416 0
429 151.934 32.1796 0
430 155.506 32.493 0
431 159.063 32.1735 0
432 162.568 32.3615 0
433 -5.12598 34.985 0
434 -1.6969 35.1512 0
435 1.79809 34.9997 0
436 5.25785 34.8979 0
437 8.83523 34.9413 0
438 12.3539 35.2032 0
439 15.8982 35.0256 0
440 19.4672 35.2284 0
441 23.034 34.9744 0
442 26.5966 35.2305 0
443 30.0934 34.9557 0
444 33.5948 35.1941 0
445 36.9897 34.9145 0
446 40.4424 35.2659 0
447 44.023 34.9823 0
448 47.6066 35.0868 0
449 51.2272 35.2648 0
450 54.7596 34.9935 0
451 58.2484 35.2664 0
452 61.7525 35.0258 0
453 65.2357 35.3218 0
454 68.7272 35.0432 0
455 72.3444 35.1641 0
456 75.9609 35.2722 0
457 79.4595 35.3846 0
458 82.9757 35.0622 0
459 86.5665 35.4225 0
460 90.0065 35.1116 0
461 93.4587 35.4063 0
462 96.9678 35.1113 0
463 100.563 35.4887 0
464 104.157 35.1579 0
465 107.592 35.02 0
466 111.142 35.2509 0
467 114.641 35.0032 0
468 118.197 35.2914 0
469 121.802 34.9895 0
470 125.257 35.3034 0
471 128.866 35.1337 0
472 132.519 35.2676 0
473 136.129 35.0072 0
474 139.639 35.2433 0
475 143.188 35.0148 0
476 146.819 35.1909 0
477 150.332 34.9561 0
478 153.828 35.1744 0
479 157.439 34.9198 0
480 160.972 35.0766 0
481 -3.67162 37.7992 0
482 -0.149362 37.8661 0
483 3.38941 37.7469 0
484 6.87577 37.5852 0
485 10.4908 37.7409 0
486 13.9323 37.9015 0
487 17.5274 37.7604 0
488 21.0928 37.859 0
489 24.6339 37.6928 0
490 28.1564 37.9448 0
491 31.6736 37.7907 0
492 35.1735 38.0779 0
493 38.5889 37.7682 0
494 42.0942 37.9586 0
495 45.6701 37.7655 0
496 49.1597 37.7645 0
497 52.8229 37.9869 0
498 56.2974 37.7314 0
499 59.8263 37.9553 0
500 63.3193 37.8379 0
501 66.8429 37.9768 0
502 70.404 37.6724 0
503 73.9223 37.8509 0
504 77.5476 37.8799 0
505 81.1302 38.1654 0
506 84.575 37.909 0
507 88.1573 38.1585 0
508 91.5581 37.989 0
509 95.1225 38.1139 0
510 98.5983 37.9646 0
511 102.161 38.2319 0
512 105.633 38.0112 0
513 109.17 37.7297 0
514 112.729 38.0016 0
515 116.245 37.7081 0
516 119.839 37.9997 0
517 123.315 37.811 0
518 126.835 38.019 0
519 130.599 37.816 0
520 134.203 37.9995 0
521 137.82 37.8233 0
522 141.284 37.9014 0
523 144.88 37.7512 0
524 148.404 37.9543 0
525 151.867 37.6877 0
526 155.46 37.8934 0
527 158.974 37.6991 0
528 162.481 37.8056 0
529 -5.30502 40.4548 0
530 -1.73982 40.5597 0
531 1.73084 40.4153 0
532 5.30065 40.4032 0
533 8.86399 40.5571 0
534 12.4191 40.6972 0
535 15.8982 40.4199 0
536 19.507 40.7472 0
537 23.0553 40.4193 0
538 26.5537 40.7528 0
539 29.999 40.466 0
540 33.5299 40.7736 0
541 37.0548 40.5939 0
542 40.6214 40.7472 0
543 44.0809 40.4378 0
544 47.6983 40.6007 0
545 51.2325 40.6654 0
546 54.7305 40.507 0
547 58.1854 40.6884 0
548 61.7196 40.5353 0
549 65.3075 40.7596 0
550 68.8284 40.5354 0
551 72.3851 40.6584 0
552 75.8672 40.5927 0
553 79.4261 40.8776 0
554 82.9734 40.6949 0
555 86.4926 40.9579 0
556 89.9825 40.7347 0
557 93.5821 40.8852 0
558 96.9982 40.7889 0
559 100.566 40.9681 0
560 104.091 40.7631 0
561 107.581 40.5204 0
562 111.141 40.7258 0
563 114.69 40.4932 0
564 118.208 40.8014 0
565 121.754 40.6393 0
566 125.298 40.7852 0
567 128.891 40.5299 0
568 132.468 40.6683 0
569 136.157 40.5038 0
570 139.715 40.8463 0
571 143.286 40.4268 0
572 146.789 40.7256 0
573 150.28 40.5191 0
574 153.714 40.7276 0
575 157.349 40.3885 0
576 160.88 40.5523 0
577 -3.676 43.1152 0
578 -0.273013 43.4542 0
579 3.28479 43.2175 0
580 6.82447 43.1469 0
581 10.4223 43.2942 0
582 14.0041 43.461 0
583 17.5143 43.2306 0
584 21.0814 43.4988 0
585 24.5979 43.2694 0
586 28.1005 43.6236 0
587 31.5161 43.2224 0
588 35.0897 43.6306 0
589 38.6239 43.2803 0
590 42.2681 43.4598 0
591 45.7399 43.111 0
592 49.3444 43.3346 0
593 52.7953 43.4503 0
594 56.278 43.3319 0
595 59.7659 43.482 0
596 63.36 43.2024 0
597 66.8758 43.4244 0
598 70.4765 43.2728 0
599 73.9526 43.4876 0
600 77.4983 43.5137 0
601 80.9718 43.6664 0
602 84.5407 43.4393 0
603 88.1098 43.7181 0
604 91.5819 43.4523 0
605 95.0867 43.7289 0
606 98.6082 43.4759 0
607 102.187 43.7381 0
608 105.703 43.5092 0
609 109.239 43.2178 0
610 112.735 43.4642 0
611 116.231 43.3383 0
612 119.781 43.577 0
613 123.38 43.3334 0
614 126.923 43.5329 0
615 130.492 43.2764 0
616 134.072 43.4084 0
617 137.654 43.2595 0
618 141.291 43.5653 0
619 144.796 43.225 0
620 148.283 43.6035 0
621 151.853 43.2748 0
622 155.472 43.2646 0
623 158.894 43.1462 0
624 162.339 43.4179 0
625 -5.30886 45.8735 0
626 -1.88564 46.2314 0
627 1.64896 45.9164 0
628 5.20549 46.1531 0
629 8.67647 45.8884 0
630 12.2889 46.0443 0
631 15.8446 45.9479 0
632 19.4004 46.1804 0
633 22.9676 46.0114 0
634 26.4247 46.3019 0
635 29.9958 46.1304 0
636 33.3796 46.3278 0
637 37.0776 46.0766 0
638 40.658 46.1351 0
639 44.1845 46.0191 0
640 47.7218 46.0504 0
641 51.3081 46.2673 0
642 54.6925 46.0929 0
643 58.254 46.2616 0
644 61.7622 45.9413 0
645 65.254 46.177 0
646 68.7727 45.9631 0
647 72.3416 46.2239 0
648 75.812 46.116 0
649 79.3917 46.4226 0
650 82.9338 46.1536 0
651 86.4644 46.3394 0
652 90.0182 46.2332 0
653 93.5257 46.4545 0
654 96.9702 46.2699 0
655 100.555 46.4336 0
656 104.043 46.2164 0
657 107.652 46.009 0
658 111.138 46.2206 0
659 114.644 46.0222 0
660 118.214 46.3839 0
661 121.782 46.0439 0
662 125.315 46.263 0
663 128.896 45.94 0
664 132.464 46.0742 0
665 135.973 45.9329 0
666 139.522 46.2968 0
667 143.084 46.0851 0
668 146.63 46.3362 0
669 150.288 46.1119 0
670 153.725 45.8717 0
671 157.398 46.0489 0
672 160.761 46.1922 0
673 -3.76223 48.7992 0
674 -0.319127 48.9854 0
675 3.2226 48.6447 0
676 6.78398 48.921 0
677 10.3487 48.6879 0
678 13.8488 48.8504 0
679 17.4294 48.697 0
680 20.9164 49.0147 0
681 24.4396 48.864 0
682 27.9995 49.1068 0
683 31.495 48.9364 0
684 35.0186 49.1442 0
685 38.7265 48.8847 0
686 42.2203 48.9405 0
687 45.7602 48.7336 0
688 49.3327 48.7705 0
689 52.8171 49.1347 0
690 56.3637 48.8702 0
691 59.9262 49.027 0
692 63.3367 48.6876 0
693 66.784 49.0115 0
694 70.2911 48.8964 0
695 73.7603 48.987 0
696 77.4053 48.9306 0
697 81.0336 49.1292 0
698 84.5476 48.8773 0
699 88.011 49.1836 0
700 91.5005 48.9587 0
701 95.018 49.2877 0
702 98.633 48.9977 0
703 102.106 49.2882 0
704 105.61 49.0311 0
705 109.188 48.7573 0
706 112.697 48.9461 0
707 116.256 48.9009 0
708 119.908 49.0692 0
709 123.415 48.8152 0
710 126.878 48.9584 0
711 130.535 48.5743 0
712 134.008 48.9035 0
713 137.533 48.7308 0
714 141.087 49.016 0
715 144.74 48.8554 0
716 148.327 49.0429 0
717 151.795 48.9049 0
718 155.362 48.7411 0
719 158.882 48.8631 0
720 162.508 48.8888 0
721 -5.26149 51.655 0
722 -1.7851 51.8505 0
723 1.7095 51.4625 0
724 5.2511 51.6739 0
725 8.79417 51.395 0
726 12.3688 51.6203 0
727 15.7917 51.4314 0
728 19.2957 51.7352 0
729 22.8049 51.5619 0
730 26.381 51.8772 0
731 29.8952 51.6708 0
732 33.3975 51.8411 0
733 36.9872 51.5452 0
734 40.6142 51.7247 0
735 44.1479 51.415 0
736 47.6075 51.3946 0
737 51.1598 51.8064 0
738 54.7055 51.593 0
739 58.2964 51.6777 0
740 61.7709 51.6022 0
741 65.1412 51.8215 0
742 68.6595 51.6503 0
743 72.1322 51.8619 0
744 75.6042 51.5549 0
745 79.2835 51.8553 0
746 82.8758 51.5907 0
747 86.3623 51.8846 0
748 89.8515 51.7275 0
749 93.3325 51.9913 0
750 97.0014 51.7434 0
751 100.506 52.0215 0
752 104.069 51.8222 0
753 107.578 51.5025 0
754 111.1 51.7237 0
755 114.649 51.6246 0
756 118.321 51.778 0
757 121.837 51.6163 0
758 125.356 51.7144 0
759 128.932 51.4141 0
760 132.415 51.647 0
761 135.87 51.4662 0
762 139.454 51.7064 0
763 143.045 51.4887 0
764 146.675 51.7695 0
765 150.164 51.6226 0
766 153.7 51.4542 0
767 157.301 51.6136 0
768 160.756 51.5286 0
769 -3.71758 54.3765 0
770 -0.070329 54.5402 0
771 3.36634 54.2199 0
772 6.84037 54.4513 0
773 10.3687 54.126 0
774 13.9238 54.4604 0
775 17.3443 54.1918 0
776 20.8509 54.4874 0
777 24.4112 54.3725 0
778 27.9404 54.6326 0
779 31.4686 54.5977 0
780 35.0881 54.5039 0
781 38.5716 54.2293 0
782 42.1333 54.4604 0
783 45.6527 54.2429 0
784 49.1872 54.2417 0
785 52.784 54.4686 0
786 56.3493 54.2804 0
787 59.7547 54.4835 0
788 63.2054 54.4201 0
789 66.6697 54.5869 0
790 70.2531 54.3854 0
791 73.7395 54.5822 0
792 77.2328 54.2924 0
793 80.7749 54.5725 0
794 84.3778 54.4299 0
795 87.8914 54.7727 0
796 91.3748 54.447 0
797 94.9842 54.6733 0
798 98.5739 54.5405 0
799 102.135 54.6671 0
800 105.65 54.5822 0
801 109.182 54.2444 0
802 112.631 54.5876 0
803 116.3 54.3273 0
804 119.86 54.5503 0
805 123.417 54.3548 0
806 127.012 54.375 0
807 130.469 54.2082 0
808 133.955 54.5276 0
809 137.495 54.2285 0
810 141.085 54.3332 0
811 144.688 54.1892 0
812 148.222 54.5697 0
813 151.756 54.3568 0
814 155.345 54.1297 0
815 158.884 54.5135 0
816 162.398 54.2403 0
817 -5.23169 57.2033 0
818 -1.83879 57.1745 0
819 1.79134 57.0336 0
820 5.21423 57.2811 0
821 8.77808 56.9649 0
822 12.3035 57.2062 0
823 15.8438 57.0499 0
824 19.259 57.3053 0
825 22.7408 57.0313 0
826 26.2624 57.3948 0
827 29.8215 57.269 0
828 33.4566 57.2261 0
829 36.9847 57.047 0
830 40.4508 57.1676 0
831 44.0592 57.0202 0
832 47.5666 56.9121 0
833 51.0856 57.1428 0
834 54.6292 56.9618 0
835 58.2171 57.3355 0
836 61.63 57.2477 0
837 65.1444 57.353 0
838 68.7099 57.0482 0
839 72.1847 57.4223 0
840 75.7067 57.0871 0
841 79.2321 57.3397 0
842 82.725 57.1172 0
843 86.1688 57.5165 0
844 89.7678 57.2484 0
845 93.3294 57.3675 0
846 96.9046 57.2052 0
847 100.474 57.326 0
848 103.987 57.2606 0
849 107.579 57.0448 0
850 111.087 57.341 0
851 114.682 57.0398 0
852 118.161 57.205 0
853 121.732 57.0984 0
854 125.401 57.1806 0
855 128.936 57.0736 0
856 132.414 57.244 0
857 135.945 56.9918 0
858 139.511 57.0499 0
859 143.013 56.8453 0
860 146.542 57.1742 0
861 150.116 57.108 0
862 153.694 56.8492 0
863 157.14 57.1496 0
864 160.817 56.9925 0
865 -3.70874 60.081 0
866 -0.216575 59.8592 0
867 3.32102 59.8456 0
868 6.88621 59.8961 0
869 10.3614 59.6457 0
870 13.8107 59.9909 0
871 17.3105 59.7665 0
872 20.7985 60.043 0
873 24.2153 59.826 0
874 27.7741 60.1693 0
875 31.345 60.0527 0
876 34.9787 59.9973 0
877 38.5147 59.8082 0
878 42.0588 59.8313 0
879 45.5993 59.8058 0
880 49.1074 59.6994 0
881 52.5759 59.9361 0
882 56.2319 59.7995 0
883 59.7483 60.2006 0
884 63.2161 59.9449 0
885 66.7877 60.0554 0
886 70.255 59.9699 0
887 73.8557 60.2258 0
888 77.3615 59.9109 0
889 80.8945 60.185 0
890 84.3027 60.0466 0
891 87.7954 60.2171 0
892 91.3827 59.9168 0
893 94.9681 60.0899 0
894 98.5464 59.9002 0
895 102.058 60.1206 0
896 105.637 60.05 0
897 109.161 59.8308 0
898 112.718 60.0528 0
899 116.268 59.831 0
900 119.747 60.0187 0
901 123.424 59.8342 0
902 126.922 60.0455 0
903 130.52 59.869 0
904 134.06 59.9583 0
905 137.624 59.7198 0
906 141.096 59.9512 0
907 144.555 59.692 0
908 148.107 59.8884 0
909 151.731 59.877 0
910 155.215 59.7074 0
911 158.778 59.8854 0
912 162.411 59.7298 0
913 -5.41362 62.7411 0
914 -1.80537 62.6358 0
915 1.74095 62.6169 0
916 5.24603 62.4966 0
917 8.76019 62.4295 0
918 12.1775 62.7327 0
919 15.626 62.5596 0
920 19.1474 62.7352 0
921 22.5979 62.6096 0
922 26.1068 62.8685 0
923 29.664 62.7539 0
924 33.2119 62.6033 0
925 36.8263 62.5262 0
926 40.3476 62.5803 0
927 43.9358 62.6452 0
928 47.4665 62.3926 0
929 50.9711 62.7331 0
930 54.5464 62.5083 0
931 58.05 62.8347 0
932 61.6116 62.7299 0
933 65.116 62.7281 0
934 68.6988 62.7695 0
935 72.2152 63.0562 0
936 75.773 62.6968 0
937 79.2459 62.9882 0
938 82.7618 62.8387 0
939 86.3025 63.0055 0
940 89.7784 62.6266 0
941 93.4464 62.8384 0
942 97.0312 62.6506 0
943 100.523 62.9012 0
944 104.041 62.7414 0
945 107.647 62.6705 0
946 111.204 62.8987 0
947 114.719 62.6841 0
948 118.194 62.7808 0
949 121.756 62.5018 0
950 125.343 62.7423 0
951 128.885 62.5126 0
952 132.483 62.6872 0
953 135.98 62.4593 0
954 139.498 62.7863 0
955 143.029 62.4825 0
956 146.507 62.6336 0
957 150.026 62.5504 0
958 153.678 62.5266 0
959 157.199 62.5951 0
960 160.637 62.462 0
961 -3.85977 65.4909 0
962 -0.261589 65.4301 0
963 3.29727 65.3556 0
964 6.73611 65.3516 0
965 10.2955 65.1761 0
966 13.6984 65.4981 0
967 17.2211 65.3299 0
968 20.7217 65.6675 0
969 24.2859 65.3995 0
970 27.7596 65.7418 0
971 31.2922 65.4105 0
972 34.8498 65.1831 0
973 38.375 65.3619 0
974 42.0038 65.2106 0
975 45.4885 65.4043 0
976 48.9679 65.2031 0
977 52.5497 65.5489 0
978 56.1566 65.2944 0
979 59.681 65.6032 0
980 63.2341 65.4629 0
981 66.6993 65.4987 0
982 70.23 65.6206 0
983 73.7995 65.8501 0
984 77.2434 65.5695 0
985 80.8294 65.8145 0
986 84.4422 65.5834 0
987 87.9997 65.7017 0
988 91.5261 65.3435 0
989 95.1234 65.5767 0
990 98.5505 65.5114 0
991 102.084 65.6715 0
992 105.637 65.4453 0
993 109.231 65.3821 0
994 112.783 65.6242 0
995 116.324 65.398 0
996 119.885 65.4862 0
997 123.399 65.2643 0
998 126.943 65.5034 0
999 130.477 65.2935 0
1000 134.012 65.4889 0
1001 137.54 65.3491 0
1002 141.061 65.468 0
1003 144.599 65.2134 0
1004 148.171 65.3867 0
1005 151.723 65.1602 0
1006 155.329 65.2339 0
1007 158.73 65.4452 0
1008 162.231 65.2276 0
1009 -5.48826 68.1873 0
1010 -1.97802 68.0504 0
1011 1.56818 67.9822 0
1012 5.14466 68.2064 0
1013 8.6174 67.9185 0
1014 12.1072 68.3181 0
1015 15.6141 68.051 0
1016 19.1424 68.3743 0
1017 22.712 68.1251 0
1018 26.2326 68.4595 0
1019 29.742 68.2046 0
1020 33.278 67.8674 0
1021 36.8917 68.1159 0
1022 40.3781 67.8859 0
1023 43.9568 68.2125 0
1024 47.4242 68.0025 0
1025 50.9165 68.1844 0
1026 54.5046 68.042 0
1027 58.0384 68.3446 0
1028 61.5866 68.0995 0
1029 65.1327 68.2635 0
1030 68.6533 68.4035 0
1031 72.1539 68.5325 0
1032 75.7592 68.3671 0
1033 79.3254 68.6114 0
1034 82.8483 68.441 0
1035 86.3969 68.571 0
1036 90.0414 68.119 0
1037 93.5526 68.3682 0
1038 96.9765 68.1842 0
1039 100.459 68.4216 0
1040 104.025 68.1349 0
1041 107.59 68.0799 0
1042 111.117 68.3064 0
1043 114.726 68.1248 0
1044 118.381 68.2019 0
1045 121.864 68.0351 0
1046 125.413 68.2728 0
1047 128.87 67.9931 0
1048 132.366 68.2495 0
1049 135.95 68.0428 0
1050 139.52 68.2593 0
1051 143.008 68.0215 0
1052 146.585 68.1141 0
1053 150.109 67.8925 0
1054 153.712 67.9521 0
1055 157.206 68.2722 0
1056 160.666 67.9725 0
1057 -3.79871 70.7871 0
1058 -0.385025 70.8661 0
1059 3.1222 70.7078 0
1060 6.65809 71.0712 0
1061 10.1151 70.8791 0
1062 13.6291 71.0466 0
1063 17.227 70.7785 0
1064 20.789 71.0894 0
1065 24.3069 70.925 0
1066 27.8655 71.1718 0
1067 31.4184 70.9359 0
1068 34.9511 70.6082 0
1069 38.4838 70.9524 0
1070 42.0216 70.7332 0
1071 45.5505 70.9361 0
1072 49.0531 70.7006 0
1073 52.5443 70.9735 0
1074 56.0896 70.7282 0
1075 59.6773 71.0635 0
1076 63.1899 70.8176 0
1077 66.6848 71.0344 0
1078 70.2863 71.0526 0
1079 73.7982 71.1948 0
1080 77.3902 71.2147 0
1081 80.9683 71.3735 0
1082 84.515 71.1719 0
1083 88.1729 71.1867 0
1084 91.5671 70.9542 0
1085 95.0658 71.1857 0
1086 98.5149 71.0471 0
1087 102.09 71.1849 0
1088 105.649 70.7847 0
1089 109.218 70.7722 0
1090 112.816 70.9278 0
1091 116.44 70.7379 0
1092 119.925 70.9781 0
1093 123.391 70.7731 0
1094 126.976 71.0411 0
1095 130.444 70.8206 0
1096 134.066 70.9732 0
1097 137.629 70.7469 0
1098 141.108 71.0251 0
1099 144.72 70.7824 0
1100 148.196 70.9168 0
1101 151.724 70.6228 0
1102 155.271 70.8176 0
1103 158.832 70.9669 0
1104 162.296 70.769 0
1105 -5.28194 73.6443 0
1106 -1.814 73.7637 0
1107 1.5608 73.434 0
1108 4.99951 73.8254 0
1109 8.53618 73.5682 0
1110 12.0644 73.7493 0
1111 15.6248 73.5522 0
1112 19.1861 73.8081 0
1113 22.7389 73.6709 0
1114 26.2779 73.9011 0
1115 29.8311 73.6486 0
1116 33.4206 73.4668 0
1117 36.9011 73.7073 0
1118 40.4454 73.4777 0
1119 44.0226 73.8108 0
1120 47.5513 73.5702 0
1121 50.9708 73.7828 0
1122 54.5122 73.4471 0
1123 58.0351 73.776 0
1124 61.5433 73.5919 0
1125 65.1257 73.8019 0
1126 68.6935 73.8036 0
1127 72.2443 74.0143 0
1128 75.7566 73.8866 0
1129 79.3115 74.076 0
1130 82.9965 73.9663 0
1131 86.4968 73.7843 0
1132 89.9959 73.7194 0
1133 93.4747 74.0102 0
1134 96.97 73.7656 0
1135 100.578 74.0462 0
1136 104.116 73.6052 0
1137 107.55 73.4569 0
1138 111.162 73.6137 0
1139 114.836 73.4733 0
1140 118.387 73.8148 0
1141 121.782 73.4886 0
1142 125.294 73.6669 0
1143 128.884 73.6188 0
1144 132.557 73.8511 0
1145 136.02 73.4895 0
1146 139.599 73.7738 0
1147 143.205 73.5836 0
1148 146.606 73.7097 0
1149 150.112 73.4496 0
1150 153.691 73.5755 0
1151 157.234 73.8646 0
1152 160.771 73.4993 0
1153 -3.63024 76.3109 0
1154 -0.270912 76.5346 0
1155 3.0522 76.3195 0
1156 6.57367 76.5447 0
1157 10.1325 76.2919 0
1158 13.7107 76.4968 0
1159 17.2717 76.2769 0
1160 20.7477 76.5858 0
1161 24.3401 76.3548 0
1162 27.8433 76.7205 0
1163 31.4083 76.4306 0
1164 34.9737 76.2301 0
1165 38.5329 76.4542 0
1166 42.0273 76.2562 0
1167 45.6078 76.6518 0
1168 49.1695 76.3759 0
1169 52.5996 76.6185 0
1170 56.118 76.3784 0
1171 59.6154 76.5687 0
1172 63.1442 76.2714 0
1173 66.7338 76.4893 0
1174 70.3283 76.4761 0
1175 73.8118 76.7059 0
1176 77.296 76.6017 0
1177 80.9549 76.6944 0
1178 84.5558 76.8189 0
1179 88.0553 76.5888 0
1180 91.5545 76.4662 0
1181 95.1165 76.7132 0
1182 98.6372 76.535 0
1183 102.169 76.7096 0
1184 105.667 76.4967 0
1185 109.227 76.225 0
1186 112.806 76.3866 0
1187 116.351 76.2993 0
1188 119.898 76.6338 0
1189 123.4 76.2808 0
1190 126.888 76.3151 0
1191 130.578 76.3263 0
1192 134.202 76.6043 0
1193 137.701 76.2266 0
1194 141.241 76.5118 0
1195 144.678 76.4529 0
1196 148.218 76.4054 0
1197 151.782 76.0875 0
1198 155.338 76.3767 0
1199 158.879 76.5287 0
1200 162.359 76.184 0
1201 -5.31717 79.0721 0
1202 -1.84148 79.409 0
1203 1.63174 79.2672 0
1204 5.07688 79.3633 0
1205 8.52863 79.0323 0
1206 12.0869 79.2572 0
1207 15.6293 79.0633 0
1208 19.1285 79.3287 0
1209 22.6708 79.0807 0
1210 26.1612 79.3529 0
1211 29.7239 79.2288 0
1212 33.3109 78.9578 0
1213 36.9529 79.2131 0
1214 40.4079 79.0729 0
1215 43.9148 79.3469 0
1216 47.5417 79.0859 0
1217 51.0526 79.3251 0
1218 54.5437 79.0676 0
1219 58.0287 79.3381 0
1220 61.6052 79.0465 0
1221 65.1444 79.2627 0
1222 68.6021 79.1141 0
1223 72.2244 79.4364 0
1224 75.7406 79.3661 0
1225 79.2978 79.3398 0
1226 82.9464 79.5964 0
1227 86.4939 79.2957 0
1228 90.0135 79.3246 0
1229 93.5653 79.4372 0
1230 97.0679 79.1962 0
1231 100.558 79.4624 0
1232 104.063 79.227 0
1233 107.671 78.9354 0
1234 111.197 79.1713 0
1235 114.667 78.9732 0
1236 118.166 79.4069 0
1237 121.787 79.1614 0
1238 125.318 79.173 0
1239 128.856 78.9021 0
1240 132.477 79.3148 0
1241 136.209 79.1246 0
1242 139.637 79.2012 0
1243 143.127 79.1735 0
1244 146.682 79.1361 0
1245 150.185 78.8905 0
1246 153.742 79.1054 0
1247 157.32 79.3268 0
1248 160.833 78.9626 0
1249 -3.82787 81.9096 0
1250 -0.311209 82.1392 0
1251 3.24349 81.9893 0
1252 6.69327 82.2684 0
1253 10.1773 81.8343 0
1254 13.7072 82.0763 0
1255 17.2165 81.7905 0
1256 20.748 82.0716 0
1257 24.2885 81.8796 0
1258 27.7974 82.1911 0
1259 31.3428 81.9956 0
1260 34.888 81.7094 0
1261 38.4529 82.0513 0
1262 41.9831 81.8652 0
1263 45.5049 82.107 0
1264 48.9949 81.8965 0
1265 52.5672 82.1859 0
1266 56.1374 81.886 0
1267 59.6335 82.0779 0
1268 63.2077 81.7982 0
1269 66.7331 82.0444 0
1270 70.2735 81.8581 0
1271 73.7672 82.1339 0
1272 77.365 82.0385 0
1273 80.9497 82.0351 0
1274 84.5123 82.241 0
1275 87.968 82.2078 0
1276 91.6251 81.9963 0
1277 95.2298 82.1072 0
1278 98.6491 81.9991 0
1279 102.165 82.2276 0
1280 105.706 81.9863 0
1281 109.259 81.658 0
1282 112.75 81.9447 0
1283 116.192 81.8563 0
1284 119.775 82.1729 0
1285 123.267 81.9847 0
1286 126.855 81.9208 0
1287 130.37 81.7471 0
1288 134.057 82.0839 0
1289 137.629 81.9579 0
1290 141.225 81.9053 0
1291 144.777 81.8758 0
1292 148.316 81.9293 0
1293 151.752 81.5998 0
1294 155.256 81.9228 0
1295 158.931 81.9929 0
1296 162.299 81.8594 0
1297 -5.40074 84.6689 0
1298 -1.93984 84.9537 0
1299 1.60566 84.6894 0
1300 5.05632 85.1054 0
1301 8.69228 84.658 0
1302 12.0896 84.8665 0
1303 15.5681 84.6858 0
1304 19.0828 84.8337 0
1305 22.6111 84.6035 0
1306 26.1941 85.0045 0
1307 29.8059 84.732 0
1308 33.3134 84.4765 0
1309 36.8149 84.7771 0
1310 40.3498 84.5302 0
1311 43.8758 84.8495 0
1312 47.3863 84.6674 0
1313 50.9057 84.8639 0
1314 54.5237 84.6439 0
1315 58.0916 84.8953 0
1316 61.5984 84.5866 0
1317 65.1217 84.7638 0
1318 68.6849 84.5949 0
1319 72.1796 84.892 0
1320 75.688 84.7135 0
1321 79.3282 84.8076 0
1322 82.8407 85.0467 0
1323 86.4733 85.0359 0
1324 89.956 84.7624 0
1325 93.5891 84.9042 0
1326 97.0894 84.7453 0
1327 100.507 84.9602 0
1328 104.089 84.7739 0
1329 107.689 84.438 0
1330 111.146 84.7548 0
1331 114.613 84.5557 0
1332 118.06 84.812 0
1333 121.676 84.7256 0
1334 125.237 84.6054 0
1335 128.716 84.4576 0
1336 132.354 84.7708 0
1337 135.957 84.6373 0
1338 139.448 84.5707 0
1339 143.086 84.4517 0
1340 146.68 84.5872 0
1341 150.203 84.4293 0
1342 153.667 84.6632 0
1343 157.163 84.5019 0
1344 160.726 84.768 0
1345 -3.86199 87.4218 0
1346 -0.474426 87.7425 0
1347 3.06404 87.604 0
1348 6.77187 87.7382 0
1349 10.1246 87.5161 0
1350 13.6254 87.6954 0
1351 17.123 87.5165 0
1352 20.697 87.6018 0
1353 24.2398 87.4421 0
1354 27.781 87.7022 0
1355 31.3685 87.5168 0
1356 34.9029 87.255 0
1357 38.3913 87.4929 0
1358 41.92 87.2933 0
1359 45.46 87.6446 0
1360 49.0135 87.4048 0
1361 52.5679 87.5387 0
1362 56.1543 87.3017 0
1363 59.7123 87.6153 0
1364 63.2158 87.3409 0
1365 66.7383 87.6385 0
1366 70.2565 87.3828 0
1367 73.7783 87.6833 0
1368 77.3943 87.3617 0
1369 80.9537 87.5929 0
1370 84.5618 87.7257 0
1371 88.078 87.8408 0
1372 91.5565 87.6338 0
1373 95.0816 87.6726 0
1374 98.5668 87.5938 0
1375 102.14 87.6593 0
1376 105.709 87.4972 0
1377 109.276 87.233 0
1378 112.755 87.5507 0
1379 116.174 87.3394 0
1380 119.631 87.5526 0
1381 123.213 87.4624 0
1382 126.804 87.3557 0
1383 130.285 87.2266 0
1384 133.945 87.5568 0
1385 137.426 87.5665 0
1386 140.946 87.2943 0
1387 144.639 87.1342 0
1388 148.177 87.3703 0
1389 151.693 87.3569 0
1390 155.234 87.4346 0
1391 158.718 87.2328 0
1392 162.219 87.5682 0
1393 -5.49709 90.1703 0
1394 -2.06659 90.5503 0
1395 1.45219 90.3015 0
1396 5.1274 90.4178 0
1397 8.62749 90.3506 0
1398 12.0889 90.5411 0
1399 15.6122 90.2432 0
1400 19.118 90.3472 0
1401 22.6723 90.1759 0
1402 26.2197 90.464 0
1403 29.7001 90.1375 0
1404 33.3079 89.9774 0
1405 36.8066 90.2603 0
1406 40.3763 90.0887 0
1407 43.8771 90.3462 0
1408 47.4885 90.1339 0
1409 51.0358 90.3176 0
1410 54.5621 89.9715 0
1411 58.0877 90.3139 0
1412 61.5934 90.0807 0
1413 65.12 90.348 0
1414 68.6473 90.1928 0
1415 72.1763 90.4574 0
1416 75.77 90.1316 0
1417 79.3338 90.3231 0
1418 82.9184 90.4903 0
1419 86.5543 90.5964 0
1420 90.0271 90.3993 0
1421 93.5382 90.5007 0
1422 97.0447 90.3134 0
1423 100.563 90.4692 0
1424 104.148 90.185 0
1425 107.64 89.9239 0
1426 111.1 90.2311 0
1427 114.601 90.0908 0
1428 118.086 90.3096 0
1429 121.569 90.1276 0
1430 125.176 90.0342 0
1431 128.634 89.9876 0
1432 132.255 90.2261 0
1433 135.782 90.3193 0
1434 139.329 90.1211 0
1435 142.868 89.8148 0
1436 146.496 90.0697 0
1437 150.015 89.997 0
1438 153.638 90.18 0
1439 157.074 90.0227 0
1440 160.576 90.4001 0
1441 -4.06583 93.0656 0
1442 -0.48149 93.2684 0
1443 3.05629 92.9779 0
1444 6.59519 93.2035 0
1445 10.1827 93.0322 0
1446 13.6988 93.2287 0
1447 17.284 92.9342 0
1448 20.7656 93.1678 0
1449 24.2754 93.0184 0
1450 27.8489 93.179 0
1451 31.3854 92.852 0
1452 34.8631 92.7305 0
1453 38.42 92.9859 0
1454 41.931 92.7652 0
1455 45.5589 93.0106 0
1456 49.1599 92.8257 0
1457 52.6972 92.993 0
1458 56.1198 92.7544 0
1459 59.6407 93.1021 0
1460 63.1441 92.8685 0
1461 66.6163 93.1046 0
1462 70.2657 92.9307 0
1463 73.7983 93.1713 0
1464 77.4496 92.9088 0
1465 80.9499 93.1304 0
1466 84.6053 93.1413 0
1467 88.0875 93.46 0
1468 91.5995 93.1086 0
1469 95.0843 93.2357 0
1470 98.663 93.0954 0
1471 102.189 93.1552 0
1472 105.742 92.8792 0
1473 109.196 92.6632 0
1474 112.622 93.0125 0
1475 116.197 92.781 0
1476 119.728 93.024 0
1477 123.28 92.7336 0
1478 126.707 93.0381 0
1479 130.257 92.7089 0
1480 133.77 93.08 0
1481 137.418 93.032 0
1482 140.937 92.8568 0
1483 144.458 92.4993 0
1484 148.051 92.8009 0
1485 151.675 92.6835 0
1486 155.14 93.0973 0
1487 158.579 92.9567 0
1488 162.125 93.1926 0
1489 -5.64514 95.7732 0
1490 -2.10875 95.9316 0
1491 1.46664 95.7897 0
1492 4.95244 95.8886 0
1493 8.61593 95.7498 0
1494 12.1699 96.0024 0
1495 15.7215 95.6469 0
1496 19.2296 95.9459 0
1497 22.7054 95.7002 0
1498 26.2588 95.824 0
1499 29.8084 95.5739 0
1500 33.2985 95.449 0
1501 36.7773 95.7111 0
1502 40.3627 95.5288 0
1503 43.9332 95.7709 0
1504 47.4858 95.4993 0
1505 51.0979 95.7486 0
1506 54.5434 95.6026 0
1507 58.0045 95.9056 0
1508 61.4763 95.6076 0
1509 65.0566 95.9359 0
1510 68.6615 95.6643 0
1511 72.2222 95.9161 0
1512 75.8288 95.6001 0
1513 79.4288 95.881 0
1514 82.9533 96.0184 0
1515 86.478 96.1414 0
1516 90.0493 95.8665 0
1517 93.5093 96.1075 0
1518 96.9994 95.7998 0
1519 100.653 95.9851 0
1520 104.107 95.7347 0
1521 107.65 95.4728 0
1522 111.049 95.7086 0
1523 114.66 95.5497 0
1524 118.113 95.7987 0
1525 121.682 95.4528 0
1526 125.135 95.8378 0
1527 128.683 95.5728 0
1528 132.066 95.7269 0
1529 135.683 95.6602 0
1530 139.378 95.6451 0
1531 142.999 95.3621 0
1532 146.475 95.4824 0
1533 149.967 95.3452 0
1534 153.409 95.7768 0
1535 156.983 95.7027 0
1536 160.507 95.9728 0
1537 -3.99786 98.4337 0
1538 -0.504021 98.694 0
1539 3.09776 98.427 0
1540 6.62096 98.6153 0
1541 10.2103 98.4733 0
1542 13.8169 98.8017 0
1543 17.2758 98.5018 0
1544 20.8298 98.7445 0
1545 24.3576 98.3654 0
1546 27.9014 98.5508 0
1547 31.3549 98.4333 0
1548 34.8715 98.1998 0
1549 38.3965 98.3683 0
1550 41.9672 98.2058 0
1551 45.4931 98.5057 0
1552 49.0498 98.2467 0
1553 52.5869 98.6251 0
1554 56.1178 98.3435 0
1555 59.5701 98.6629 0
1556 63.078 98.4153 0
1557 66.7033 98.6024 0
1558 70.2733 98.4138 0
1559 73.9161 98.5975 0
1560 77.3938 98.3732 0
1561 81.0537 98.5921 0
1562 84.57 98.7747 0
1563 88.1627 98.8187 0
1564 91.6208 98.6298 0
1565 95.189 98.8847 0
1566 98.7204 98.5357 0
1567 102.154 98.7268 0
1568 105.58 98.5172 0
1569 109.19 98.2952 0
1570 112.706 98.3927 0
1571 116.166 98.4048 0
1572 119.74 98.5032 0
1573 123.205 98.2474 0
1574 126.772 98.6395 0
1575 130.185 98.4584 0
1576 133.707 98.4271 0
1577 137.398 98.2715 0
1578 140.971 98.3578 0
1579 144.551 98.1573 0
1580 147.941 98.423 0
1581 151.383 98.1758 0
1582 154.938 98.5079 0
1583 158.488 98.5225 0
1584 162.055 98.7551 0
1585 -5.66599 101.124 0
1586 -2.06185 101.422 0
1587 1.54685 101.137 0
1588 5.0655 101.517 0
1589 8.50385 101.142 0
1590 12.125 101.415 0
1591 15.7518 101.251 0
1592 19.3068 101.543 0
1593 22.819 101.171 0
1594 26.2863 101.356 0
1595 29.7805 101.204 0
1596 33.3664 100.997 0
1597 36.8448 101.126 0
1598 40.2936 100.879 0
1599 43.8393 101.129 0
1600 47.4215 100.994 0
1601 51.0189 101.302 0
1602 54.5261 101.09 0
1603 57.9689 101.342 0
1604 61.4985 101.145 0
1605 65.0836 101.351 0
1606 68.6329 101.096 0
1607 72.2777 101.371 0
1608 75.8067 101.091 0
1609 79.3279 101.313 0
1610 82.9686 101.504 0
1611 86.5082 101.542 0
1612 90.0515 101.384 0
1613 93.5683 101.614 0
1614 97.0957 101.339 0
1615 100.595 101.649 0
1616 104.006 101.345 0
1617 107.535 101.124 0
1618 111.096 101.159 0
1619 114.567 101.137 0
1620 118.094 101.4 0
1621 121.644 101.045 0
1622 125.196 101.323 0
1623 128.746 101.242 0
1624 132.211 101.268 0
1625 135.743 101.04 0
1626 139.379 101.124 0
1627 142.907 100.838 0
1628 146.357 101.154 0
1629 149.831 100.968 0
1630 153.244 101.141 0
1631 156.823 101.211 0
1632 160.447 101.461 0
1633 -4.00608 103.84 0
1634 -0.44011 104.105 0
1635 3.09257 103.958 0
1636 6.6883 104.198 0
1637 10.1071 103.846 0
1638 13.7677 104.041 0
1639 17.3852 103.993 0
1640 20.9333 104.205 0
1641 24.3743 103.947 0
1642 27.7954 104.213 0
1643 31.3489 103.945 0
1644 34.9364 103.729 0
1645 38.4289 103.953 0
1646 42.0074 103.644 0
1647 45.5152 103.814 0
1648 49.0774 103.71 0
1649 52.5979 104.088 0
1650 56.0407 103.883 0
1651 59.5172 104.148 0
1652 63.1134 103.936 0
1653 66.6872 104.028 0
1654 70.2396 103.759 0
1655 73.87 104.03 0
1656 77.3653 103.792 0
1657 80.9453 104.165 0
1658 84.5629 104.206 0
1659 88.111 104.327 0
1660 91.6528 104.106 0
1661 95.1108 104.391 0
1662 98.6374 104.16 0
1663 102.132 104.447 0
1664 105.625 104.121 0
1665 109.09 103.877 0
1666 112.519 104.038 0
1667 116.217 103.925 0
1668 119.751 104.134 0
1669 123.255 103.884 0
1670 126.777 104.177 0
1671 130.336 103.9 0
1672 133.842 104.046 0
1673 137.406 103.689 0
1674 140.831 103.97 0
1675 144.424 103.672 0
1676 147.867 103.991 0
1677 151.35 103.8 0
1678 154.874 103.86 0
1679 158.479 103.872 0
1680 162.065 104.119 0
1681 -5.5972 106.618 0
1682 -2.08304 106.819 0
1683 1.45985 106.63 0
1684 5.02672 106.876 0
1685 8.59422 106.706 0
1686 12.0874 106.67 0
1687 15.6305 106.658 0
1688 19.1748 106.864 0
1689 22.7831 106.652 0
1690 26.2117 107.003 0
1691 29.7323 106.673 0
1692 33.267 106.443 0
1693 36.823 106.664 0
1694 40.42 106.421 0
1695 43.9352 106.642 0
1696 47.4785 106.436 0
1697 50.9277 106.87 0
1698 54.3915 106.667 0
1699 57.8836 106.991 0
1700 61.4579 106.603 0
1701 65.0786 106.743 0
1702 68.6278 106.566 0
1703 72.1085 106.671 0
1704 75.7636 106.586 0
1705 79.2228 106.852 0
1706 82.8718 106.869 0
1707 86.369 107.009 0
1708 89.9849 106.882 0
1709 93.5368 107.122 0
1710 97.0182 106.88 0
1711 100.513 107.269 0
1712 104.068 106.995 0
1713 107.509 106.648 0
1714 110.984 106.831 0
1715 114.486 106.566 0
1716 118.11 106.887 0
1717 121.676 106.622 0
1718 125.223 106.878 0
1719 128.775 106.629 0
1720 132.287 106.768 0
1721 135.795 106.524 0
1722 139.295 106.799 0
1723 142.786 106.425 0
1724 146.316 106.778 0
1725 149.719 106.472 0
1726 153.322 106.525 0
1727 156.946 106.715 0
1728 160.452 106.843 0
1729 -4.03003 109.373 0
1730 -0.511 109.551 0
1731 3.01506 109.326 0
1732 6.57841 109.59 0
1733 10.1779 109.485 0
1734 13.6409 109.466 0
1735 17.1892 109.349 0
1736 20.7948 109.581 0
1737 24.3551 109.468 0
1738 27.9077 109.703 0
1739 31.4211 109.47 0
1740 34.9142 109.127 0
1741 38.482 109.432 0
1742 42.0166 109.109 0
1743 45.4955 109.399 0
1744 48.9426 109.28 0
1745 52.4218 109.656 0
1746 55.9216 109.555 0
1747 59.5483 109.688 0
1748 63.1787 109.37 0
1749 66.7134 109.451 0
1750 70.2111 109.37 0
1751 73.7967 109.444 0
1752 77.2757 109.392 0
1753 80.9328 109.498 0
1754 84.4194 109.642 0
1755 87.9898 109.814 0
1756 91.5146 109.616 0
1757 95.0616 109.865 0
1758 98.5521 109.708 0
1759 102.141 109.99 0
1760 105.712 109.691 0
1761 109.164 109.452 0
1762 112.601 109.577 0
1763 116.1 109.343 0
1764 119.726 109.596 0
1765 123.26 109.36 0
1766 126.797 109.627 0
1767 130.397 109.424 0
1768 133.812 109.577 0
1769 137.349 109.369 0
1770 140.881 109.57 0
1771 144.316 109.246 0
1772 147.925 109.491 0
1773 151.557 109.124 0
1774 155.036 109.231 0
1775 158.603 109.401 0
1776 162.016 109.608 0
1777 -5.66518 112.147 0
1778 -2.07712 112.314 0
1779 1.39313 112.027 0
1780 4.96351 112.342 0
1781 8.55339 112.163 0
1782 12.1496 112.282 0
1783 15.5535 112.056 0
1784 19.1198 112.293 0
1785 22.6421 112.149 0
1786 26.3029 112.477 0
1787 29.8844 112.235 0
1788 33.3859 111.922 0
1789 36.8363 112.1 0
1790 40.4178 111.978 0
1791 43.9475 112.219 0
1792 47.3803 112.042 0
1793 50.8724 112.342 0
1794 54.378 112.297 0
1795 57.9725 112.366 0
1796 61.5991 112.152 0
1797 65.1931 112.276 0
1798 68.6732 112.147 0
1799 72.2494 112.211 0
1800 75.7483 112.094 0
1801 79.3885 112.322 0
1802 82.9258 112.481 0
1803 86.4344 112.584 0
1804 89.8677 112.382 0
1805 93.3531 112.588 0
1806 96.9817 112.583 0
1807 100.59 112.713 0
1808 104.147 112.481 0
1809 107.641 112.228 0
1810 111.071 112.413 0
1811 114.525 112.112 0
1812 118.091 112.317 0
1813 121.584 112.149 0
1814 125.16 112.421 0
1815 128.775 112.077 0
1816 132.27 112.34 0
1817 135.713 112.078 0
1818 139.247 112.336 0
1819 142.811 112.089 0
1820 146.32 112.305 0
1821 149.976 111.904 0
1822 153.587 112.141 0
1823 157 112.124 0
1824 160.582 112.451 0
1825 -3.97585 114.878 0
1826 -0.489962 115.073 0
1827 3.04178 114.782 0
1828 6.58094 114.984 0
1829 10.1989 114.888 0
1830 13.6571 115.104 0
1831 17.1363 114.854 0
1832 20.6269 115.095 0
1833 24.3034 114.911 0
1834 27.9012 115.183 0
1835 31.5199 114.998 0
1836 34.9513 114.727 0
1837 38.4972 114.948 0
1838 42.0106 114.713 0
1839 45.523 115.093 0
1840 48.975 114.874 0
1841 52.5191 115.029 0
1842 56.1764 114.976 0
1843 59.7202 114.981 0
1844 63.274 114.791 0
1845 66.7845 115.117 0
1846 70.3256 114.79 0
1847 73.8013 115.063 0
1848 77.4059 114.917 0
1849 80.9933 115.072 0
1850 84.4673 115.241 0
1851 87.8971 115.451 0
1852 91.4496 115.113 0
1853 95.0152 115.248 0
1854 98.6364 115.225 0
1855 102.191 115.431 0
1856 105.752 115.265 0
1857 109.215 114.983 0
1858 112.675 115.231 0
1859 116.156 114.81 0
1860 119.608 115.168 0
1861 123.22 114.85 0
1862 126.753 115.109 0
1863 130.315 114.901 0
1864 133.734 115.104 0
1865 137.246 114.874 0
1866 140.906 115.075 0
1867 144.497 114.87 0
1868 148.011 114.979 0
1869 151.562 114.63 0
1870 155.038 114.972 0
1871 158.629 114.962 0
1872 162.161 115.116 0
1873 -5.49872 117.727 0
1874 -1.95908 117.876 0
1875 1.52212 117.524 0
1876 4.98515 117.711 0
1877 8.51971 117.554 0
1878 12.0717 117.839 0
1879 15.6114 117.66 0
1880 19.0528 117.861 0
1881 22.6652 117.57 0
1882 26.1413 117.86 0
1883 29.8274 117.725 0
1884 33.3954 117.499 0
1885 36.9482 117.653 0
1886 40.3629 117.484 0
1887 43.821 117.754 0
1888 47.4644 117.549 0
1889 50.9981 117.795 0
1890 54.5417 117.623 0
1891 58.1939 117.774 0
1892 61.6872 117.526 0
1893 65.1439 117.832 0
1894 68.7782 117.536 0
1895 72.2791 117.938 0
1896 75.7159 117.738 0
1897 79.2888 117.779 0
1898 82.8236 118.034 0
1899 86.3631 118.153 0
1900 89.9394 117.887 0
1901 93.523 118.159 0
1902 97.0111 118.009 0
1903 100.543 118.179 0
1904 104.07 117.971 0
1905 107.629 117.769 0
1906 111.095 118.004 0
1907 114.695 117.716 0
1908 118.147 117.945 0
1909 121.671 117.607 0
1910 125.146 117.854 0
1911 128.639 117.734 0
1912 132.183 117.934 0
1913 135.763 117.654 0
1914 139.319 117.8 0
1915 142.91 117.585 0
1916 146.442 117.807 0
1917 150 117.49 0
1918 153.468 117.795 0
1919 156.963 117.628 0
1920 160.617 117.909 0
1921 -3.96597 120.414 0
1922 -0.340658 120.596 0
1923 3.10578 120.255 0
1924 6.63417 120.55 0
1925 10.0822 120.302 0
1926 13.628 120.626 0
1927 17.1061 120.45 0
1928 20.7244 120.542 0
1929 24.1818 120.355 0
1930 27.7767 120.566 0
1931 31.3685 120.403 0
1932 34.9342 120.403 0
1933 38.3476 120.606 0
1934 41.8781 120.363 0
1935 45.4544 120.463 0
1936 49.0523 120.211 0
1937 52.5956 120.541 0
1938 56.1709 120.357 0
1939 59.7942 120.576 0
1940 63.2506 120.394 0
1941 66.7564 120.617 0
1942 70.3464 120.419 0
1943 73.8341 120.793 0
1944 77.3933 120.509 0
1945 80.847 120.617 0
1946 84.4434 120.701 0
1947 88.0815 120.799 0
1948 91.624 120.615 0
1949 95.1464 120.986 0
1950 98.6419 120.755 0
1951 102.187 120.93 0
1952 105.644 120.783 0
1953 109.174 120.529 0
1954 112.758 120.759 0
1955 116.298 120.499 0
1956 119.797 120.715 0
1957 123.239 120.44 0
1958 126.736 120.624 0
1959 130.281 120.473 0
1960 133.842 120.641 0
1961 137.398 120.387 0
1962 140.939 120.553 0
1963 144.515 120.286 0
1964 148.014 120.517 0
1965 151.558 120.261 0
1966 155.085 120.541 0
1967 158.662 120.322 0
1968 162.14 120.664 0
1969 -5.57249 123.152 0
1970 -2.065 123.347 0
1971 1.53696 123.072 0
1972 4.9623 123.277 0
1973 8.4837 123.149 0
1974 11.9701 123.31 0
1975 15.5299 123.143 0
1976 19.0498 123.199 0
1977 22.5399 123.115 0
1978 26.1338 123.236 0
1979 29.7328 123.15 0
1980 33.282 123.194 0
1981 36.7472 123.38 0
1982 40.3309 123.117 0
1983 43.8429 123.28 0
1984 47.4577 122.932 0
1985 50.9476 123.198 0
1986 54.5198 123.032 0
1987 58.1577 123.321 0
1988 61.6974 123.118 0
1989 65.232 123.432 0
1990 68.6956 123.225 0
1991 72.2225 123.483 0
1992 75.7777 123.236 0
1993 79.4033 123.416 0
1994 82.8156 123.388 0
1995 86.458 123.481 0
1996 89.9818 123.37 0
1997 93.541 123.735 0
1998 97.067 123.474 0
1999 100.625 123.651 0
2000 104.152 123.534 0
2001 107.67 123.298 0
2002 111.164 123.474 0
2003 114.665 123.245 0
2004 118.196 123.525 0
2005 121.758 123.272 0
2006 125.226 123.423 0
2007 128.725 123.243 0
2008 132.246 123.444 0
2009 135.858 123.086 0
2010 139.366 123.385 0
2011 142.909 123.056 0
2012 146.394 123.271 0
2013 149.898 123.02 0
2014 153.51 123.279 0
2015 157.047 123.055 0
2016 160.541 123.404 0
2017 -4.04923 125.933 0
2018 -0.480482 126.047 0
2019 3.07973 125.877 0
2020 6.5406 125.985 0
2021 10.0719 125.881 0
2022 13.6045 126.046 0
2023 17.1534 125.808 0
2024 20.6317 126.019 0
2025 24.1641 125.823 0
2026 27.7553 126.07 0
2027 31.3156 125.764 0
2028 34.774 126.009 0
2029 38.369 126.047 0
2030 41.9323 125.817 0
2031 45.514 125.945 0
2032 49.0286 125.728 0
2033 52.5699 125.956 0
2034 56.1138 125.763 0
2035 59.8025 126.104 0
2036 63.2736 125.889 0
2037 66.8024 126.157 0
2038 70.3429 125.928 0
2039 73.844 126.159 0
2040 77.3442 125.894 0
2041 80.9245 126.293 0
2042 84.5264 126.02 0
2043 88.053 126.232 0
2044 91.5841 126.156 0
2045 95.1805 126.415 0
2046 98.6945 126.082 0
2047 102.244 126.455 0
2048 105.743 126.259 0
2049 109.28 126.05 0
2050 112.702 126.308 0
2051 116.207 126.033 0
2052 119.805 126.273 0
2053 123.364 126.05 0
2054 126.873 126.27 0
2055 130.413 125.99 0
2056 134.009 126.09 0
2057 137.369 125.938 0
2058 141.009 126.156 0
2059 144.47 125.791 0
2060 148.04 125.93 0
2061 151.545 125.76 0
2062 155.029 126.097 0
2063 158.541 125.868 0
2064 162.094 126.116 0
2065 -5.71093 128.591 0
2066 -2.16273 128.814 0
2067 1.42581 128.597 0
2068 4.97659 128.735 0
2069 8.46718 128.627 0
2070 12.0332 128.771 0
2071 15.5417 128.568 0
2072 19.0698 128.728 0
2073 22.5762 128.579 0
2074 26.1937 128.77 0
2075 29.7921 128.622 0
2076 33.2904 128.752 0
2077 36.8576 128.868 0
2078 40.3575 128.508 0
2079 43.8906 128.672 0
2080 47.4819 128.418 0
2081 50.9703 128.702 0
2082 54.4952 128.432 0
2083 58.0308 128.709 0
2084 61.665 128.629 0
2085 65.1919 128.84 0
2086 68.7573 128.641 0
2087 72.1928 128.985 0
2088 75.797 128.661 0
2089 79.3229 129.022 0
2090 82.846 128.749 0
2091 86.4585 129.043 0
2092 89.9552 128.784 0
2093 93.5558 129.088 0
2094 97.1418 128.878 0
2095 100.577 129.173 0
2096 104.112 128.965 0
2097 107.703 128.82 0
2098 111.17 129.048 0
2099 114.664 128.789 0
2100 118.224 129.011 0
2101 121.732 128.773 0
2102 125.283 128.99 0
2103 128.857 128.755 0
2104 132.437 128.989 0
2105 135.892 128.726 0
2106 139.453 128.967 0
2107 142.912 128.659 0
2108 146.501 128.799 0
2109 149.889 128.442 0
2110 153.422 128.784 0
2111 156.906 128.553 0
2112 160.375 128.693 0
2113 -4.15705 131.41 0
2114 -0.534971 131.517 0
2115 3.10927 131.263 0
2116 6.5607 131.521 0
2117 10.0997 131.362 0
2118 13.6459 131.603 0
2119 17.1676 131.243 0
2120 20.6339 131.452 0
2121 24.2495 131.268 0
2122 27.8126 131.462 0
2123 31.4013 131.286 0
2124 34.9575 131.436 0
2125 38.5329 131.724 0
2126 41.9961 131.174 0
2127 45.4996 131.473 0
2128 49.05 131.191 0
2129 52.5665 131.393 0
2130 56.1378 131.19 0
2131 59.6033 131.452 0
2132 63.2245 131.303 0
2133 66.7907 131.628 0
2134 70.2535 131.458 0
2135 73.7744 131.662 0
2136 77.351 131.461 0
2137 80.8867 131.847 0
2138 84.4774 131.464 0
2139 88.0088 131.844 0
2140 91.6262 131.6 0
2141 95.1527 131.835 0
2142 98.6222 131.668 0
2143 102.145 131.881 0
2144 105.741 131.582 0
2145 109.329 131.53 0
2146 112.788 131.768 0
2147 116.33 131.49 0
2148 119.776 131.719 0
2149 123.355 131.529 0
2150 126.878 131.676 0
2151 130.479 131.493 0
2152 133.963 131.735 0
2153 137.438 131.416 0
2154 141.041 131.679 0
2155 144.581 131.349 0
2156 148.116 131.621 0
2157 151.509 131.235 0
2158 154.959 131.563 0
2159 158.458 131.399 0
2160 161.962 131.465 0
2161 -5.69752 134.148 0
2162 -2.09456 134.267 0
2163 1.42555 133.982 0
2164 5.01858 134.289 0
2165 8.54895 134.175 0
2166 12.0648 134.366 0
2167 15.5811 134.03 0
2168 19.0838 134.302 0
2169 22.6501 133.986 0
2170 26.1914 134.231 0
2171 29.7624 134.032 0
2172 33.3499 134.185 0
2173 36.9218 134.436 0
2174 40.4906 134.172 0
2175 43.9874 134.247 0
2176 47.4685 133.931 0
2177 50.9867 134.172 0
2178 54.414 133.957 0
2179 58.0246 134.181 0
2180 61.5351 133.954 0
2181 65.0592 134.349 0
2182 68.6176 134.231 0
2183 72.0816 134.391 0
2184 75.7046 134.214 0
2185 79.2483 134.554 0
2186 82.8485 134.253 0
2187 86.3602 134.597 0
2188 90.0039 134.351 0
2189 93.6086 134.627 0
2190 97.0727 134.377 0
2191 100.545 134.615 0
2192 104.102 134.39 0
2193 107.691 134.211 0
2194 111.199 134.586 0
2195 114.728 134.212 0
2196 118.181 134.489 0
2197 121.683 134.213 0
2198 125.268 134.456 0
2199 128.79 134.119 0
2200 132.319 134.433 0
2201 135.871 134.255 0
2202 139.39 134.44 0
2203 142.935 134.118 0
2204 146.452 134.343 0
2205 150.052 134.134 0
2206 153.481 134.474 0
2207 156.916 134.153 0
2208 160.53 134.405 0
2209 -4.02215 136.78 0
2210 -0.515352 137.032 0
2211 3.03444 136.748 0
2212 6.64129 136.979 0
2213 10.1649 136.837 0
2214 13.6939 137.085 0
2215 17.1809 136.778 0
2216 20.7608 137.009 0
2217 24.2481 136.73 0
2218 27.7583 136.93 0
2219 31.4202 136.78 0
2220 34.9756 136.927 0
2221 38.5203 137.115 0
2222 42.0654 136.864 0
2223 45.6342 136.97 0
2224 49.0579 136.721 0
2225 52.5163 137.032 0
2226 56.083 136.709 0
2227 59.6219 136.993 0
2228 63.0865 136.718 0
2229 66.5552 137.139 0
2230 70.1512 137.093 0
2231 73.7151 137.127 0
2232 77.2603 136.967 0
2233 80.8423 137.286 0
2234 84.4236 137.069 0
2235 87.9739 137.298 0
2236 91.677 137.035 0
2237 95.1603 137.414 0
2238 98.6943 137.062 0
2239 102.155 137.312 0
2240 105.735 137.166 0
2241 109.258 137.064 0
2242 112.832 137.272 0
2243 116.26 137.018 0
2244 119.815 137.207 0
2245 123.335 136.983 0
2246 126.882 137.192 0
2247 130.348 136.895 0
2248 133.897 137.175 0
2249 137.517 136.914 0
2250 141.044 137.202 0
2251 144.527 136.87 0
2252 148.079 137.114 0
2253 151.544 136.947 0
2254 155.114 137.232 0
2255 158.631 136.927 0
2256 162.096 137.208 0
2257 -5.54157 139.646 0
2258 -2.05553 139.841 0
2259 1.48316 139.521 0
2260 5.1064 139.752 0
2261 8.55009 139.47 0
2262 12.0973 139.739 0
2263 15.6593 139.579 0
2264 19.1367 139.645 0
2265 22.704 139.55 0
2266 26.235 139.685 0
2267 29.7697 139.442 0
2268 33.3232 139.669 0
2269 36.9094 139.875 0
2270 40.465 139.6 0
2271 44.0034 139.748 0
2272 47.5003 139.641 0
2273 50.9028 139.85 0
2274 54.4604 139.547 0
2275 58.0088 139.797 0
2276 61.5134 139.577 0
2277 64.9057 139.896 0
2278 68.4217 139.698 0
2279 72.0927 139.876 0
2280 75.596 139.68 0
2281 79.2088 139.91 0
2282 82.8088 139.802 0
2283 86.3235 140.035 0
2284 89.9991 139.714 0
2285 93.5201 140.129 0
2286 97.1148 139.893 0
2287 100.563 140.142 0
2288 104.098 139.881 0
2289 107.62 139.692 0
2290 111.25 139.967 0
2291 114.72 139.822 0
2292 118.228 140.038 0
2293 121.725 139.716 0
2294 125.267 139.961 0
2295 128.837 139.745 0
2296 132.257 139.939 0
2297 135.868 139.622 0
2298 139.381 139.962 0
2299 142.952 139.634 0
2300 146.443 139.907 0
2301 149.957 139.735 0
2302 153.489 140.002 0
2303 157.056 139.727 0
2304 160.515 139.935 0
2305 -3.82627 142.326 0
2306 -0.372335 142.541 0
2307 3.18746 142.339 0
2308 6.70505 142.556 0
2309 10.1592 142.216 0
2310 13.7498 142.462 0
2311 17.275 142.221 0
2312 20.7336 142.457 0
2313 24.289 142.189 0
2314 27.7859 142.454 0
2315 31.3178 142.284 0
2316 34.9916 142.397 0
2317 38.5463 142.568 0
2318 42.0823 142.44 0
2319 45.507 142.642 0
2320 49.0075 142.414 0
2321 52.5079 142.51 0
2322 56.0294 142.311 0
2323 59.5581 142.596 0
2324 63.0298 142.504 0
2325 66.5119 142.696 0
2326 70.0283 142.391 0
2327 73.6417 142.572 0
2328 77.2341 142.323 0
2329 80.848 142.636 0
2330 84.4494 142.565 0
2331 87.9885 142.718 0
2332 91.5593 142.595 0
2333 95.1948 142.843 0
2334 98.6716 142.624 0
2335 102.214 142.826 0
2336 105.672 142.591 0
2337 109.205 142.481 0
2338 112.757 142.82 0
2339 116.334 142.605 0
2340 119.862 142.778 0
2341 123.342 142.418 0
2342 126.882 142.736 0
2343 130.434 142.512 0
2344 133.935 142.588 0
2345 137.414 142.445 0
2346 140.984 142.736 0
2347 144.51 142.342 0
2348 148.009 142.717 0
2349 151.541 142.402 0
2350 155.139 142.667 0
2351 158.623 142.434 0
2352 162.166 142.606 0
2353 -5.40324 145.106 0
2354 -1.93236 145.402 0
2355 1.65969 145.176 0
2356 5.10877 145.281 0
2357 8.67195 145.063 0
2358 12.1845 145.17 0
2359 15.7089 145.086 0
2360 19.1947 145.256 0
2361 22.6367 144.927 0
2362 26.162 145.227 0
2363 29.7751 145.007 0
2364 33.3938 145.242 0
2365 37.0065 145.425 0
2366 40.442 145.148 0
2367 44.0056 145.492 0
2368 47.5072 145.217 0
2369 50.9866 145.312 0
2370 54.4354 145.088 0
2371 57.9283 145.247 0
2372 61.4985 145.368 0
2373 65.0391 145.569 0
2374 68.5247 145.221 0
2375 72.0784 145.334 0
2376 75.6788 145.098 0
2377 79.2423 145.275 0
2378 82.8782 145.288 0
2379 86.4494 145.453 0
2380 89.9945 145.332 0
2381 93.5857 145.55 0
2382 97.0532 145.408 0
2383 100.59 145.556 0
2384 104.141 145.451 0
2385 107.631 145.25 0
2386 111.161 145.535 0
2387 114.655 145.305 0
2388 118.256 145.535 0
2389 121.86 145.259 0
2390 125.313 145.482 0
2391 128.883 145.284 0
2392 132.432 145.493 0
2393 135.878 145.197 0
2394 139.332 145.471 0
2395 142.909 145.226 0
2396 146.398 145.428 0
2397 149.971 145.133 0
2398 153.447 145.323 0
2399 157.108 145.275 0
2400 160.582 145.354 0
2401 -3.86384 147.949 0
2402 -0.302925 148.124 0
2403 3.238 147.95 0
2404 6.73571 147.918 0
2405 10.3389 147.786 0
2406 13.815 147.865 0
2407 17.3072 147.791 0
2408 20.7815 148.046 0
2409 24.2503 147.681 0
2410 27.8203 147.882 0
2411 31.4422 147.786 0
2412 35.0387 147.919 0
2413 38.5003 148.186 0
2414 42.018 147.964 0
2415 45.6318 148.229 0
2416 49.1337 147.879 0
2417 52.5777 148.181 0
2418 56.0529 147.837 0
2419 59.5952 147.989 0
2420 63.1599 148.155 0
2421 66.6808 148.342 0
2422 70.2498 147.916 0
2423 73.7444 148.01 0
2424 77.3955 147.86 0
2425 81.0269 147.83 0
2426 84.5112 148.03 0
2427 88.1396 148.114 0
2428 91.5689 148.194 0
2429 95.0961 148.437 0
2430 98.7138 148.107 0
2431 102.254 148.396 0
2432 105.781 148.22 0
2433 109.355 148.087 0
2434 112.832 148.264 0
2435 116.357 148.049 0
2436 119.932 148.223 0
2437 123.451 147.966 0
2438 126.942 148.208 0
2439 130.496 148.014 0
2440 133.959 148.252 0
2441 137.501 148.032 0
2442 140.969 148.386 0
2443 144.497 148.04 0
2444 148.057 148.169 0
2445 151.592 147.884 0
2446 155.054 148.027 0
2447 158.664 147.999 0
2448 162.329 148.035 0
2449 -5.34128 150.728 0
2450 -1.8385 150.846 0
2451 1.74359 150.715 0
2452 5.28048 150.778 0
2453 8.75586 150.477 0
2454 12.3753 150.694 0
2455 15.7464 150.547 0
2456 19.1591 150.741 0
2457 22.7246 150.506 0
2458 26.2278 150.66 0
2459 29.7266 150.424 0
2460 33.3928 150.591 0
2461 36.912 150.944 0
2462 40.3949 150.721 0
2463 44.0056 151.038 0
2464 47.644 150.78 0
2465 51.0555 150.961 0
2466 54.5384 150.69 0
2467 58.1207 150.752 0
2468 61.6591 150.893 0
2469 65.1934 151.125 0
2470 68.6556 150.721 0
2471 72.2792 150.808 0
2472 75.7678 150.578 0
2473 79.5014 150.671 0
2474 82.9747 150.838 0
2475 86.5808 150.801 0
2476 90.063 151.021 0
2477 93.5207 151.21 0
2478 97.1294 150.867 0
2479 100.68 151.075 0
2480 104.168 150.999 0
2481 107.757 150.761 0
2482 111.305 151.05 0
2483 114.831 150.797 0
2484 118.383 151.059 0
2485 121.909 150.761 0
2486 125.391 150.996 0
2487 128.912 150.719 0
2488 132.354 151.041 0
2489 135.939 150.736 0
2490 139.377 151.078 0
2491 142.963 150.854 0
2492 146.556 150.955 0
2493 150.045 150.682 0
2494 153.498 150.765 0
2495 157.033 150.724 0
2496 160.698 150.715 0
