# Time-averaged data for fix 3
# TimeStep Number-of-rows
# Row c_center[1] c_center[2] c_center[3]
2000 2496
1 -3.80067 10.4224 0
2 -0.323413 10.5175 0
3 3.26382 10.1692 0
4 6.85011 10.3789 0
5 10.4069 10.1548 0
6 13.9138 10.5891 0
7 17.3147 10.3044 0
8 20.9662 10.4591 0
9 24.4946 10.1869 0
10 27.9802 10.4057 0
11 31.5295 10.115 0
12 35.0334 10.3189 0
13 38.6961 10.5242 0
14 42.2096 10.2781 0
15 45.6838 10.5683 0
16 49.2046 10.258 0
17 52.6961 10.5931 0
18 56.1907 10.3464 0
19 59.7533 10.5863 0
20 63.3479 10.438 0
21 66.9209 10.5452 0
22 70.3203 10.2842 0
23 73.7718 10.6247 0
24 77.363 10.4166 0
25 81.0355 10.5337 0
26 84.5357 10.4808 0
27 88.1394 10.6793 0
28 91.6478 10.4442 0
29 95.2267 10.593 0
30 98.6426 10.2318 0
31 102.157 10.502 0
32 105.697 10.2564 0
33 109.165 9.99483 0
34 112.709 10.2089 0
35 116.252 10.0477 0
36 119.891 10.2473 0
37 123.322 10.4881 0
38 126.809 10.1894 0
39 130.351 10.0404 0
40 133.928 10.2048 0
41 137.5 10.3889 0
42 141.07 10.5217 0
43 144.643 10.183 0
44 148.214 10.3857 0
45 151.78 10.1778 0
46 155.29 10.295 0
47 158.836 10.3987 0
48 162.283 10.5793 0
49 -5.38536 13.1349 0
50 -1.84822 13.3644 0
51 1.61791 12.9971 0
52 5.14471 13.0642 0
53 8.74285 12.9684 0
54 12.2712 13.306 0
55 15.7942 13.1523 0
56 19.3585 13.2639 0
57 22.8127 12.9699 0
58 26.3562 13.1817 0
59 29.8806 12.8438 0
60 33.4058 13.083 0
61 36.9676 13.198 0
62 40.5358 13.0669 0
63 44.0748 13.3153 0
64 47.6242 13.1067 0
65 51.1613 13.3823 0
66 54.6571 13.0871 0
67 58.2112 13.3369 0
68 61.687 13.0665 0
69 65.333 13.2812 0
70 68.7744 13.1409 0
71 72.2087 13.4211 0
72 75.7906 13.1689 0
73 79.3388 13.31 0
74 82.959 13.2274 0
75 86.5908 13.4714 0
76 90.0781 13.1335 0
77 93.6844 13.3167 0
78 97.221 13.1067 0
79 100.662 13.3556 0
80 104.07 13.0125 0
81 107.589 12.7467 0
82 111.143 13.009 0
83 114.662 12.7774 0
84 118.226 12.9449 0
85 121.743 13.2625 0
86 125.239 13.0748 0
87 128.773 12.7441 0
88 132.315 12.9129 0
89 135.843 13.0506 0
90 139.487 13.2034 0
91 143.135 12.9412 0
92 146.741 13.1914 0
93 150.196 12.8959 0
94 153.78 13.1716 0
95 157.158 13.0144 0
96 160.613 13.3158 0
97 -3.77674 15.9395 0
98 -0.234916 16.093 0
99 3.24806 15.7837 0
100 6.69343 15.8788 0
101 10.2716 15.8107 0
102 13.8941 16.0706 0
103 17.4397 15.8907 0
104 20.9357 16.0686 0
105 24.4456 15.7095 0
106 27.9444 15.9129 0
107 31.4832 15.5728 0
108 34.9902 15.8198 0
109 38.5882 15.9767 0
110 42.1174 15.7533 0
111 45.7 16.109 0
112 49.2736 15.8203 0
113 52.7622 16.0874 0
114 56.2715 15.7645 0
115 59.8057 16.0866 0
116 63.3225 15.8186 0
117 66.8766 16.1087 0
118 70.3432 15.8916 0
119 73.8594 16.0149 0
120 77.4933 15.8188 0
121 80.9957 16.0645 0
122 84.5834 15.9183 0
123 88.2374 16.1581 0
124 91.7291 15.7787 0
125 95.2331 16.1705 0
126 98.7685 15.8876 0
127 102.236 16.1434 0
128 105.738 15.775 0
129 109.21 15.4766 0
130 112.811 15.6935 0
131 116.253 15.5055 0
132 119.751 15.7546 0
133 123.344 15.9308 0
134 126.903 15.8785 0
135 130.512 15.4983 0
136 133.978 15.6933 0
137 137.561 15.6546 0
138 141.149 15.8699 0
139 144.763 15.6519 0
140 148.242 15.9965 0
141 151.705 15.6935 0
142 155.264 16.152 0
143 158.689 15.8506 0
144 162.188 16.0722 0
145 -5.39904 18.554 0
146 -1.83525 18.8603 0
147 1.75316 18.5837 0
148 5.22423 18.8273 0
149 8.67264 18.6138 0
150 12.2591 18.7689 0
151 15.8277 18.6086 0
152 19.383 18.8572 0
153 22.8393 18.5979 0
154 26.4153 18.7518 0
155 29.9441 18.3931 0
156 33.3933 18.5856 0
157 37.007 18.6811 0
158 40.5446 18.5449 0
159 44.1324 18.7976 0
160 47.6141 18.5663 0
161 51.1022 18.8588 0
162 54.6427 18.5494 0
163 58.2046 18.8045 0
164 61.7151 18.5829 0
165 65.0962 18.7443 0
166 68.7187 18.6631 0
167 72.3384 18.8736 0
168 75.8197 18.5363 0
169 79.416 18.8878 0
170 82.9548 18.5465 0
171 86.5618 18.8787 0
172 90.1198 18.5975 0
173 93.6496 18.8748 0
174 97.1626 18.6828 0
175 100.599 18.9402 0
176 104.191 18.5695 0
177 107.687 18.3415 0
178 111.238 18.46 0
179 114.71 18.3219 0
180 118.206 18.5522 0
181 121.788 18.7325 0
182 125.307 18.5722 0
183 128.919 18.3572 0
184 132.474 18.5627 0
185 135.881 18.3285 0
186 139.494 18.6412 0
187 143.082 18.4455 0
188 146.598 18.6863 0
189 150.13 18.5001 0
190 153.562 18.7677 0
191 157.151 18.6187 0
192 160.7 18.8945 0
193 -3.73871 21.3787 0
194 -0.176354 21.6234 0
195 3.30545 21.3252 0
196 6.80735 21.558 0
197 10.3469 21.3615 0
198 13.8581 21.5615 0
199 17.4735 21.3774 0
200 21.0161 21.6175 0
201 24.4985 21.296 0
202 28.0408 21.4749 0
203 31.4692 21.3316 0
204 35.0667 21.166 0
205 38.6193 21.4087 0
206 42.086 21.2712 0
207 45.6293 21.5663 0
208 49.1361 21.3384 0
209 52.6638 21.5719 0
210 56.2824 21.319 0
211 59.7891 21.5678 0
212 63.2544 21.5669 0
213 66.6748 21.4888 0
214 70.3226 21.3501 0
215 73.916 21.6076 0
216 77.4296 21.3365 0
217 80.9659 21.5769 0
218 84.5624 21.3866 0
219 88.1244 21.6128 0
220 91.6527 21.3296 0
221 95.1678 21.6785 0
222 98.7174 21.4436 0
223 102.196 21.6955 0
224 105.77 21.332 0
225 109.344 21.0564 0
226 112.845 21.2988 0
227 116.307 21.0233 0
228 119.823 21.4285 0
229 123.43 21.3618 0
230 127.059 21.2047 0
231 130.558 21.0482 0
232 134.014 21.4439 0
233 137.499 21.1727 0
234 141.111 21.3616 0
235 144.625 21.221 0
236 148.165 21.4457 0
237 151.66 21.2265 0
238 155.183 21.5431 0
239 158.772 21.356 0
240 162.341 21.6682 0
241 -5.35819 24.1209 0
242 -1.76073 24.4509 0
243 1.79007 24.1131 0
244 5.26206 24.3917 0
245 8.74468 24.1376 0
246 12.3031 24.3352 0
247 15.8601 24.0856 0
248 19.4257 24.3875 0
249 22.9129 24.1011 0
250 26.506 24.2558 0
251 29.945 24.0882 0
252 33.4644 23.8809 0
253 36.9673 24.0368 0
254 40.5013 24.053 0
255 43.981 24.261 0
256 47.5526 24.0584 0
257 51.0689 24.2822 0
258 54.6218 24.0523 0
259 58.1312 24.2378 0
260 61.6975 24.2879 0
261 65.242 24.4421 0
262 68.721 24.0343 0
263 72.2357 24.3048 0
264 75.821 24.1335 0
265 79.3475 24.3004 0
266 82.8525 24.0319 0
267 86.4275 24.2648 0
268 90.0176 24.0901 0
269 93.5936 24.3921 0
270 97.1087 24.1588 0
271 100.583 24.4048 0
272 104.196 24.158 0
273 107.73 23.7555 0
274 111.248 24.007 0
275 114.716 23.8277 0
276 118.151 24.1101 0
277 121.725 23.9869 0
278 125.383 23.9421 0
279 128.95 23.8176 0
280 132.394 24.1881 0
281 135.958 23.897 0
282 139.476 24.0608 0
283 143.025 23.9498 0
284 146.475 24.1342 0
285 150.033 23.9914 0
286 153.609 24.3274 0
287 157.09 24.1062 0
288 160.681 24.3447 0
289 -3.71987 26.8833 0
290 -0.172046 27.0978 0
291 3.40669 26.8931 0
292 6.88314 27.1495 0
293 10.3539 26.8371 0
294 14.0098 27.0802 0
295 17.4337 26.8662 0
296 21.0117 27.1059 0
297 24.504 26.7595 0
298 28.0128 27.123 0
299 31.5683 26.9021 0
300 35.0896 26.7245 0
301 38.5917 26.7183 0
302 42.0937 26.8776 0
303 45.594 27.0299 0
304 49.1604 26.8239 0
305 52.7114 26.9876 0
306 56.168 26.7852 0
307 59.7313 26.9352 0
308 63.3596 26.9094 0
309 66.8812 27.0836 0
310 70.3775 26.8136 0
311 73.8391 27.0505 0
312 77.4735 26.8191 0
313 80.9377 27.0027 0
314 84.5011 26.7618 0
315 88.0432 27.0537 0
316 91.5583 26.8406 0
317 95.1843 27.1142 0
318 98.693 26.9442 0
319 102.214 27.0979 0
320 105.851 26.857 0
321 109.323 26.5601 0
322 112.779 26.7831 0
323 116.257 26.5912 0
324 119.76 26.8443 0
325 123.375 26.6459 0
326 126.913 26.6903 0
327 130.468 26.7043 0
328 134.074 26.871 0
329 137.528 26.581 0
330 141.015 26.9162 0
331 144.51 26.7188 0
332 148.028 26.9017 0
333 151.532 26.7819 0
334 155.089 27.1764 0
335 158.648 26.9043 0
336 162.307 27.0709 0
337 -5.46329 29.5614 0
338 -1.83076 29.826 0
339 1.7934 29.6699 0
340 5.35684 29.9471 0
341 8.87915 29.6687 0
342 12.4254 29.878 0
343 15.8727 29.6067 0
344 19.4228 29.8329 0
345 22.9363 29.6204 0
346 26.3978 29.8121 0
347 29.9893 29.6716 0
348 33.5183 29.4979 0
349 37.0768 29.6077 0
350 40.5517 29.5808 0
351 44.0785 29.7839 0
352 47.5944 29.536 0
353 51.1095 29.7337 0
354 54.6615 29.5704 0
355 58.1935 29.6982 0
356 61.7318 29.6191 0
357 65.2892 29.8585 0
358 68.819 29.5772 0
359 72.3042 29.8064 0
360 75.7976 29.4909 0
361 79.3352 29.8028 0
362 82.8978 29.5876 0
363 86.4501 29.7457 0
364 89.9362 29.5756 0
365 93.5226 29.8379 0
366 97.026 29.6183 0
367 100.598 29.8852 0
368 104.213 29.5217 0
369 107.706 29.3237 0
370 111.143 29.7537 0
371 114.668 29.4442 0
372 118.193 29.5948 0
373 121.659 29.3424 0
374 125.327 29.5633 0
375 128.829 29.4006 0
376 132.433 29.5836 0
377 135.98 29.3822 0
378 139.348 29.6692 0
379 142.838 29.4362 0
380 146.428 29.7157 0
381 149.908 29.5703 0
382 153.433 29.8157 0
383 156.992 29.622 0
384 160.593 29.8116 0
385 -3.83328 32.2668 0
386 -0.207228 32.6067 0
387 3.40916 32.4382 0
388 6.94817 32.6259 0
389 10.4911 32.4258 0
390 13.9704 32.7084 0
391 17.4522 32.3538 0
392 20.9754 32.6239 0
393 24.5424 32.3616 0
394 28.1092 32.554 0
395 31.5998 32.353 0
396 35.1239 32.1765 0
397 38.6717 32.354 0
398 42.1895 32.2544 0
399 45.6645 32.4956 0
400 49.1511 32.2759 0
401 52.6977 32.4486 0
402 56.3138 32.2465 0
403 59.7535 32.4482 0
404 63.308 32.3397 0
405 66.8782 32.5248 0
406 70.3503 32.3585 0
407 73.9191 32.5635 0
408 77.3851 32.2935 0
409 80.9305 32.544 0
410 84.4409 32.3824 0
411 87.9418 32.6478 0
412 91.5319 32.3592 0
413 95.0277 32.6249 0
414 98.5988 32.342 0
415 102.15 32.6258 0
416 105.708 32.3514 0
417 109.157 32.2264 0
418 112.774 32.4076 0
419 116.293 32.1414 0
420 119.778 32.4052 0
421 123.296 32.1463 0
422 126.869 32.3347 0
423 130.455 32.1524 0
424 133.902 32.3909 0
425 137.37 32.2151 0
426 140.919 32.5223 0
427 144.427 32.1629 0
428 147.985 32.4744 0
429 151.501 32.3034 0
430 155.108 32.4617 0
431 158.68 32.2611 0
432 162.193 32.4769 0
433 -5.45022 34.9477 0
434 -1.96008 35.255 0
435 1.6423 35.1386 0
436 5.29107 35.2687 0
437 8.86429 35.0987 0
438 12.3665 35.3551 0
439 15.9005 35.1495 0
440 19.304 35.2525 0
441 22.8634 35.1287 0
442 26.369 35.1292 0
443 29.9535 35.1629 0
444 33.5299 34.8939 0
445 37.0337 35.0923 0
446 40.4833 34.9496 0
447 44.0618 35.2577 0
448 47.5484 34.9877 0
449 51.1848 35.179 0
450 54.6744 34.8968 0
451 58.1994 35.2634 0
452 61.712 35.0193 0
453 65.2926 35.1326 0
454 68.7585 35.0566 0
455 72.2914 35.3094 0
456 75.7666 35.0613 0
457 79.2846 35.239 0
458 82.7861 35.1204 0
459 86.3274 35.4122 0
460 89.878 35.0823 0
461 93.4764 35.317 0
462 97.0082 35.0406 0
463 100.522 35.4016 0
464 104.073 35.1643 0
465 107.594 34.9321 0
466 111.137 35.0387 0
467 114.727 34.9471 0
468 118.218 35.1913 0
469 121.726 34.8983 0
470 125.214 35.0534 0
471 128.769 34.8324 0
472 132.331 35.1849 0
473 135.724 34.9443 0
474 139.368 35.2664 0
475 142.894 35.0533 0
476 146.302 35.1934 0
477 149.945 35.0529 0
478 153.539 35.3391 0
479 157.107 34.977 0
480 160.578 35.161 0
481 -3.88637 37.7814 0
482 -0.370867 38.0251 0
483 3.26598 37.8514 0
484 6.73725 38.1303 0
485 10.3578 37.8455 0
486 13.9118 38.1569 0
487 17.3394 38.0856 0
488 20.844 38.0481 0
489 24.3886 37.8181 0
490 27.9578 37.9732 0
491 31.5655 37.8957 0
492 35.1318 37.5918 0
493 38.6052 37.9114 0
494 42.0516 37.6873 0
495 45.6625 38.0129 0
496 49.2639 37.746 0
497 52.7874 37.9506 0
498 56.2263 37.7437 0
499 59.7809 38.0465 0
500 63.3141 37.6943 0
501 66.8126 37.9992 0
502 70.3368 37.827 0
503 73.8495 38.085 0
504 77.3914 37.8878 0
505 80.8192 38.0804 0
506 84.4112 37.8598 0
507 87.9757 38.0597 0
508 91.5491 37.7931 0
509 95.0797 38.1448 0
510 98.5403 37.8592 0
511 102.06 38.1878 0
512 105.697 37.907 0
513 109.298 37.6147 0
514 112.777 37.7319 0
515 116.336 37.7167 0
516 119.913 37.8364 0
517 123.422 37.6221 0
518 126.824 37.846 0
519 130.285 37.6361 0
520 133.784 38.0456 0
521 137.312 37.7103 0
522 140.933 38.0059 0
523 144.411 37.7306 0
524 147.973 37.9753 0
525 151.582 37.772 0
526 155.15 38.0621 0
527 158.699 37.7112 0
528 162.183 37.8935 0
529 -5.44079 40.5875 0
530 -1.96958 40.8116 0
531 1.65996 40.6433 0
532 5.19703 40.8957 0
533 8.70676 40.5448 0
534 12.1441 40.7378 0
535 15.7352 40.8345 0
536 19.2248 40.7915 0
537 22.8421 40.5296 0
538 26.3912 40.7267 0
539 29.9555 40.7064 0
540 33.5547 40.3356 0
541 36.9768 40.6196 0
542 40.4881 40.4981 0
543 43.9961 40.7104 0
544 47.6262 40.4898 0
545 51.1791 40.6422 0
546 54.6458 40.5558 0
547 58.1599 40.7016 0
548 61.8012 40.5219 0
549 65.2964 40.7648 0
550 68.7384 40.5702 0
551 72.2257 40.8523 0
552 75.7651 40.6672 0
553 79.3996 40.873 0
554 82.8696 40.6204 0
555 86.4146 40.8151 0
556 89.8955 40.5013 0
557 93.4125 40.898 0
558 96.9761 40.7048 0
559 100.488 40.9255 0
560 104.158 40.5943 0
561 107.666 40.3726 0
562 111.295 40.5754 0
563 114.699 40.3787 0
564 118.333 40.5889 0
565 121.868 40.4547 0
566 125.294 40.7337 0
567 128.749 40.4404 0
568 132.179 40.7506 0
569 135.762 40.6085 0
570 139.207 40.6653 0
571 142.95 40.6112 0
572 146.405 40.7094 0
573 149.967 40.4423 0
574 153.493 40.7803 0
575 157.142 40.5941 0
576 160.628 40.7671 0
577 -3.86309 43.383 0
578 -0.339366 43.439 0
579 3.22448 43.3583 0
580 6.77922 43.6197 0
581 10.2653 43.4679 0
582 13.7979 43.4159 0
583 17.2406 43.6007 0
584 20.872 43.4679 0
585 24.4545 43.2579 0
586 27.9932 43.4682 0
587 31.6707 43.3634 0
588 34.9988 43.3221 0
589 38.5494 43.4499 0
590 42.1245 43.2078 0
591 45.6936 43.3664 0
592 49.2391 43.1741 0
593 52.7639 43.509 0
594 56.2926 43.2727 0
595 59.8134 43.4553 0
596 63.4027 43.3005 0
597 66.8536 43.5528 0
598 70.29 43.3552 0
599 73.8123 43.6416 0
600 77.4072 43.3951 0
601 80.9618 43.5931 0
602 84.4503 43.3837 0
603 87.9802 43.5293 0
604 91.4987 43.3938 0
605 94.9644 43.6331 0
606 98.569 43.4566 0
607 102.178 43.6296 0
608 105.816 43.4509 0
609 109.341 43.0854 0
610 112.829 43.3366 0
611 116.329 43.0468 0
612 119.879 43.4255 0
613 123.393 43.1986 0
614 126.877 43.5679 0
615 130.321 43.3149 0
616 133.811 43.4695 0
617 137.338 43.3142 0
618 140.957 43.3646 0
619 144.563 43.2682 0
620 148.077 43.4326 0
621 151.589 43.2297 0
622 155.132 43.4728 0
623 158.705 43.3401 0
624 162.181 43.5628 0
625 -5.49422 46.1084 0
626 -1.85648 46.3083 0
627 1.58014 46.1043 0
628 5.14876 46.3012 0
629 8.63017 46.1946 0
630 12.225 46.3105 0
631 15.6146 46.3713 0
632 19.1333 46.1473 0
633 22.7946 45.9463 0
634 26.4508 46.2792 0
635 29.847 46.0269 0
636 33.5447 46.2683 0
637 37.0494 46.222 0
638 40.6028 45.9362 0
639 44.0602 46.1568 0
640 47.6362 45.9471 0
641 51.1675 46.238 0
642 54.6287 46.0082 0
643 58.148 46.1538 0
644 61.8082 46.0356 0
645 65.3026 46.365 0
646 68.8144 46.1233 0
647 72.2343 46.3995 0
648 75.8234 46.1519 0
649 79.3271 46.4309 0
650 82.8291 46.092 0
651 86.3344 46.3265 0
652 89.8884 46.041 0
653 93.4025 46.3569 0
654 96.9211 46.0957 0
655 100.538 46.3122 0
656 104.185 46.0579 0
657 107.739 45.8942 0
658 111.249 46.1378 0
659 114.758 45.8536 0
660 118.229 46.11 0
661 121.816 45.8718 0
662 125.311 46.3159 0
663 128.824 46.1051 0
664 132.3 46.2489 0
665 135.804 45.9983 0
666 139.359 46.1449 0
667 142.861 45.9125 0
668 146.466 46.1832 0
669 149.987 45.9807 0
670 153.521 46.2334 0
671 156.971 46.0279 0
672 160.579 46.296 0
673 -3.85273 48.7519 0
674 -0.23249 49.0942 0
675 3.20307 48.8849 0
676 6.71377 49.1685 0
677 10.1665 48.9226 0
678 13.6422 49.1689 0
679 17.253 49.0654 0
680 20.8309 48.9139 0
681 24.4668 48.6944 0
682 27.9836 49.0573 0
683 31.4899 48.7563 0
684 35.0718 49.104 0
685 38.7068 48.8968 0
686 42.2078 48.729 0
687 45.7332 48.9228 0
688 49.2394 48.68 0
689 52.7556 49.0796 0
690 56.2382 48.7387 0
691 59.8007 48.8153 0
692 63.3601 48.7831 0
693 66.9506 49.1262 0
694 70.3912 48.9409 0
695 73.9771 49.1064 0
696 77.4159 48.9457 0
697 80.9775 49.1104 0
698 84.4059 48.8875 0
699 87.9049 49.0194 0
700 91.4484 48.8397 0
701 95.0478 49.0572 0
702 98.5406 48.8513 0
703 102.216 48.984 0
704 105.77 48.7764 0
705 109.327 48.5958 0
706 112.871 48.8572 0
707 116.339 48.6244 0
708 119.861 48.8134 0
709 123.29 48.7133 0
710 126.901 49.0333 0
711 130.365 48.8738 0
712 133.881 49.0528 0
713 137.35 48.801 0
714 140.892 48.9631 0
715 144.491 48.6698 0
716 147.983 48.9777 0
717 151.561 48.7266 0
718 155.071 49.1117 0
719 158.689 48.8261 0
720 162.231 49.0395 0
721 -5.40272 51.4643 0
722 -1.88274 51.9068 0
723 1.69573 51.6459 0
724 5.16894 51.9197 0
725 8.62628 51.7498 0
726 12.0864 51.9326 0
727 15.544 51.6886 0
728 19.2722 51.702 0
729 22.7585 51.446 0
730 26.3189 51.7685 0
731 29.8668 51.5297 0
732 33.4563 51.873 0
733 37.0349 51.5767 0
734 40.5591 51.4021 0
735 44.1595 51.6291 0
736 47.7278 51.4497 0
737 51.1703 51.7321 0
738 54.706 51.4743 0
739 58.283 51.6967 0
740 61.6876 51.4372 0
741 65.182 51.7998 0
742 68.8528 51.6725 0
743 72.3923 51.8218 0
744 75.9598 51.7149 0
745 79.4627 51.907 0
746 82.8705 51.6958 0
747 86.3607 51.8617 0
748 89.8733 51.6077 0
749 93.454 51.8168 0
750 97.022 51.5468 0
751 100.577 51.678 0
752 104.143 51.53 0
753 107.61 51.3099 0
754 111.181 51.53 0
755 114.715 51.392 0
756 118.234 51.551 0
757 121.679 51.539 0
758 125.237 51.679 0
759 128.764 51.5668 0
760 132.278 51.7639 0
761 135.853 51.6263 0
762 139.313 51.7245 0
763 142.932 51.4538 0
764 146.387 51.7203 0
765 149.934 51.4663 0
766 153.477 51.7332 0
767 157.112 51.5787 0
768 160.665 51.7451 0
769 -3.89461 54.3318 0
770 -0.280585 54.5614 0
771 3.21498 54.4778 0
772 6.6759 54.7421 0
773 10.2516 54.4653 0
774 13.662 54.6603 0
775 17.2205 54.3772 0
776 20.8165 54.4467 0
777 24.3282 54.1866 0
778 27.9436 54.5081 0
779 31.4146 54.2541 0
780 35.0294 54.547 0
781 38.552 54.3924 0
782 42.1278 54.1738 0
783 45.7207 54.3699 0
784 49.2268 54.246 0
785 52.783 54.3373 0
786 56.3572 54.2147 0
787 59.8309 54.6136 0
788 63.2925 54.2996 0
789 66.8173 54.4415 0
790 70.4204 54.3151 0
791 74.031 54.6647 0
792 77.531 54.4794 0
793 80.9999 54.7616 0
794 84.4847 54.4305 0
795 88.0532 54.6073 0
796 91.539 54.301 0
797 95.1511 54.5157 0
798 98.6308 54.2271 0
799 102.207 54.4881 0
800 105.671 54.2977 0
801 109.237 54.0625 0
802 112.726 54.3401 0
803 116.276 54.1255 0
804 119.744 54.3785 0
805 123.28 54.2554 0
806 126.812 54.3739 0
807 130.376 54.3022 0
808 133.876 54.4919 0
809 137.455 54.2954 0
810 141.055 54.4712 0
811 144.504 54.2756 0
812 148.001 54.5124 0
813 151.56 54.277 0
814 155.141 54.4465 0
815 158.717 54.3019 0
816 162.25 54.4697 0
817 -5.55033 57.1111 0
818 -1.98654 57.2191 0
819 1.57534 57.2919 0
820 5.08155 57.5058 0
821 8.64951 57.2496 0
822 12.2204 57.4699 0
823 15.7388 57.1107 0
824 19.2944 57.2271 0
825 22.7235 56.9062 0
826 26.3126 57.2602 0
827 29.8517 57.0061 0
828 33.382 57.2452 0
829 36.9726 57.0673 0
830 40.5534 56.8673 0
831 44.074 57.1284 0
832 47.5731 56.9083 0
833 51.2319 57.1313 0
834 54.7584 56.9987 0
835 58.231 57.3709 0
836 61.7987 57.0886 0
837 65.2921 57.2484 0
838 68.7463 56.9734 0
839 72.2031 57.2531 0
840 75.8736 57.2855 0
841 79.4136 57.4906 0
842 82.9175 57.3598 0
843 86.4465 57.3587 0
844 90.0308 57.0984 0
845 93.5037 57.2525 0
846 97.0489 57.0271 0
847 100.623 57.1691 0
848 104.055 56.9967 0
849 107.649 56.8046 0
850 111.128 57.1392 0
851 114.639 56.8928 0
852 118.152 57.1169 0
853 121.734 57.0307 0
854 125.279 57.1706 0
855 128.712 56.951 0
856 132.341 57.2399 0
857 135.879 57.112 0
858 139.394 57.1809 0
859 142.927 56.9677 0
860 146.383 57.2799 0
861 149.91 57.0205 0
862 153.534 57.1711 0
863 157.051 57.0282 0
864 160.64 57.2093 0
865 -3.91371 59.8288 0
866 -0.330845 59.8483 0
867 3.15751 60.0636 0
868 6.71475 60.1924 0
869 10.2829 59.9502 0
870 13.8779 60.1523 0
871 17.431 59.8389 0
872 20.8585 60.0379 0
873 24.3103 59.6725 0
874 27.9128 59.9869 0
875 31.4844 59.7537 0
876 34.9966 60.0525 0
877 38.6294 59.8003 0
878 42.15 59.6777 0
879 45.6589 59.8281 0
880 49.2661 59.599 0
881 52.7734 59.8915 0
882 56.291 59.8208 0
883 59.7904 60.0562 0
884 63.3562 59.7923 0
885 66.9053 60.0119 0
886 70.2996 59.8116 0
887 73.7676 60.0581 0
888 77.4242 60.0952 0
889 80.9395 60.2808 0
890 84.5057 60.0459 0
891 88.0924 60.047 0
892 91.6048 59.9328 0
893 95.0758 59.9042 0
894 98.6944 59.7863 0
895 102.157 60.0553 0
896 105.68 59.7433 0
897 109.185 59.6291 0
898 112.737 59.8859 0
899 116.229 59.6043 0
900 119.734 59.9265 0
901 123.29 59.6951 0
902 126.836 59.9516 0
903 130.338 59.642 0
904 133.971 59.9763 0
905 137.414 59.8817 0
906 140.929 59.8778 0
907 144.463 59.7955 0
908 148.093 59.9474 0
909 151.627 59.6585 0
910 155.049 59.9804 0
911 158.585 59.7739 0
912 162.139 60.2492 0
913 -5.47107 62.7137 0
914 -1.97053 62.5278 0
915 1.6079 62.8492 0
916 5.1499 62.9332 0
917 8.63429 62.7102 0
918 12.2982 62.9033 0
919 15.8475 62.6266 0
920 19.3315 62.8876 0
921 22.7995 62.5818 0
922 26.3589 62.6998 0
923 29.9299 62.4779 0
924 33.4694 62.7928 0
925 37.0585 62.5329 0
926 40.5418 62.4296 0
927 44.1508 62.6611 0
928 47.6288 62.3629 0
929 51.2013 62.7219 0
930 54.6791 62.5422 0
931 58.2089 62.7516 0
932 61.6884 62.4817 0
933 65.1981 62.7136 0
934 68.7087 62.6547 0
935 72.2123 62.8672 0
936 75.7611 62.8555 0
937 79.3293 63.0392 0
938 82.8861 62.8045 0
939 86.5113 62.8739 0
940 89.9735 62.7284 0
941 93.5907 62.8012 0
942 97.0007 62.4466 0
943 100.518 62.7676 0
944 104.103 62.546 0
945 107.538 62.3457 0
946 111.107 62.5895 0
947 114.654 62.4308 0
948 118.158 62.6735 0
949 121.639 62.4359 0
950 125.174 62.7257 0
951 128.703 62.4706 0
952 132.322 62.6194 0
953 135.847 62.7565 0
954 139.445 62.7302 0
955 142.833 62.4798 0
956 146.421 62.5505 0
957 150.048 62.3655 0
958 153.515 62.763 0
959 156.951 62.5393 0
960 160.484 62.9159 0
961 -3.92079 65.5177 0
962 -0.328468 65.3125 0
963 3.2302 65.5155 0
964 6.7561 65.6706 0
965 10.3378 65.4814 0
966 13.9149 65.6018 0
967 17.476 65.4034 0
968 20.9892 65.5864 0
969 24.5242 65.3124 0
970 28.0127 65.4168 0
971 31.4872 65.2463 0
972 35.061 65.5252 0
973 38.5857 65.3451 0
974 42.1996 65.0975 0
975 45.7341 65.5033 0
976 49.2792 65.231 0
977 52.7734 65.5646 0
978 56.2455 65.3134 0
979 59.7818 65.5483 0
980 63.2534 65.2419 0
981 66.7796 65.5647 0
982 70.2374 65.4355 0
983 73.8636 65.5521 0
984 77.4125 65.5355 0
985 81.0143 65.6823 0
986 84.5888 65.4553 0
987 88.1347 65.6156 0
988 91.7114 65.3212 0
989 95.1768 65.4836 0
990 98.6098 65.3452 0
991 102.133 65.524 0
992 105.605 65.3268 0
993 109.071 65.109 0
994 112.655 65.3074 0
995 116.195 65.1987 0
996 119.749 65.4789 0
997 123.289 65.1805 0
998 126.802 65.4423 0
999 130.438 65.1446 0
1000 133.814 65.3922 0
1001 137.454 65.4547 0
1002 140.972 65.4937 0
1003 144.515 65.0857 0
1004 148.018 65.3477 0
1005 151.499 65.2187 0
1006 155.043 65.5516 0
1007 158.558 65.3627 0
1008 162.123 65.6629 0
1009 -5.38466 68.3518 0
1010 -1.86238 68.092 0
1011 1.63188 68.3043 0
1012 5.20251 68.4032 0
1013 8.72465 68.1373 0
1014 12.292 68.2618 0
1015 15.8546 68.0846 0
1016 19.4074 68.3143 0
1017 22.9389 68.1078 0
1018 26.5345 68.2882 0
1019 29.9114 68.0617 0
1020 33.3851 68.2107 0
1021 37.0235 68.0871 0
1022 40.4881 67.8682 0
1023 44.0396 68.2071 0
1024 47.6706 68.009 0
1025 51.1673 68.2753 0
1026 54.7132 68.1873 0
1027 58.2119 68.4397 0
1028 61.6644 68.0158 0
1029 65.2211 68.3016 0
1030 68.6589 68.225 0
1031 72.1973 68.1831 0
1032 75.8373 68.2887 0
1033 79.4016 68.3286 0
1034 82.9946 68.1748 0
1035 86.5538 68.3527 0
1036 90.1082 68.0436 0
1037 93.6907 68.2941 0
1038 97.1307 68.0783 0
1039 100.643 68.3133 0
1040 104.137 68.1122 0
1041 107.557 67.9777 0
1042 111.065 68.0345 0
1043 114.548 67.9758 0
1044 118.14 68.1587 0
1045 121.721 67.9876 0
1046 125.289 68.1963 0
1047 128.883 67.8843 0
1048 132.304 68.1893 0
1049 135.778 68.0458 0
1050 139.409 68.1771 0
1051 142.967 67.935 0
1052 146.351 68.2345 0
1053 149.886 67.9451 0
1054 153.393 68.3267 0
1055 156.966 68.14 0
1056 160.552 68.4057 0
1057 -3.73279 71.0348 0
1058 -0.200338 70.7858 0
1059 3.30476 70.9255 0
1060 6.82173 71.1909 0
1061 10.3401 70.8779 0
1062 13.731 71.0338 0
1063 17.3639 70.8465 0
1064 20.9411 71.0868 0
1065 24.4755 70.8603 0
1066 27.9479 71.2406 0
1067 31.4396 70.9458 0
1068 35.0998 70.7681 0
1069 38.5701 70.8794 0
1070 41.9876 70.6614 0
1071 45.61 70.9504 0
1072 49.1795 70.775 0
1073 52.6834 71.1212 0
1074 56.228 71.0265 0
1075 59.865 71.1561 0
1076 63.3199 70.8411 0
1077 66.7665 71.2112 0
1078 70.3521 70.8939 0
1079 73.9627 70.795 0
1080 77.5435 70.9722 0
1081 81.1034 71.1794 0
1082 84.5929 70.9313 0
1083 88.1114 71.1682 0
1084 91.5927 70.7984 0
1085 95.2173 71.0709 0
1086 98.7198 70.8606 0
1087 102.219 71.1232 0
1088 105.621 70.976 0
1089 109.135 70.7668 0
1090 112.585 70.8137 0
1091 116.174 70.6397 0
1092 119.73 70.9467 0
1093 123.354 70.7399 0
1094 127.003 70.8488 0
1095 130.425 70.701 0
1096 133.93 70.9797 0
1097 137.434 70.7036 0
1098 140.979 70.9856 0
1099 144.42 70.7779 0
1100 148 70.9511 0
1101 151.352 70.8468 0
1102 155.008 71.048 0
1103 158.613 70.8214 0
1104 162.233 71.0515 0
1105 -5.43837 73.6125 0
1106 -1.75498 73.5884 0
1107 1.76806 73.6793 0
1108 5.29334 73.9098 0
1109 8.82469 73.6304 0
1110 12.2876 73.9011 0
1111 15.7274 73.5838 0
1112 19.2502 73.7634 0
1113 22.9117 73.5618 0
1114 26.3713 73.9256 0
1115 29.9118 73.7224 0
1116 33.5053 73.5809 0
1117 37.0385 73.7291 0
1118 40.4256 73.5164 0
1119 43.9374 73.7887 0
1120 47.5205 73.4879 0
1121 50.9741 73.785 0
1122 54.5665 73.6354 0
1123 58.1786 73.9077 0
1124 61.7405 73.714 0
1125 65.248 73.9244 0
1126 68.8357 73.6625 0
1127 72.39 73.5889 0
1128 75.9436 73.7649 0
1129 79.5313 73.9344 0
1130 83.0354 73.6738 0
1131 86.5752 73.9565 0
1132 90.1465 73.7899 0
1133 93.5455 73.9042 0
1134 97.1201 73.6065 0
1135 100.6 73.8879 0
1136 104.041 73.6903 0
1137 107.567 73.515 0
1138 111.075 73.6618 0
1139 114.663 73.4037 0
1140 118.115 73.5951 0
1141 121.714 73.4008 0
1142 125.374 73.6034 0
1143 128.851 73.4647 0
1144 132.354 73.7083 0
1145 135.883 73.4408 0
1146 139.34 73.6687 0
1147 142.878 73.6817 0
1148 146.345 73.5973 0
1149 149.893 73.7524 0
1150 153.447 73.8798 0
1151 157.054 73.5734 0
1152 160.614 73.7893 0
1153 -3.66357 76.2267 0
1154 -0.190894 76.3489 0
1155 3.36149 76.4462 0
1156 6.94845 76.5316 0
1157 10.3914 76.4029 0
1158 13.9354 76.6174 0
1159 17.3032 76.4265 0
1160 20.9538 76.4992 0
1161 24.4636 76.3436 0
1162 27.9922 76.6547 0
1163 31.5188 76.4219 0
1164 35.115 76.3508 0
1165 38.5464 76.5863 0
1166 42.0482 76.3116 0
1167 45.6106 76.4602 0
1168 49.0654 76.3555 0
1169 52.6507 76.5689 0
1170 56.1955 76.3711 0
1171 59.7601 76.6539 0
1172 63.3218 76.4604 0
1173 66.8876 76.6673 0
1174 70.4476 76.3707 0
1175 73.9603 76.2704 0
1176 77.58 76.4795 0
1177 81.0673 76.6613 0
1178 84.611 76.4787 0
1179 88.1323 76.7199 0
1180 91.6977 76.652 0
1181 95.2251 76.607 0
1182 98.6639 76.3582 0
1183 102.112 76.6611 0
1184 105.656 76.3884 0
1185 109.206 76.1844 0
1186 112.752 76.3431 0
1187 116.241 76.1594 0
1188 119.697 76.3569 0
1189 123.319 76.0766 0
1190 126.876 76.47 0
1191 130.441 76.2621 0
1192 133.972 76.4672 0
1193 137.473 76.258 0
1194 140.918 76.3711 0
1195 144.372 76.4279 0
1196 148.011 76.3509 0
1197 151.635 76.4338 0
1198 155.238 76.5985 0
1199 158.692 76.2633 0
1200 162.284 76.5853 0
1201 -5.22699 79.0063 0
1202 -1.60505 79.2325 0
1203 1.78139 79.1362 0
1204 5.34266 79.3113 0
1205 8.8761 79.1803 0
1206 12.3577 79.3739 0
1207 15.8043 79.2028 0
1208 19.3404 79.2957 0
1209 22.8756 79.0905 0
1210 26.4044 79.3573 0
1211 29.9279 79.1888 0
1212 33.4002 78.9642 0
1213 36.9635 79.3613 0
1214 40.4774 79.1475 0
1215 43.9782 79.3345 0
1216 47.462 79.1 0
1217 51.0547 79.3059 0
1218 54.5893 79.1194 0
1219 58.1048 79.3056 0
1220 61.6264 79.0877 0
1221 65.2617 79.341 0
1222 68.9073 79.2021 0
1223 72.3872 79.0792 0
1224 75.9271 79.318 0
1225 79.375 79.3022 0
1226 82.9643 79.1764 0
1227 86.4292 79.495 0
1228 89.9791 79.2734 0
1229 93.6225 79.3608 0
1230 97.1068 79.2683 0
1231 100.604 79.515 0
1232 104.084 79.1581 0
1233 107.554 78.8847 0
1234 111.159 79.1329 0
1235 114.679 78.8673 0
1236 118.195 79.1184 0
1237 121.689 78.7804 0
1238 125.27 79.1932 0
1239 128.862 79.045 0
1240 132.389 79.2235 0
1241 135.867 78.9644 0
1242 139.449 79.2073 0
1243 142.871 79.2226 0
1244 146.38 79.022 0
1245 150.142 79.1826 0
1246 153.672 79.2794 0
1247 157.221 79.0815 0
1248 160.743 79.3114 0
1249 -3.5372 81.729 0
1250 -0.0333506 82.0253 0
1251 3.44429 81.8452 0
1252 6.99438 82.0275 0
1253 10.4203 81.9313 0
1254 13.8862 82.3024 0
1255 17.3089 82.1021 0
1256 20.9099 82.0477 0
1257 24.4504 81.8317 0
1258 27.9496 82.1755 0
1259 31.4648 81.9268 0
1260 34.9415 81.8299 0
1261 38.4554 82.2149 0
1262 42.0137 81.9157 0
1263 45.5142 82.1314 0
1264 48.9982 81.8275 0
1265 52.5727 82.0794 0
1266 56.1453 81.8646 0
1267 59.6792 82.1073 0
1268 63.2584 81.7875 0
1269 66.8566 82.1132 0
1270 70.395 81.9768 0
1271 73.9115 81.8599 0
1272 77.4205 82.2938 0
1273 80.9904 82.1129 0
1274 84.4644 81.9668 0
1275 88.0088 82.1749 0
1276 91.5657 81.9705 0
1277 95.1161 82.2638 0
1278 98.641 82.0688 0
1279 102.169 82.2453 0
1280 105.656 81.9282 0
1281 109.158 81.5995 0
1282 112.752 81.9051 0
1283 116.243 81.6203 0
1284 119.788 81.8325 0
1285 123.298 81.6466 0
1286 126.861 81.8268 0
1287 130.454 81.7403 0
1288 133.996 82.0107 0
1289 137.477 81.6515 0
1290 140.964 81.985 0
1291 144.51 81.9456 0
1292 148.108 81.5826 0
1293 151.799 81.8361 0
1294 155.328 81.9301 0
1295 158.881 81.8031 0
1296 162.406 81.9692 0
1297 -5.23365 84.4095 0
1298 -1.61157 84.7917 0
1299 1.84014 84.6359 0
1300 5.373 84.8536 0
1301 8.81813 84.6591 0
1302 12.2654 84.967 0
1303 15.8109 84.9584 0
1304 19.2213 84.8319 0
1305 22.8275 84.6189 0
1306 26.3382 84.9244 0
1307 29.9209 84.6819 0
1308 33.4054 84.6762 0
1309 36.8282 84.9526 0
1310 40.3971 84.7121 0
1311 43.9105 84.8376 0
1312 47.4095 84.6744 0
1313 50.9399 84.8258 0
1314 54.4964 84.5717 0
1315 58.0569 84.8606 0
1316 61.6918 84.5787 0
1317 65.1958 84.8808 0
1318 68.7531 84.5856 0
1319 72.2521 84.7161 0
1320 75.7386 84.9037 0
1321 79.3442 84.7605 0
1322 82.8921 84.7287 0
1323 86.3906 84.8517 0
1324 89.9007 84.7048 0
1325 93.4305 84.9474 0
1326 97.0006 84.774 0
1327 100.509 84.9703 0
1328 104.087 84.6979 0
1329 107.609 84.3837 0
1330 111.109 84.7177 0
1331 114.629 84.407 0
1332 118.197 84.5341 0
1333 121.716 84.3533 0
1334 125.254 84.6121 0
1335 128.777 84.4116 0
1336 132.293 84.7772 0
1337 135.895 84.4936 0
1338 139.451 84.729 0
1339 142.979 84.7249 0
1340 146.613 84.3621 0
1341 150.181 84.6024 0
1342 153.725 84.6537 0
1343 157.295 84.4754 0
1344 160.852 84.7191 0
1345 -3.62944 87.1952 0
1346 -0.153497 87.6823 0
1347 3.42638 87.386 0
1348 6.82926 87.727 0
1349 10.3549 87.4961 0
1350 13.8143 87.7746 0
1351 17.2695 87.866 0
1352 20.9177 87.7372 0
1353 24.3901 87.436 0
1354 27.9207 87.6613 0
1355 31.4621 87.5074 0
1356 34.8866 87.5094 0
1357 38.4616 87.6105 0
1358 42.076 87.3378 0
1359 45.5623 87.6105 0
1360 49.0777 87.4044 0
1361 52.5763 87.5814 0
1362 56.1371 87.2859 0
1363 59.7141 87.5564 0
1364 63.2572 87.3402 0
1365 66.8023 87.5474 0
1366 70.3399 87.3472 0
1367 73.8466 87.4469 0
1368 77.4507 87.4732 0
1369 80.8173 87.5855 0
1370 84.4267 87.4677 0
1371 87.9033 87.6905 0
1372 91.4646 87.462 0
1373 94.9972 87.5928 0
1374 98.5427 87.5592 0
1375 102.121 87.7065 0
1376 105.729 87.4813 0
1377 109.212 87.2587 0
1378 112.753 87.4858 0
1379 116.268 87.1153 0
1380 119.732 87.4009 0
1381 123.275 87.1073 0
1382 126.806 87.4243 0
1383 130.298 87.2162 0
1384 133.956 87.4577 0
1385 137.496 87.2548 0
1386 141.081 87.3987 0
1387 144.711 87.2484 0
1388 148.094 87.2139 0
1389 151.722 87.3653 0
1390 155.302 87.3776 0
1391 158.904 87.1694 0
1392 162.338 87.5477 0
1393 -5.32348 89.9889 0
1394 -1.82432 90.3683 0
1395 1.80184 90.1562 0
1396 5.21786 90.5758 0
1397 8.79687 90.2606 0
1398 12.2745 90.6274 0
1399 15.7187 90.6787 0
1400 19.235 90.3554 0
1401 22.8615 90.2488 0
1402 26.4219 90.4978 0
1403 29.8944 90.2241 0
1404 33.409 90.3956 0
1405 36.829 90.2563 0
1406 40.4839 90.0521 0
1407 43.9824 90.3341 0
1408 47.5549 90.1612 0
1409 51.1297 90.3175 0
1410 54.5886 90.0763 0
1411 58.0302 90.2851 0
1412 61.6171 90.0575 0
1413 65.1479 90.2444 0
1414 68.7459 90.138 0
1415 72.3231 90.3379 0
1416 75.7833 90.1698 0
1417 79.3348 90.4739 0
1418 82.7972 90.1263 0
1419 86.3308 90.4277 0
1420 89.8895 90.2146 0
1421 93.4309 90.3647 0
1422 96.8977 90.2777 0
1423 100.48 90.4355 0
1424 104.105 90.1526 0
1425 107.656 90.0032 0
1426 111.139 90.2446 0
1427 114.686 89.9184 0
1428 118.201 90.1839 0
1429 121.677 89.9104 0
1430 125.157 90.171 0
1431 128.645 89.9701 0
1432 132.216 90.1905 0
1433 135.849 89.939 0
1434 139.419 90.1256 0
1435 142.991 89.9468 0
1436 146.598 90.1055 0
1437 150.059 90.0112 0
1438 153.662 90.1009 0
1439 157.249 89.9171 0
1440 160.722 90.2825 0
1441 -3.81634 92.8259 0
1442 -0.284122 93.1486 0
1443 3.28535 92.9536 0
1444 6.82562 93.3122 0
1445 10.3562 93.0463 0
1446 13.8255 93.3759 0
1447 17.4337 93.3404 0
1448 20.9582 93.2458 0
1449 24.4287 92.9474 0
1450 28.0042 93.2229 0
1451 31.5156 92.9054 0
1452 34.9856 93.184 0
1453 38.5378 93.0052 0
1454 42.0854 92.811 0
1455 45.6532 93.0248 0
1456 49.2293 92.8586 0
1457 52.6417 93.2577 0
1458 56.1616 92.8284 0
1459 59.6645 93.0019 0
1460 63.2152 92.8403 0
1461 66.8123 92.9749 0
1462 70.397 92.8237 0
1463 73.8406 93.1251 0
1464 77.4038 92.8993 0
1465 80.9223 93.1267 0
1466 84.4011 92.9705 0
1467 87.9349 93.185 0
1468 91.4842 92.9207 0
1469 94.9488 93.1651 0
1470 98.5549 93.0412 0
1471 102.143 93.1862 0
1472 105.732 92.9182 0
1473 109.216 92.7744 0
1474 112.747 92.9621 0
1475 116.245 92.6834 0
1476 119.746 92.9743 0
1477 123.231 92.7229 0
1478 126.745 92.9283 0
1479 130.371 92.7615 0
1480 133.934 92.8792 0
1481 137.54 92.694 0
1482 141.063 92.7927 0
1483 144.628 92.6228 0
1484 148.109 92.8092 0
1485 151.722 92.665 0
1486 155.216 92.9212 0
1487 158.718 92.7712 0
1488 162.405 93.0848 0
1489 -5.3166 95.6827 0
1490 -1.94662 95.9442 0
1491 1.64522 95.6594 0
1492 5.16341 96.0398 0
1493 8.71241 95.8056 0
1494 12.1527 95.9898 0
1495 15.7 95.9472 0
1496 19.319 96.0297 0
1497 22.8967 95.7389 0
1498 26.3629 95.9278 0
1499 29.9042 95.7246 0
1500 33.4476 96.032 0
1501 36.9448 95.6998 0
1502 40.4554 95.5113 0
1503 44.0357 95.7484 0
1504 47.5951 95.4822 0
1505 51.0654 95.9391 0
1506 54.6583 95.6578 0
1507 58.1576 95.7847 0
1508 61.6115 95.5864 0
1509 65.173 95.8048 0
1510 68.6888 95.5036 0
1511 72.2304 95.8997 0
1512 75.7418 95.6261 0
1513 79.3174 95.9037 0
1514 82.8532 95.7294 0
1515 86.3571 95.9734 0
1516 89.8494 95.6166 0
1517 93.3628 95.9177 0
1518 96.9099 95.6802 0
1519 100.489 95.9073 0
1520 104.094 95.6787 0
1521 107.584 95.5448 0
1522 111.188 95.7153 0
1523 114.65 95.5248 0
1524 118.155 95.7805 0
1525 121.62 95.5629 0
1526 125.251 95.7657 0
1527 128.728 95.391 0
1528 132.336 95.655 0
1529 135.814 95.3951 0
1530 139.469 95.5379 0
1531 143.046 95.2894 0
1532 146.519 95.5368 0
1533 150.042 95.3833 0
1534 153.63 95.6613 0
1535 157.071 95.4858 0
1536 160.64 95.7563 0
1537 -3.90318 98.5773 0
1538 -0.325455 98.6834 0
1539 3.2178 98.4776 0
1540 6.76244 98.804 0
1541 10.2323 98.5637 0
1542 13.7125 98.8356 0
1543 17.3475 98.6067 0
1544 20.9476 98.6789 0
1545 24.4439 98.4692 0
1546 27.9686 98.7595 0
1547 31.4751 98.4847 0
1548 35.0497 98.8092 0
1549 38.5291 98.4132 0
1550 42.0788 98.2825 0
1551 45.6699 98.4714 0
1552 49.1294 98.3658 0
1553 52.6866 98.7059 0
1554 56.2596 98.4227 0
1555 59.7499 98.6131 0
1556 63.2283 98.3289 0
1557 66.6737 98.5524 0
1558 70.2271 98.2763 0
1559 73.7585 98.6136 0
1560 77.348 98.3677 0
1561 80.9201 98.6874 0
1562 84.4412 98.5001 0
1563 87.9911 98.6622 0
1564 91.4371 98.3449 0
1565 94.9557 98.6458 0
1566 98.5876 98.3665 0
1567 102.014 98.6313 0
1568 105.609 98.4595 0
1569 109.236 98.3558 0
1570 112.726 98.4808 0
1571 116.223 98.2287 0
1572 119.804 98.4565 0
1573 123.265 98.2369 0
1574 126.909 98.4569 0
1575 130.454 98.1463 0
1576 133.966 98.4399 0
1577 137.497 98.0418 0
1578 141.042 98.2977 0
1579 144.549 98.0854 0
1580 148.071 98.3552 0
1581 151.627 98.151 0
1582 155.106 98.4871 0
1583 158.663 98.2241 0
1584 162.16 98.5684 0
1585 -5.58534 101.159 0
1586 -1.99682 101.441 0
1587 1.5532 101.18 0
1588 5.10108 101.492 0
1589 8.67244 101.404 0
1590 12.1385 101.585 0
1591 15.7673 101.321 0
1592 19.3622 101.514 0
1593 22.8587 101.28 0
1594 26.355 101.415 0
1595 29.8239 101.292 0
1596 33.42 101.518 0
1597 37.0285 101.229 0
1598 40.51 100.987 0
1599 44.0272 101.179 0
1600 47.5296 101.093 0
1601 51.0821 101.385 0
1602 54.6414 101.11 0
1603 58.1684 101.366 0
1604 61.6695 101.195 0
1605 65.0747 101.4 0
1606 68.6359 101.061 0
1607 72.1622 101.372 0
1608 75.633 101.062 0
1609 79.302 101.352 0
1610 82.9115 101.286 0
1611 86.4221 101.388 0
1612 89.8916 101.123 0
1613 93.3927 101.397 0
1614 96.9431 101.13 0
1615 100.424 101.368 0
1616 103.928 101.152 0
1617 107.51 101.048 0
1618 111.144 101.232 0
1619 114.612 101.007 0
1620 118.247 101.163 0
1621 121.706 101.037 0
1622 125.382 101.228 0
1623 128.87 100.926 0
1624 132.398 101.137 0
1625 135.941 100.916 0
1626 139.444 101.098 0
1627 142.958 100.772 0
1628 146.455 101.107 0
1629 149.91 100.888 0
1630 153.404 101.201 0
1631 157.006 100.998 0
1632 160.558 101.32 0
1633 -3.97388 103.885 0
1634 -0.469146 104.107 0
1635 3.08608 103.866 0
1636 6.6181 104.214 0
1637 10.1582 104.246 0
1638 13.772 104.272 0
1639 17.3486 104.104 0
1640 20.9585 104.264 0
1641 24.4224 103.984 0
1642 27.9657 104.238 0
1643 31.4868 104.017 0
1644 34.9881 104.241 0
1645 38.6333 103.982 0
1646 42.1583 103.767 0
1647 45.591 104.021 0
1648 49.1857 103.848 0
1649 52.7375 104.119 0
1650 56.2086 103.873 0
1651 59.6438 104.21 0
1652 63.2123 103.893 0
1653 66.6946 104.142 0
1654 70.1568 103.816 0
1655 73.7698 104.14 0
1656 77.2311 103.913 0
1657 80.8486 104.163 0
1658 84.4798 104.091 0
1659 87.9792 104.128 0
1660 91.5176 103.929 0
1661 95.0541 104.097 0
1662 98.5576 103.943 0
1663 101.951 104.126 0
1664 105.548 103.883 0
1665 109.11 103.775 0
1666 112.728 103.981 0
1667 116.267 103.711 0
1668 119.824 103.948 0
1669 123.389 103.7 0
1670 126.947 103.941 0
1671 130.443 103.657 0
1672 133.939 103.874 0
1673 137.501 103.703 0
1674 141.087 104.012 0
1675 144.503 103.684 0
1676 147.967 103.97 0
1677 151.417 103.645 0
1678 155.042 103.935 0
1679 158.529 103.792 0
1680 162.086 104.123 0
1681 -5.53203 106.595 0
1682 -2.00521 106.944 0
1683 1.4719 106.676 0
1684 5.0033 106.872 0
1685 8.58098 106.977 0
1686 12.2082 107.021 0
1687 15.6769 106.749 0
1688 19.2864 106.973 0
1689 22.8604 106.819 0
1690 26.3891 106.986 0
1691 29.9205 106.82 0
1692 33.4536 107.057 0
1693 36.9476 106.692 0
1694 40.5248 106.583 0
1695 44.0433 106.834 0
1696 47.5186 106.534 0
1697 51.0735 106.843 0
1698 54.5784 106.654 0
1699 58.0755 106.97 0
1700 61.622 106.699 0
1701 65.1166 106.969 0
1702 68.5778 106.655 0
1703 72.1742 106.872 0
1704 75.7091 106.635 0
1705 79.1956 106.893 0
1706 82.7112 106.711 0
1707 86.3583 106.797 0
1708 89.8858 106.62 0
1709 93.4899 107.01 0
1710 96.9671 106.62 0
1711 100.473 107.042 0
1712 103.95 106.638 0
1713 107.502 106.55 0
1714 111.056 106.693 0
1715 114.688 106.472 0
1716 118.178 106.626 0
1717 121.775 106.409 0
1718 125.277 106.624 0
1719 128.802 106.423 0
1720 132.395 106.624 0
1721 135.861 106.343 0
1722 139.396 106.738 0
1723 142.971 106.527 0
1724 146.407 106.737 0
1725 149.914 106.457 0
1726 153.496 106.647 0
1727 156.974 106.455 0
1728 160.421 106.789 0
1729 -3.96776 109.386 0
1730 -0.397667 109.706 0
1731 3.08969 109.372 0
1732 6.65764 109.507 0
1733 10.2545 109.639 0
1734 13.7693 109.758 0
1735 17.3467 109.505 0
1736 20.9161 109.737 0
1737 24.4686 109.494 0
1738 27.9514 109.792 0
1739 31.5514 109.536 0
1740 35.0747 109.725 0
1741 38.5218 109.442 0
1742 42.0764 109.343 0
1743 45.6249 109.683 0
1744 49.148 109.399 0
1745 52.63 109.658 0
1746 56.13 109.497 0
1747 59.7619 109.642 0
1748 63.2004 109.54 0
1749 66.7287 109.711 0
1750 70.2785 109.387 0
1751 73.7502 109.697 0
1752 77.2868 109.433 0
1753 80.8255 109.655 0
1754 84.3385 109.411 0
1755 87.8777 109.632 0
1756 91.5031 109.566 0
1757 95.1104 109.709 0
1758 98.5282 109.571 0
1759 102.109 109.75 0
1760 105.591 109.507 0
1761 109.17 109.194 0
1762 112.708 109.536 0
1763 116.382 109.243 0
1764 119.745 109.349 0
1765 123.367 109.148 0
1766 126.869 109.424 0
1767 130.379 109.185 0
1768 133.896 109.425 0
1769 137.419 109.243 0
1770 141.055 109.473 0
1771 144.528 109.377 0
1772 148.029 109.502 0
1773 151.491 109.165 0
1774 155.078 109.488 0
1775 158.48 109.302 0
1776 161.958 109.542 0
1777 -5.62982 112.234 0
1778 -2.00497 112.469 0
1779 1.50231 112.108 0
1780 5.17843 112.29 0
1781 8.60619 112.297 0
1782 12.1463 112.46 0
1783 15.6738 112.257 0
1784 19.2177 112.406 0
1785 22.8114 112.207 0
1786 26.3596 112.521 0
1787 29.9329 112.226 0
1788 33.4989 112.494 0
1789 36.9534 112.232 0
1790 40.5525 112.089 0
1791 44.05 112.48 0
1792 47.5369 112.18 0
1793 51.055 112.407 0
1794 54.6004 112.361 0
1795 58.1279 112.41 0
1796 61.6475 112.286 0
1797 65.1679 112.393 0
1798 68.6983 112.168 0
1799 72.1315 112.45 0
1800 75.6623 112.127 0
1801 79.2401 112.374 0
1802 82.7796 112.208 0
1803 86.3164 112.347 0
1804 89.8344 112.249 0
1805 93.4028 112.47 0
1806 96.9069 112.26 0
1807 100.463 112.451 0
1808 104.039 112.273 0
1809 107.646 111.995 0
1810 111.094 112.255 0
1811 114.67 112.06 0
1812 118.277 112.314 0
1813 121.77 111.87 0
1814 125.307 112.135 0
1815 128.797 111.931 0
1816 132.244 112.209 0
1817 135.795 111.943 0
1818 139.346 112.111 0
1819 142.947 111.994 0
1820 146.437 112.358 0
1821 149.916 112.038 0
1822 153.465 112.219 0
1823 156.972 112.109 0
1824 160.365 112.356 0
1825 -3.96596 114.962 0
1826 -0.384535 115.116 0
1827 3.18066 114.826 0
1828 6.67035 115.187 0
1829 10.2252 115.008 0
1830 13.6955 115.142 0
1831 17.2699 114.915 0
1832 20.7721 115.128 0
1833 24.3851 114.975 0
1834 27.992 115.186 0
1835 31.5518 114.977 0
1836 35.1428 115.265 0
1837 38.5945 115.002 0
1838 42.2127 114.966 0
1839 45.671 115.246 0
1840 49.1179 114.868 0
1841 52.6316 115.201 0
1842 56.2761 115.053 0
1843 59.7659 115.13 0
1844 63.285 114.922 0
1845 66.7521 115.135 0
1846 70.1883 114.964 0
1847 73.7332 115.214 0
1848 77.3494 114.874 0
1849 80.8547 115.044 0
1850 84.4575 114.908 0
1851 87.982 115.088 0
1852 91.492 114.897 0
1853 94.9621 115.286 0
1854 98.4838 114.973 0
1855 102.098 115.14 0
1856 105.67 115.028 0
1857 109.196 114.78 0
1858 112.705 115.013 0
1859 116.36 114.778 0
1860 119.891 115.026 0
1861 123.421 114.718 0
1862 126.854 115.02 0
1863 130.332 114.711 0
1864 133.937 115.028 0
1865 137.502 114.675 0
1866 141.025 114.929 0
1867 144.427 114.778 0
1868 147.968 115.07 0
1869 151.496 114.799 0
1870 155.011 115.088 0
1871 158.488 114.868 0
1872 162.029 115.134 0
1873 -5.57127 117.68 0
1874 -2.00085 117.944 0
1875 1.53433 117.725 0
1876 5.02294 117.937 0
1877 8.61176 117.684 0
1878 12.1281 117.91 0
1879 15.6019 117.67 0
1880 19.1241 117.841 0
1881 22.6855 117.669 0
1882 26.3383 117.891 0
1883 29.84 117.673 0
1884 33.4282 117.895 0
1885 37.0397 117.828 0
1886 40.5845 117.605 0
1887 44.073 118.002 0
1888 47.5854 117.712 0
1889 51.0742 117.875 0
1890 54.5949 117.68 0
1891 58.1815 117.878 0
1892 61.7014 117.694 0
1893 65.2141 117.963 0
1894 68.6203 117.739 0
1895 72.1347 117.914 0
1896 75.6984 117.683 0
1897 79.2768 117.734 0
1898 82.9023 117.595 0
1899 86.4242 117.828 0
1900 89.9343 117.635 0
1901 93.3597 118.015 0
1902 96.9408 117.776 0
1903 100.529 117.896 0
1904 103.978 117.736 0
1905 107.619 117.512 0
1906 111.144 117.745 0
1907 114.65 117.445 0
1908 118.224 117.747 0
1909 121.804 117.537 0
1910 125.29 117.763 0
1911 128.806 117.549 0
1912 132.319 117.688 0
1913 135.98 117.485 0
1914 139.498 117.632 0
1915 142.937 117.595 0
1916 146.406 117.842 0
1917 149.908 117.551 0
1918 153.432 117.824 0
1919 156.975 117.661 0
1920 160.455 117.932 0
1921 -3.94421 120.403 0
1922 -0.479847 120.675 0
1923 3.09942 120.449 0
1924 6.69094 120.725 0
1925 10.1681 120.438 0
1926 13.7027 120.623 0
1927 17.1933 120.394 0
1928 20.719 120.596 0
1929 24.3645 120.304 0
1930 27.9285 120.635 0
1931 31.4543 120.403 0
1932 35.0142 120.702 0
1933 38.5558 120.506 0
1934 42.0857 120.455 0
1935 45.6436 120.691 0
1936 49.1828 120.453 0
1937 52.6348 120.708 0
1938 56.1612 120.396 0
1939 59.8102 120.505 0
1940 63.3412 120.464 0
1941 66.8319 120.715 0
1942 70.2917 120.509 0
1943 73.8702 120.479 0
1944 77.422 120.272 0
1945 80.9386 120.486 0
1946 84.5414 120.359 0
1947 87.9763 120.628 0
1948 91.4214 120.506 0
1949 95.0129 120.717 0
1950 98.5782 120.45 0
1951 102.051 120.753 0
1952 105.599 120.415 0
1953 109.203 120.293 0
1954 112.705 120.506 0
1955 116.228 120.306 0
1956 119.802 120.473 0
1957 123.375 120.274 0
1958 126.882 120.518 0
1959 130.375 120.313 0
1960 133.97 120.36 0
1961 137.489 120.334 0
1962 140.909 120.506 0
1963 144.481 120.345 0
1964 148.002 120.658 0
1965 151.494 120.37 0
1966 155.013 120.625 0
1967 158.526 120.464 0
1968 162.055 120.593 0
1969 -5.56071 123.124 0
1970 -2.03812 123.407 0
1971 1.45754 123.141 0
1972 5.01525 123.4 0
1973 8.60858 123.221 0
1974 12.1632 123.406 0
1975 15.6343 123.196 0
1976 19.1614 123.296 0
1977 22.7037 123.014 0
1978 26.2234 123.319 0
1979 29.8385 123.201 0
1980 33.364 123.426 0
1981 36.8917 123.284 0
1982 40.4201 123.141 0
1983 44.0178 123.361 0
1984 47.5607 123.171 0
1985 51.0525 123.491 0
1986 54.5719 123.179 0
1987 58.1194 123.169 0
1988 61.7046 123.137 0
1989 65.2624 123.493 0
1990 68.8178 123.336 0
1991 72.3112 123.257 0
1992 75.8058 122.991 0
1993 79.365 123.209 0
1994 82.9032 123.048 0
1995 86.4046 123.471 0
1996 89.84 123.253 0
1997 93.4107 123.474 0
1998 96.9407 123.191 0
1999 100.49 123.497 0
2000 104.017 123.195 0
2001 107.616 122.898 0
2002 111.139 123.275 0
2003 114.678 123.017 0
2004 118.207 123.216 0
2005 121.754 123.006 0
2006 125.234 123.296 0
2007 128.767 122.986 0
2008 132.376 122.99 0
2009 135.92 123.161 0
2010 139.376 123.488 0
2011 142.878 123.06 0
2012 146.386 123.369 0
2013 149.899 123.216 0
2014 153.379 123.42 0
2015 156.966 123.162 0
2016 160.574 123.41 0
2017 -3.99911 125.979 0
2018 -0.386055 126.212 0
2019 3.08184 125.863 0
2020 6.61243 126.137 0
2021 10.203 125.911 0
2022 13.7379 126.136 0
2023 17.3402 125.921 0
2024 20.7514 126.094 0
2025 24.3026 125.767 0
2026 27.8076 126.022 0
2027 31.3232 125.917 0
2028 34.8909 126.129 0
2029 38.5043 126.104 0
2030 42.0866 125.835 0
2031 45.6602 126.067 0
2032 49.1221 125.927 0
2033 52.6826 126.155 0
2034 56.2063 125.96 0
2035 59.6869 126.087 0
2036 63.2518 125.936 0
2037 66.8738 126.287 0
2038 70.3832 126.011 0
2039 73.958 126.029 0
2040 77.474 125.767 0
2041 80.9047 126.085 0
2042 84.4121 125.958 0
2043 87.8906 126.302 0
2044 91.4514 125.98 0
2045 95.0538 126.204 0
2046 98.5239 126.004 0
2047 102.059 126.272 0
2048 105.653 126.079 0
2049 109.15 125.809 0
2050 112.725 126.018 0
2051 116.245 125.738 0
2052 119.81 125.93 0
2053 123.318 125.723 0
2054 126.826 125.985 0
2055 130.304 125.696 0
2056 133.865 125.795 0
2057 137.402 125.992 0
2058 141.035 126.203 0
2059 144.481 125.934 0
2060 148.009 126.152 0
2061 151.522 125.939 0
2062 155.076 126.115 0
2063 158.647 125.868 0
2064 162.125 126.184 0
2065 -5.52312 128.744 0
2066 -1.96091 128.911 0
2067 1.60616 128.727 0
2068 5.08235 128.911 0
2069 8.5909 128.704 0
2070 12.1524 128.876 0
2071 15.6784 128.614 0
2072 19.2603 128.943 0
2073 22.7451 128.573 0
2074 26.2032 128.848 0
2075 29.7541 128.602 0
2076 33.2757 128.897 0
2077 36.8531 128.887 0
2078 40.4442 128.633 0
2079 43.9734 128.744 0
2080 47.5138 128.691 0
2081 51.0678 128.901 0
2082 54.5864 128.683 0
2083 58.1187 128.91 0
2084 61.6462 128.689 0
2085 65.1645 129.041 0
2086 68.7889 128.809 0
2087 72.3131 128.776 0
2088 75.851 128.532 0
2089 79.3142 128.829 0
2090 82.8234 128.737 0
2091 86.2906 129.008 0
2092 89.9154 128.782 0
2093 93.4259 129.033 0
2094 96.9448 128.725 0
2095 100.461 129.061 0
2096 104.011 128.739 0
2097 107.578 128.568 0
2098 111.119 128.721 0
2099 114.668 128.535 0
2100 118.249 128.654 0
2101 121.686 128.452 0
2102 125.223 128.663 0
2103 128.816 128.519 0
2104 132.23 128.512 0
2105 135.854 128.773 0
2106 139.341 128.855 0
2107 142.952 128.702 0
2108 146.425 128.959 0
2109 149.93 128.66 0
2110 153.539 128.946 0
2111 156.994 128.636 0
2112 160.55 128.898 0
2113 -3.86193 131.4 0
2114 -0.375603 131.663 0
2115 3.22381 131.432 0
2116 6.7449 131.647 0
2117 10.2631 131.416 0
2118 13.7914 131.561 0
2119 17.255 131.305 0
2120 20.9241 131.679 0
2121 24.3492 131.311 0
2122 27.8943 131.607 0
2123 31.4163 131.367 0
2124 34.9487 131.604 0
2125 38.4463 131.713 0
2126 42.0736 131.519 0
2127 45.462 131.609 0
2128 49.0951 131.403 0
2129 52.6391 131.675 0
2130 56.1645 131.527 0
2131 59.6654 131.662 0
2132 63.205 131.566 0
2133 66.9053 131.738 0
2134 70.4632 131.456 0
2135 73.8855 131.629 0
2136 77.3462 131.342 0
2137 80.8488 131.581 0
2138 84.3578 131.451 0
2139 87.937 131.773 0
2140 91.5078 131.576 0
2141 95.0249 131.752 0
2142 98.489 131.557 0
2143 102.158 131.722 0
2144 105.689 131.463 0
2145 109.215 131.259 0
2146 112.699 131.45 0
2147 116.28 131.255 0
2148 119.756 131.454 0
2149 123.251 131.217 0
2150 126.912 131.451 0
2151 130.356 131.44 0
2152 133.883 131.177 0
2153 137.49 131.526 0
2154 140.981 131.58 0
2155 144.502 131.585 0
2156 147.968 131.838 0
2157 151.54 131.433 0
2158 155.037 131.786 0
2159 158.569 131.39 0
2160 162.129 131.682 0
2161 -5.50632 134.195 0
2162 -1.94701 134.409 0
2163 1.64432 134.2 0
2164 5.17613 134.395 0
2165 8.75787 134.198 0
2166 12.2607 134.351 0
2167 15.7512 134.224 0
2168 19.2646 134.304 0
2169 22.8825 134.256 0
2170 26.3544 134.362 0
2171 29.8521 134.106 0
2172 33.3444 134.372 0
2173 36.9101 134.525 0
2174 40.3385 134.239 0
2175 43.9133 134.431 0
2176 47.4481 134.14 0
2177 50.9866 134.411 0
2178 54.5595 134.237 0
2179 58.1026 134.436 0
2180 61.6121 134.188 0
2181 65.3569 134.483 0
2182 68.8892 134.229 0
2183 72.3305 134.455 0
2184 75.7883 134.335 0
2185 79.255 134.421 0
2186 82.7418 134.138 0
2187 86.2894 134.482 0
2188 89.8524 134.281 0
2189 93.3576 134.58 0
2190 96.8863 134.323 0
2191 100.575 134.504 0
2192 104.131 134.257 0
2193 107.699 134.012 0
2194 111.2 134.233 0
2195 114.675 133.949 0
2196 118.18 134.244 0
2197 121.712 133.953 0
2198 125.252 134.142 0
2199 128.817 134.225 0
2200 132.367 133.983 0
2201 135.846 134.185 0
2202 139.421 134.476 0
2203 142.813 134.232 0
2204 146.314 134.561 0
2205 149.912 134.291 0
2206 153.499 134.616 0
2207 157.024 134.259 0
2208 160.532 134.435 0
2209 -3.89699 136.903 0
2210 -0.297657 137.094 0
2211 3.27527 136.911 0
2212 6.76992 137.11 0
2213 10.3171 136.948 0
2214 13.8206 137.192 0
2215 17.4232 136.923 0
2216 20.8638 137.059 0
2217 24.4784 136.892 0
2218 27.993 137.153 0
2219 31.4345 136.884 0
2220 34.9653 137.031 0
2221 38.5275 137.316 0
2222 42.0508 136.978 0
2223 45.5713 137.212 0
2224 49.1031 136.895 0
2225 52.6322 137.102 0
2226 56.1828 136.967 0
2227 59.7011 137.253 0
2228 63.3455 136.933 0
2229 66.9205 137.142 0
2230 70.4259 136.963 0
2231 73.8851 137.259 0
2232 77.4269 137.024 0
2233 80.9008 137.218 0
2234 84.3883 136.961 0
2235 87.9901 137.239 0
2236 91.4497 137.069 0
2237 95.0115 137.177 0
2238 98.6183 137.056 0
2239 102.209 137.268 0
2240 105.795 136.993 0
2241 109.315 136.818 0
2242 112.8 136.985 0
2243 116.292 136.715 0
2244 119.841 136.987 0
2245 123.343 136.688 0
2246 126.794 136.935 0
2247 130.445 136.936 0
2248 133.934 136.737 0
2249 137.375 137.097 0
2250 140.873 137.363 0
2251 144.398 137.043 0
2252 147.956 137.242 0
2253 151.546 137.045 0
2254 155.13 137.272 0
2255 158.613 136.974 0
2256 162.103 137.199 0
2257 -5.50653 139.601 0
2258 -1.94921 139.808 0
2259 1.60718 139.568 0
2260 5.15526 139.815 0
2261 8.6562 139.675 0
2262 12.169 139.873 0
2263 15.8147 139.626 0
2264 19.3219 139.893 0
2265 22.802 139.568 0
2266 26.3514 139.88 0
2267 29.8009 139.676 0
2268 33.3741 139.755 0
2269 36.9115 140.014 0
2270 40.5324 139.799 0
2271 44.0114 139.973 0
2272 47.5799 139.66 0
2273 51.1253 139.884 0
2274 54.5658 139.677 0
2275 58.082 139.967 0
2276 61.7153 139.653 0
2277 65.2794 139.851 0
2278 68.8651 139.735 0
2279 72.3509 140.013 0
2280 75.9145 139.819 0
2281 79.4162 140.066 0
2282 82.8655 139.775 0
2283 86.4287 140.02 0
2284 89.9771 139.855 0
2285 93.4629 139.991 0
2286 96.9196 139.744 0
2287 100.576 140.004 0
2288 104.164 139.776 0
2289 107.693 139.629 0
2290 111.263 139.837 0
2291 114.717 139.483 0
2292 118.221 139.718 0
2293 121.824 139.442 0
2294 125.288 139.734 0
2295 128.749 139.629 0
2296 132.325 139.64 0
2297 135.767 139.904 0
2298 139.283 140.021 0
2299 142.879 139.859 0
2300 146.455 139.983 0
2301 149.953 139.809 0
2302 153.504 139.949 0
2303 157.094 139.827 0
2304 160.545 140.008 0
2305 -3.92566 142.346 0
2306 -0.368437 142.493 0
2307 3.18278 142.313 0
2308 6.68214 142.557 0
2309 10.2817 142.4 0
2310 13.8706 142.544 0
2311 17.3924 142.282 0
2312 20.8485 142.606 0
2313 24.3509 142.4 0
2314 27.9453 142.632 0
2315 31.4656 142.354 0
2316 34.9582 142.47 0
2317 38.5569 142.778 0
2318 42.1415 142.502 0
2319 45.7168 142.651 0
2320 49.1906 142.476 0
2321 52.6361 142.762 0
2322 56.1385 142.424 0
2323 59.7417 142.694 0
2324 63.3688 142.411 0
2325 66.7858 142.66 0
2326 70.3244 142.52 0
2327 73.9132 142.731 0
2328 77.4832 142.559 0
2329 81.0069 142.839 0
2330 84.4738 142.547 0
2331 88.0672 142.716 0
2332 91.5709 142.611 0
2333 95.0106 142.837 0
2334 98.629 142.476 0
2335 102.22 142.742 0
2336 105.715 142.501 0
2337 109.267 142.352 0
2338 112.872 142.541 0
2339 116.311 142.34 0
2340 119.862 142.479 0
2341 123.432 142.26 0
2342 126.866 142.558 0
2343 130.388 142.285 0
2344 133.864 142.451 0
2345 137.441 142.647 0
2346 141 142.758 0
2347 144.543 142.49 0
2348 148.074 142.684 0
2349 151.611 142.487 0
2350 155.137 142.599 0
2351 158.655 142.541 0
2352 162.222 142.631 0
2353 -5.48757 145.214 0
2354 -1.90409 145.353 0
2355 1.60245 145.043 0
2356 5.10705 145.397 0
2357 8.60432 145.14 0
2358 12.3549 145.298 0
2359 15.8241 145.068 0
2360 19.2235 145.344 0
2361 22.6873 145.107 0
2362 26.2915 145.325 0
2363 29.8714 145.205 0
2364 33.4218 145.313 0
2365 36.916 145.507 0
2366 40.5063 145.224 0
2367 44.1618 145.365 0
2368 47.6061 145.237 0
2369 51.0662 145.54 0
2370 54.6256 145.219 0
2371 58.1868 145.459 0
2372 61.6813 145.274 0
2373 65.1735 145.513 0
2374 68.63 145.215 0
2375 72.2427 145.471 0
2376 75.8796 145.311 0
2377 79.4358 145.627 0
2378 82.937 145.356 0
2379 86.442 145.498 0
2380 89.9257 145.343 0
2381 93.4481 145.529 0
2382 97.0393 145.262 0
2383 100.559 145.381 0
2384 104.089 145.203 0
2385 107.553 145.104 0
2386 111.201 145.192 0
2387 114.771 145.073 0
2388 118.315 145.293 0
2389 121.799 144.991 0
2390 125.231 145.265 0
2391 128.841 145.005 0
2392 132.353 145.287 0
2393 135.905 145.416 0
2394 139.388 145.492 0
2395 142.972 145.256 0
2396 146.543 145.453 0
2397 150 145.225 0
2398 153.556 145.395 0
2399 157.163 145.395 0
2400 160.648 145.386 0
2401 -3.82823 147.893 0
2402 -0.35553 148.208 0
2403 3.15843 147.857 0
2404 6.78449 148.065 0
2405 10.4162 147.762 0
2406 13.8849 148.109 0
2407 17.3703 147.852 0
2408 20.8151 148.187 0
2409 24.3704 147.814 0
2410 27.8986 148.036 0
2411 31.5727 147.886 0
2412 35.0486 148.048 0
2413 38.571 148.218 0
2414 42.1591 147.893 0
2415 45.7033 148.156 0
2416 49.1513 148.047 0
2417 52.7613 148.242 0
2418 56.2257 148.011 0
2419 59.7105 148.349 0
2420 63.2523 148.051 0
2421 66.7306 148.256 0
2422 70.2739 147.938 0
2423 73.884 148.234 0
2424 77.4288 148.006 0
2425 80.9762 148.49 0
2426 84.5172 148.069 0
2427 88.04 148.383 0
2428 91.5096 148.027 0
2429 95.0755 148.225 0
2430 98.6696 147.958 0
2431 102.11 148.151 0
2432 105.599 147.953 0
2433 109.257 147.728 0
2434 112.781 147.985 0
2435 116.328 147.854 0
2436 119.923 147.995 0
2437 123.244 147.919 0
2438 126.805 147.941 0
2439 130.394 147.748 0
2440 133.985 148.04 0
2441 137.512 148.171 0
2442 140.992 148.207 0
2443 144.599 147.957 0
2444 148.139 148.141 0
2445 151.671 147.875 0
2446 155.209 148.04 0
2447 158.787 148.143 0
2448 162.198 148.167 0
2449 -5.38409 150.707 0
2450 -1.97304 151.073 0
2451 1.6199 150.66 0
2452 5.16504 150.897 0
2453 8.78877 150.479 0
2454 12.3499 150.857 0
2455 15.7986 150.735 0
2456 19.2848 150.972 0
2457 22.8315 150.608 0
2458 26.3808 150.762 0
2459 29.9073 150.578 0
2460 33.4445 150.833 0
2461 37.0067 151 0
2462 40.5864 150.675 0
2463 44.1441 150.919 0
2464 47.6127 150.762 0
2465 51.1607 151.005 0
2466 54.6433 150.76 0
2467 58.1086 151.056 0
2468 61.6973 150.828 0
2469 65.2392 151.091 0
2470 68.7411 150.643 0
2471 72.3016 150.97 0
2472 75.7722 150.809 0
2473 79.3474 151.097 0
2474 82.9626 150.899 0
2475 86.5126 151.187 0
2476 90.0388 150.882 0
2477 93.5221 151.022 0
2478 97.0915 150.676 0
2479 100.602 150.91 0
2480 104.06 150.718 0
2481 107.534 150.387 0
2482 111.102 150.684 0
2483 114.656 150.497 0
2484 118.253 150.724 0
2485 121.858 150.912 0
2486 125.219 150.681 0
2487 128.791 150.475 0
2488 132.344 150.692 0
2489 135.901 150.893 0
2490 139.449 150.963 0
2491 142.967 150.745 0
2492 146.56 150.872 0
2493 150.104 150.639 0
2494 153.677 150.882 0
2495 157.201 150.88 0
2496 160.742 151.022 0
