# Time-averaged data for fix 3
# TimeStep Number-of-rows
# Row c_center[1] c_center[2] c_center[3]
4000 2496
1 -3.85455 9.99894 0
2 -0.332731 10.3164 0
3 3.16962 10.0692 0
4 6.68929 10.4081 0
5 10.237 10.1688 0
6 13.7859 10.4763 0
7 17.341 10.2512 0
8 20.8593 10.4662 0
9 24.3982 10.1718 0
10 27.8645 10.3536 0
11 31.4426 10.0871 0
12 35.0717 9.79228 0
13 38.5678 10.0273 0
14 42.1449 9.93673 0
15 45.5981 10.3726 0
16 49.1298 10.0774 0
17 52.7015 10.203 0
18 56.2138 10.0663 0
19 59.8011 10.3961 0
20 63.291 10.0951 0
21 66.8726 10.3899 0
22 70.4211 10.2176 0
23 73.9214 10.4119 0
24 77.4125 10.0753 0
25 80.961 10.3444 0
26 84.4328 10.1895 0
27 87.99 10.5033 0
28 91.4516 10.1814 0
29 95.011 10.426 0
30 98.5545 10.1493 0
31 102.126 10.3415 0
32 105.706 10.1501 0
33 109.306 9.75408 0
34 112.785 10.0627 0
35 116.283 9.94105 0
36 119.693 9.79189 0
37 123.267 10.0693 0
38 126.807 10.4068 0
39 130.391 10.2731 0
40 134.046 10.0923 0
41 137.541 10.1245 0
42 141.14 10.4702 0
43 144.588 10.3695 0
44 148.026 10.4461 0
45 151.559 10.2073 0
46 155.079 10.4195 0
47 158.621 10.2683 0
48 162.137 10.1647 0
49 -5.53255 12.7304 0
50 -2.00249 12.9944 0
51 1.61173 12.8698 0
52 5.0894 13.0868 0
53 8.62484 12.9025 0
54 12.1823 13.1884 0
55 15.7303 13.0005 0
56 19.2783 13.1719 0
57 22.7961 12.8963 0
58 26.3516 13.1221 0
59 29.9153 12.8842 0
60 33.4467 12.4797 0
61 36.9913 12.7376 0
62 40.4827 12.6645 0
63 44.0046 13.1033 0
64 47.642 12.8674 0
65 51.1384 12.9569 0
66 54.6226 12.861 0
67 58.1005 13.138 0
68 61.795 12.8806 0
69 65.3225 13.2759 0
70 68.8476 12.9073 0
71 72.3513 13.1706 0
72 75.8246 12.8445 0
73 79.3009 13.1002 0
74 82.8778 12.9202 0
75 86.4 13.1601 0
76 89.9341 12.9065 0
77 93.4825 13.197 0
78 96.9478 12.9155 0
79 100.574 13.123 0
80 104.094 12.9163 0
81 107.692 12.5961 0
82 111.246 12.8954 0
83 114.716 12.6504 0
84 118.113 12.5876 0
85 121.598 12.8129 0
86 125.141 13.103 0
87 128.707 12.9824 0
88 132.335 12.7956 0
89 135.944 12.9747 0
90 139.43 13.1586 0
91 142.942 13.0604 0
92 146.532 13.2898 0
93 150.019 12.999 0
94 153.479 13.2716 0
95 156.952 12.9301 0
96 160.559 12.9125 0
97 -3.97852 15.6491 0
98 -0.427329 15.7725 0
99 3.13828 15.6557 0
100 6.71178 15.7735 0
101 10.2339 15.7028 0
102 13.7868 15.991 0
103 17.397 15.774 0
104 20.9296 15.976 0
105 24.4635 15.5867 0
106 28.0137 15.9214 0
107 31.5731 15.6134 0
108 35.0204 15.2946 0
109 38.574 15.5355 0
110 42.0378 15.5434 0
111 45.6214 15.8432 0
112 49.1815 15.6529 0
113 52.6609 15.8114 0
114 56.2 15.5994 0
115 59.7547 15.9663 0
116 63.2983 15.7376 0
117 66.901 15.9866 0
118 70.4022 15.7219 0
119 73.9632 15.873 0
120 77.4352 15.6391 0
121 80.942 15.8491 0
122 84.4885 15.7158 0
123 87.9978 15.9509 0
124 91.5302 15.678 0
125 95.0668 15.9673 0
126 98.5895 15.7067 0
127 102.152 15.8576 0
128 105.684 15.6389 0
129 109.209 15.3964 0
130 112.821 15.7546 0
131 116.227 15.5082 0
132 119.673 15.471 0
133 123.172 15.5278 0
134 126.796 15.7697 0
135 130.316 15.7751 0
136 133.942 15.5408 0
137 137.481 15.8002 0
138 140.991 16.0126 0
139 144.624 15.7772 0
140 148.133 15.9592 0
141 151.675 15.8338 0
142 155.183 15.9627 0
143 158.591 15.6153 0
144 162.064 15.7141 0
145 -5.59345 18.3868 0
146 -1.99236 18.6335 0
147 1.48172 18.3892 0
148 5.0927 18.5938 0
149 8.55838 18.4349 0
150 12.2014 18.75 0
151 15.6979 18.439 0
152 19.2802 18.6526 0
153 22.9241 18.3425 0
154 26.3614 18.6394 0
155 29.9232 18.372 0
156 33.4682 18.1196 0
157 37.0192 18.2211 0
158 40.4834 18.2742 0
159 44.0315 18.6012 0
160 47.5364 18.319 0
161 51.0598 18.5849 0
162 54.5437 18.3142 0
163 58.0566 18.6624 0
164 61.6377 18.4193 0
165 65.2333 18.7354 0
166 68.8657 18.5379 0
167 72.3094 18.5283 0
168 75.8952 18.3821 0
169 79.3828 18.6227 0
170 82.8017 18.378 0
171 86.3723 18.7399 0
172 89.9285 18.4668 0
173 93.4521 18.6736 0
174 96.9184 18.4899 0
175 100.457 18.6331 0
176 104.016 18.4278 0
177 107.602 18.1676 0
178 111.135 18.4556 0
179 114.719 18.3311 0
180 118.151 18.2482 0
181 121.681 18.3456 0
182 125.299 18.5902 0
183 128.742 18.5366 0
184 132.316 18.2705 0
185 135.894 18.5542 0
186 139.407 18.7864 0
187 143.027 18.4869 0
188 146.581 18.7446 0
189 150.091 18.5077 0
190 153.696 18.7416 0
191 157.118 18.4837 0
192 160.546 18.5884 0
193 -3.93195 21.1665 0
194 -0.370008 21.3957 0
195 3.12082 21.16 0
196 6.62753 21.4065 0
197 10.1751 21.2219 0
198 13.8486 21.5553 0
199 17.3467 21.1507 0
200 20.9358 21.3129 0
201 24.5066 21.2374 0
202 28.0679 21.4538 0
203 31.5568 21.202 0
204 35.0647 20.8397 0
205 38.5681 20.9813 0
206 42.0339 21.0642 0
207 45.5931 21.4297 0
208 49.0937 21.1484 0
209 52.566 21.3942 0
210 56.1115 21.1416 0
211 59.6952 21.3761 0
212 63.2348 21.1839 0
213 66.8346 21.4555 0
214 70.378 21.3002 0
215 73.8177 21.4078 0
216 77.4382 21.1619 0
217 80.9163 21.4285 0
218 84.4016 21.3028 0
219 87.9979 21.4254 0
220 91.5193 21.3134 0
221 95.0313 21.4544 0
222 98.5632 21.1698 0
223 102.031 21.4018 0
224 105.61 21.1843 0
225 109.17 20.9437 0
226 112.731 21.2169 0
227 116.258 21.1524 0
228 119.669 21.2959 0
229 123.318 21.0574 0
230 126.8 21.507 0
231 130.37 21.2584 0
232 133.826 21.0977 0
233 137.481 21.2896 0
234 141.021 21.5299 0
235 144.698 21.2547 0
236 148.193 21.4773 0
237 151.695 21.2237 0
238 155.199 21.5395 0
239 158.642 21.3157 0
240 162.108 21.4979 0
241 -5.4209 24.0115 0
242 -1.89887 24.271 0
243 1.56094 23.9781 0
244 5.02382 24.1552 0
245 8.49472 23.9076 0
246 12.1977 24.1972 0
247 15.8521 24.2282 0
248 19.4133 24.0903 0
249 22.8837 23.9322 0
250 26.3919 24.1785 0
251 29.9863 23.9825 0
252 33.5923 23.7965 0
253 36.9837 23.7528 0
254 40.4337 23.8838 0
255 43.9649 24.1884 0
256 47.5225 23.8756 0
257 50.9932 24.1474 0
258 54.5945 23.9512 0
259 58.0861 24.1333 0
260 61.625 23.9974 0
261 65.175 24.1197 0
262 68.7197 23.9408 0
263 72.277 24.1794 0
264 75.8355 23.9587 0
265 79.3931 24.2511 0
266 82.8504 24.0368 0
267 86.3837 24.2079 0
268 89.8956 23.981 0
269 93.4452 24.3036 0
270 96.9604 23.9403 0
271 100.454 24.2877 0
272 104.022 24.0187 0
273 107.536 23.6556 0
274 111.055 23.8995 0
275 114.584 23.767 0
276 118.114 24.1385 0
277 121.665 23.8396 0
278 125.132 24.153 0
279 128.788 24.0604 0
280 132.206 23.7899 0
281 135.794 24.0755 0
282 139.428 24.2875 0
283 143.05 23.9539 0
284 146.565 24.2635 0
285 150.078 24.0332 0
286 153.552 24.1963 0
287 157.101 24.0984 0
288 160.566 24.271 0
289 -3.80832 26.7903 0
290 -0.288408 27.0256 0
291 3.13285 26.6748 0
292 6.65378 26.8931 0
293 10.2701 26.8059 0
294 13.883 26.8171 0
295 17.4737 26.9818 0
296 21.0101 26.8864 0
297 24.4716 26.75 0
298 27.9398 26.93 0
299 31.5144 26.718 0
300 34.9335 26.8044 0
301 38.391 26.5811 0
302 41.958 26.6401 0
303 45.5979 26.8647 0
304 49.0918 26.6185 0
305 52.6146 26.9888 0
306 56.1589 26.763 0
307 59.6953 26.8811 0
308 63.2738 26.6809 0
309 66.8531 26.8589 0
310 70.353 26.5853 0
311 73.9103 27.0021 0
312 77.3927 26.7761 0
313 80.9437 27.0734 0
314 84.4541 26.7553 0
315 87.9657 26.9712 0
316 91.4763 26.7234 0
317 95.0941 27.0413 0
318 98.4744 26.8596 0
319 102.068 26.9935 0
320 105.578 26.7638 0
321 109.102 26.422 0
322 112.618 26.7462 0
323 116.107 26.5729 0
324 119.713 26.882 0
325 123.228 26.6619 0
326 126.813 26.7387 0
327 130.372 26.8604 0
328 133.84 26.5143 0
329 137.397 26.7454 0
330 141.013 27.0021 0
331 144.538 26.7725 0
332 148.118 27.0317 0
333 151.575 26.8206 0
334 155.067 27.0306 0
335 158.627 26.8198 0
336 162.272 26.9284 0
337 -5.48771 29.5086 0
338 -1.96148 29.7161 0
339 1.58475 29.5343 0
340 5.08005 29.6824 0
341 8.57378 29.4675 0
342 12.259 29.5666 0
343 15.7937 29.5672 0
344 19.4297 29.7042 0
345 22.9268 29.5255 0
346 26.3462 29.706 0
347 29.8703 29.4155 0
348 33.4219 29.5892 0
349 36.8517 29.4899 0
350 40.3391 29.3728 0
351 43.9185 29.6215 0
352 47.518 29.3775 0
353 50.9426 29.664 0
354 54.5072 29.5036 0
355 58.1601 29.6501 0
356 61.6982 29.4049 0
357 65.2832 29.6181 0
358 68.7461 29.475 0
359 72.2398 29.7785 0
360 75.7258 29.4851 0
361 79.3316 29.7804 0
362 82.8702 29.5526 0
363 86.393 29.8096 0
364 89.878 29.4618 0
365 93.4199 29.7279 0
366 96.9919 29.6741 0
367 100.53 29.8033 0
368 104.024 29.6125 0
369 107.538 29.2069 0
370 111.046 29.514 0
371 114.514 29.3223 0
372 118.037 29.5229 0
373 121.687 29.3902 0
374 125.273 29.4525 0
375 128.841 29.6894 0
376 132.314 29.378 0
377 135.87 29.529 0
378 139.408 29.7483 0
379 142.907 29.4749 0
380 146.49 29.7475 0
381 150.012 29.5723 0
382 153.555 29.8615 0
383 157.054 29.5108 0
384 160.602 29.5432 0
385 -3.90324 32.3434 0
386 -0.336407 32.5017 0
387 3.16072 32.2876 0
388 6.6639 32.4569 0
389 10.2286 32.1192 0
390 13.8407 32.3117 0
391 17.4068 32.2388 0
392 20.9894 32.4341 0
393 24.4953 32.3499 0
394 28.0177 32.3476 0
395 31.5456 32.1194 0
396 34.9468 32.4339 0
397 38.4829 32.2439 0
398 42.0247 32.0683 0
399 45.5472 32.3258 0
400 49.0754 32.2201 0
401 52.57 32.4034 0
402 56.2186 32.1913 0
403 59.7778 32.4062 0
404 63.3028 32.1119 0
405 66.8355 32.4847 0
406 70.3563 32.2999 0
407 73.8634 32.5113 0
408 77.3767 32.182 0
409 80.8751 32.5454 0
410 84.3988 32.27 0
411 87.9449 32.547 0
412 91.4597 32.2386 0
413 95.0237 32.4999 0
414 98.601 32.4085 0
415 102.122 32.6429 0
416 105.699 32.2997 0
417 109.151 32.0162 0
418 112.653 32.2786 0
419 116.217 32.0981 0
420 119.761 32.1958 0
421 123.35 32.0584 0
422 126.894 32.1075 0
423 130.445 32.4207 0
424 133.94 32.0656 0
425 137.493 32.3254 0
426 141.034 32.443 0
427 144.57 32.2382 0
428 148.047 32.5088 0
429 151.515 32.366 0
430 155.108 32.5618 0
431 158.664 32.3241 0
432 162.072 32.4558 0
433 -5.53379 35.0502 0
434 -1.96322 35.1836 0
435 1.61757 35.1052 0
436 5.23035 35.2502 0
437 8.678 34.911 0
438 12.2177 35.0645 0
439 15.7755 34.8941 0
440 19.3249 35.0877 0
441 22.8779 34.9715 0
442 26.4708 35.1748 0
443 29.9132 34.977 0
444 33.3589 35.2364 0
445 36.9882 35.0416 0
446 40.3772 34.9151 0
447 43.9739 35.0841 0
448 47.4387 35.0105 0
449 51.0266 35.1919 0
450 54.6032 34.9254 0
451 58.1839 35.1604 0
452 61.715 34.8827 0
453 65.1785 35.2003 0
454 68.7884 35.0179 0
455 72.3466 35.2932 0
456 75.7976 34.9597 0
457 79.2795 35.2623 0
458 82.848 35.0675 0
459 86.3612 35.2352 0
460 89.8725 35.0621 0
461 93.4226 35.2492 0
462 96.9477 35.1263 0
463 100.487 35.3707 0
464 104.172 35.0714 0
465 107.669 34.9151 0
466 111.202 35.1351 0
467 114.662 34.8397 0
468 118.24 35.0482 0
469 121.744 34.6635 0
470 125.24 34.8288 0
471 128.77 35.1241 0
472 132.393 34.8947 0
473 135.877 35.0571 0
474 139.422 35.1795 0
475 142.925 34.9934 0
476 146.455 35.2729 0
477 149.93 35.0471 0
478 153.435 35.2371 0
479 157.038 35.0704 0
480 160.544 35.1744 0
481 -3.93903 37.7013 0
482 -0.447799 37.971 0
483 3.32978 37.8581 0
484 6.89592 38.0494 0
485 10.3253 37.6636 0
486 13.8543 37.7809 0
487 17.417 37.6074 0
488 20.8616 37.8597 0
489 24.47 37.6878 0
490 27.9179 37.9974 0
491 31.3781 37.7943 0
492 34.9932 37.9068 0
493 38.4604 37.9753 0
494 42.0597 37.6432 0
495 45.5466 37.8872 0
496 49.1115 37.7139 0
497 52.6512 37.8937 0
498 56.2369 37.6477 0
499 59.7641 37.9339 0
500 63.2751 37.6635 0
501 66.8071 37.9646 0
502 70.4346 37.8073 0
503 73.9092 38.1083 0
504 77.3327 37.8956 0
505 80.8286 38.0544 0
506 84.4353 37.7921 0
507 87.9608 38.0169 0
508 91.5347 37.8526 0
509 95.0064 37.9678 0
510 98.5757 37.8227 0
511 102.129 37.9883 0
512 105.709 37.8919 0
513 109.312 37.6496 0
514 112.785 37.8904 0
515 116.335 37.5488 0
516 119.874 37.7633 0
517 123.385 37.4481 0
518 126.796 37.6813 0
519 130.494 37.7558 0
520 133.959 37.7029 0
521 137.519 37.7564 0
522 140.957 38.0245 0
523 144.551 37.7471 0
524 148.058 38.0075 0
525 151.545 37.7871 0
526 155.085 37.9128 0
527 158.664 37.8405 0
528 162.124 37.969 0
529 -5.46629 40.5283 0
530 -2.05442 40.7588 0
531 1.55007 40.446 0
532 5.19598 40.6609 0
533 8.81596 40.4986 0
534 12.2964 40.6368 0
535 15.7469 40.3374 0
536 19.3047 40.7151 0
537 22.8442 40.4197 0
538 26.2635 40.808 0
539 29.7868 40.5044 0
540 33.2869 40.5949 0
541 36.963 40.7312 0
542 40.5081 40.4176 0
543 44.0478 40.6509 0
544 47.5176 40.4756 0
545 51.0683 40.5826 0
546 54.6223 40.3526 0
547 58.1406 40.6471 0
548 61.6652 40.4603 0
549 65.2042 40.7152 0
550 68.7026 40.4288 0
551 72.2136 40.8743 0
552 75.7836 40.6456 0
553 79.2474 40.8703 0
554 82.8172 40.5774 0
555 86.4224 40.768 0
556 89.9259 40.5531 0
557 93.4909 40.7383 0
558 96.9449 40.5537 0
559 100.506 40.8121 0
560 104.017 40.5821 0
561 107.652 40.3977 0
562 111.132 40.6485 0
563 114.795 40.3391 0
564 118.27 40.5357 0
565 121.856 40.2851 0
566 125.316 40.5052 0
567 128.833 40.4637 0
568 132.453 40.6105 0
569 135.939 40.4688 0
570 139.392 40.7893 0
571 142.876 40.5721 0
572 146.464 40.8028 0
573 149.95 40.4979 0
574 153.513 40.6844 0
575 157.025 40.4968 0
576 160.544 40.7407 0
577 -3.89322 43.2959 0
578 -0.430126 43.564 0
579 3.13911 43.212 0
580 6.71779 43.4486 0
581 10.3598 43.2449 0
582 13.8961 43.5121 0
583 17.3621 43.1801 0
584 20.9088 43.457 0
585 24.3548 43.2627 0
586 27.8938 43.5549 0
587 31.3672 43.2127 0
588 34.9669 43.2128 0
589 38.6291 43.3872 0
590 42.1499 43.1578 0
591 45.6312 43.3874 0
592 49.1979 43.1536 0
593 52.6631 43.3183 0
594 56.2019 43.1019 0
595 59.7196 43.3755 0
596 63.2236 43.2021 0
597 66.7492 43.5042 0
598 70.1737 43.3805 0
599 73.8167 43.5999 0
600 77.3318 43.4354 0
601 80.8848 43.5865 0
602 84.4441 43.3729 0
603 88.0013 43.5564 0
604 91.5667 43.2519 0
605 95.07 43.5263 0
606 98.5527 43.2913 0
607 102.064 43.6119 0
608 105.61 43.4072 0
609 109.163 43.2012 0
610 112.824 43.3634 0
611 116.341 43.0778 0
612 119.957 43.3315 0
613 123.424 43.0823 0
614 126.907 43.3209 0
615 130.509 43.0914 0
616 133.983 43.4371 0
617 137.496 43.2762 0
618 140.946 43.5013 0
619 144.491 43.3397 0
620 148.133 43.4464 0
621 151.578 43.1349 0
622 155.079 43.4239 0
623 158.628 43.1785 0
624 162.115 43.554 0
625 -5.50083 46.0496 0
626 -1.96474 46.3955 0
627 1.55352 46.0241 0
628 5.08976 46.1304 0
629 8.6685 46.0363 0
630 12.2505 46.2213 0
631 15.8508 45.9929 0
632 19.3399 46.278 0
633 22.7972 46.132 0
634 26.2786 46.3679 0
635 29.8483 46.0748 0
636 33.376 45.9777 0
637 36.9943 46.1311 0
638 40.588 46.0139 0
639 44.1174 46.2036 0
640 47.586 45.8723 0
641 51.196 46.2184 0
642 54.6232 45.8538 0
643 58.168 46.1029 0
644 61.5871 45.9461 0
645 65.0831 46.2334 0
646 68.58 46.1256 0
647 72.1899 46.3907 0
648 75.7294 46.077 0
649 79.2279 46.2398 0
650 82.779 46.0912 0
651 86.3384 46.2945 0
652 89.8956 46.0627 0
653 93.4805 46.2746 0
654 96.9386 46.0802 0
655 100.477 46.3248 0
656 104.032 46.1126 0
657 107.608 45.954 0
658 111.18 46.0813 0
659 114.714 45.9376 0
660 118.304 46.0824 0
661 121.883 45.8147 0
662 125.349 46.0624 0
663 128.823 45.769 0
664 132.394 46.0933 0
665 135.972 46.1004 0
666 139.466 46.2978 0
667 142.885 46.0383 0
668 146.436 46.1061 0
669 149.984 46.0481 0
670 153.472 46.1864 0
671 156.996 45.9427 0
672 160.456 46.2119 0
673 -3.9769 48.8563 0
674 -0.398659 49.0829 0
675 3.14856 48.7077 0
676 6.7213 48.8446 0
677 10.286 48.7411 0
678 13.8407 48.9865 0
679 17.3403 48.8113 0
680 20.8504 49.1017 0
681 24.4141 48.881 0
682 27.9095 49.1209 0
683 31.4927 48.7438 0
684 35.075 48.649 0
685 38.6018 48.9668 0
686 42.1462 48.763 0
687 45.7018 48.9804 0
688 49.1804 48.6561 0
689 52.7609 49.0247 0
690 56.2141 48.6676 0
691 59.6497 48.9255 0
692 63.1587 48.7771 0
693 66.6855 48.9867 0
694 70.1956 48.8679 0
695 73.7887 49.1044 0
696 77.2357 48.8403 0
697 80.7428 49.0161 0
698 84.3627 48.8253 0
699 87.9607 49.0104 0
700 91.5253 48.8024 0
701 94.9757 49.0406 0
702 98.6239 48.7914 0
703 102.144 49.0977 0
704 105.686 48.8578 0
705 109.311 48.6079 0
706 112.804 48.9182 0
707 116.378 48.6124 0
708 119.887 48.8016 0
709 123.444 48.6014 0
710 126.95 48.8822 0
711 130.421 48.5503 0
712 133.991 48.8569 0
713 137.536 48.8365 0
714 141.018 49.0862 0
715 144.461 48.765 0
716 147.93 48.9269 0
717 151.6 48.7922 0
718 155.067 48.9448 0
719 158.623 48.7814 0
720 162.183 48.9038 0
721 -5.35864 51.8557 0
722 -1.97187 51.8058 0
723 1.63981 51.5547 0
724 5.1463 51.5855 0
725 8.6655 51.4938 0
726 12.2054 51.7152 0
727 15.7967 51.5942 0
728 19.2372 51.8848 0
729 22.8398 51.6187 0
730 26.3437 51.8454 0
731 29.9954 51.5987 0
732 33.5346 51.3854 0
733 37.0046 51.7673 0
734 40.5284 51.4356 0
735 44.0927 51.7173 0
736 47.5772 51.4607 0
737 51.0905 51.7435 0
738 54.6848 51.4593 0
739 58.1186 51.7307 0
740 61.5507 51.5309 0
741 65.1078 51.765 0
742 68.6805 51.6498 0
743 72.1423 51.8219 0
744 75.7298 51.6021 0
745 79.2948 51.7464 0
746 82.8393 51.6622 0
747 86.3788 51.7721 0
748 89.9182 51.5748 0
749 93.4568 51.8095 0
750 97.0348 51.5356 0
751 100.586 51.8417 0
752 104.136 51.63 0
753 107.735 51.381 0
754 111.28 51.6959 0
755 114.822 51.4384 0
756 118.344 51.5569 0
757 121.831 51.3358 0
758 125.361 51.578 0
759 128.805 51.4151 0
760 132.44 51.6445 0
761 135.858 51.4796 0
762 139.399 51.8105 0
763 142.955 51.5836 0
764 146.438 51.6968 0
765 149.946 51.502 0
766 153.54 51.7629 0
767 157.038 51.5045 0
768 160.636 51.6646 0
769 -3.77368 54.607 0
770 -0.267063 54.4619 0
771 3.32787 54.2714 0
772 6.75527 54.5781 0
773 10.2315 54.2614 0
774 13.764 54.5597 0
775 17.2823 54.4301 0
776 20.8674 54.6476 0
777 24.4356 54.3475 0
778 28.0442 54.4744 0
779 31.5922 54.3674 0
780 35.0531 54.2758 0
781 38.7093 54.4512 0
782 42.1498 54.145 0
783 45.6661 54.4169 0
784 49.2222 54.2202 0
785 52.6553 54.5384 0
786 56.1305 54.3362 0
787 59.7115 54.5606 0
788 63.1014 54.346 0
789 66.6926 54.4798 0
790 70.2257 54.4036 0
791 73.8529 54.468 0
792 77.4553 54.219 0
793 80.9372 54.5962 0
794 84.5403 54.4679 0
795 87.9937 54.4979 0
796 91.5634 54.2939 0
797 95.0831 54.4842 0
798 98.7154 54.3385 0
799 102.224 54.6202 0
800 105.734 54.3753 0
801 109.355 54.1263 0
802 112.885 54.4219 0
803 116.349 54.154 0
804 119.941 54.368 0
805 123.362 54.1371 0
806 126.826 54.4713 0
807 130.502 54.2213 0
808 133.987 54.5051 0
809 137.432 54.2782 0
810 141.004 54.4838 0
811 144.565 54.3029 0
812 148.092 54.4457 0
813 151.596 54.2509 0
814 155.179 54.4503 0
815 158.686 54.2188 0
816 162.254 54.417 0
817 -5.30795 57.2924 0
818 -1.81207 57.3371 0
819 1.69787 57.0248 0
820 5.16923 57.3577 0
821 8.69737 57.0384 0
822 12.1581 57.3124 0
823 15.6205 57.1217 0
824 19.2429 57.3464 0
825 22.8246 57.1846 0
826 26.4041 57.2469 0
827 29.8901 57.0349 0
828 33.4265 56.9401 0
829 37.0992 57.1971 0
830 40.6638 56.9759 0
831 44.1095 57.1867 0
832 47.5942 56.9296 0
833 51.0644 57.3836 0
834 54.4643 57.1119 0
835 58.024 57.2757 0
836 61.5562 57.108 0
837 65.0652 57.2866 0
838 68.583 57.1155 0
839 72.2194 57.2109 0
840 75.7903 57.0306 0
841 79.2856 57.369 0
842 82.8108 57.2136 0
843 86.421 57.34 0
844 89.9132 57.0701 0
845 93.4983 57.2122 0
846 97.0627 57 0
847 100.671 57.3448 0
848 104.132 57.078 0
849 107.697 56.8046 0
850 111.262 57.101 0
851 114.79 56.9761 0
852 118.272 57.0633 0
853 121.838 56.9297 0
854 125.282 57.2618 0
855 128.86 56.9771 0
856 132.408 57.2345 0
857 135.865 57.0131 0
858 139.404 57.1124 0
859 142.918 56.9858 0
860 146.486 57.1855 0
861 150.056 57.0128 0
862 153.553 57.1425 0
863 157.109 57.0084 0
864 160.733 57.2119 0
865 -3.80023 60.2044 0
866 -0.238845 60.0525 0
867 3.26588 59.8777 0
868 6.76592 60.0966 0
869 10.2477 59.9225 0
870 13.7307 60.1097 0
871 17.252 59.7787 0
872 20.9043 60.0273 0
873 24.4924 59.8766 0
874 27.998 60.0458 0
875 31.5437 59.8272 0
876 35.1399 59.6251 0
877 38.7326 59.8957 0
878 42.1945 59.7466 0
879 45.603 60.0785 0
880 49.0681 59.8176 0
881 52.6006 60.2192 0
882 56.1236 59.753 0
883 59.599 59.9739 0
884 63.1141 59.8172 0
885 66.7308 60.0334 0
886 70.2834 59.7234 0
887 73.7809 59.9836 0
888 77.2357 59.8747 0
889 80.9168 60.1168 0
890 84.4473 59.8555 0
891 87.9932 60.0397 0
892 91.558 59.7842 0
893 95.1147 59.9338 0
894 98.6626 59.7975 0
895 102.23 60.1098 0
896 105.666 59.8708 0
897 109.204 59.574 0
898 112.76 59.8684 0
899 116.387 59.7034 0
900 119.832 59.9317 0
901 123.332 59.7204 0
902 126.972 60.0243 0
903 130.481 59.7455 0
904 133.99 59.9281 0
905 137.479 59.7664 0
906 140.969 59.8988 0
907 144.555 59.6771 0
908 148.112 59.8837 0
909 151.642 59.7122 0
910 155.128 59.8728 0
911 158.723 59.7048 0
912 162.343 60.2271 0
913 -5.3901 62.9009 0
914 -1.86235 62.7786 0
915 1.63634 62.6243 0
916 5.17582 62.8218 0
917 8.65869 62.7199 0
918 12.1792 62.903 0
919 15.7099 62.5269 0
920 19.257 62.6941 0
921 22.8293 62.6119 0
922 26.4089 62.7141 0
923 29.9134 62.5003 0
924 33.4111 62.2818 0
925 37.0627 62.5748 0
926 40.5045 62.4629 0
927 43.9717 62.7645 0
928 47.4772 62.5981 0
929 50.9386 62.8147 0
930 54.5857 62.6215 0
931 58.0111 62.8268 0
932 61.5229 62.5509 0
933 65.0643 62.7687 0
934 68.6176 62.4914 0
935 72.1726 62.7463 0
936 75.7509 62.7047 0
937 79.2898 62.8789 0
938 82.8417 62.5909 0
939 86.4692 62.8235 0
940 89.9312 62.5196 0
941 93.475 62.7431 0
942 97.0374 62.5758 0
943 100.579 62.8614 0
944 104.123 62.6658 0
945 107.67 62.4479 0
946 111.143 62.6853 0
947 114.687 62.4083 0
948 118.237 62.6781 0
949 121.763 62.503 0
950 125.354 62.8076 0
951 128.874 62.534 0
952 132.417 62.654 0
953 135.91 62.5676 0
954 139.491 62.7025 0
955 142.949 62.3836 0
956 146.537 62.7806 0
957 150.072 62.4867 0
958 153.578 62.7679 0
959 157.065 62.4901 0
960 160.509 62.7951 0
961 -3.87143 65.743 0
962 -0.277072 65.5989 0
963 3.3003 65.3312 0
964 6.74369 65.5918 0
965 10.3218 65.3737 0
966 13.7743 65.6185 0
967 17.2693 65.2116 0
968 20.7803 65.4714 0
969 24.3734 65.3381 0
970 27.9186 65.4847 0
971 31.4685 65.289 0
972 35.0084 64.9785 0
973 38.5398 65.5423 0
974 41.9443 65.4269 0
975 45.4272 65.5804 0
976 49.0178 65.3282 0
977 52.5238 65.6626 0
978 56.1026 65.3978 0
979 59.6297 65.642 0
980 63.214 65.3685 0
981 66.6866 65.5364 0
982 70.24 65.2777 0
983 73.7807 65.4891 0
984 77.2988 65.4373 0
985 80.9198 65.6306 0
986 84.5079 65.2791 0
987 88.1028 65.585 0
988 91.5438 65.2653 0
989 95.1227 65.5017 0
990 98.6188 65.2947 0
991 102.161 65.6019 0
992 105.684 65.4429 0
993 109.235 65.1452 0
994 112.755 65.3954 0
995 116.228 65.1497 0
996 119.762 65.4059 0
997 123.278 65.2591 0
998 126.881 65.5514 0
999 130.489 65.2558 0
1000 133.993 65.4913 0
1001 137.571 65.2368 0
1002 141.107 65.4019 0
1003 144.543 65.1643 0
1004 148.059 65.5345 0
1005 151.697 65.2684 0
1006 155.175 65.544 0
1007 158.63 65.2658 0
1008 162.123 65.4996 0
1009 -5.41909 68.4801 0
1010 -1.90364 68.3217 0
1011 1.70145 68.1137 0
1012 5.22507 68.3845 0
1013 8.72527 68.1081 0
1014 12.2109 68.3979 0
1015 15.7517 68.0425 0
1016 19.2106 68.2315 0
1017 22.7512 68.0615 0
1018 26.3149 68.2092 0
1019 29.8252 67.9613 0
1020 33.4423 67.7799 0
1021 36.8624 68.1924 0
1022 40.4179 68.2336 0
1023 43.8092 68.2721 0
1024 47.3864 68.048 0
1025 50.8818 68.4509 0
1026 54.5218 68.164 0
1027 58.1062 68.3677 0
1028 61.5733 68.1347 0
1029 65.1071 68.4144 0
1030 68.6596 67.9925 0
1031 72.1945 68.2899 0
1032 75.7537 68.2129 0
1033 79.2786 68.4446 0
1034 82.9257 68.086 0
1035 86.4277 68.3059 0
1036 89.9956 68.0379 0
1037 93.5234 68.2333 0
1038 96.9983 68.0579 0
1039 100.52 68.357 0
1040 104.087 68.199 0
1041 107.631 67.9032 0
1042 111.174 68.175 0
1043 114.681 67.9472 0
1044 118.099 68.1592 0
1045 121.617 68.0982 0
1046 125.166 68.2914 0
1047 128.852 68.035 0
1048 132.468 68.2121 0
1049 135.923 67.9623 0
1050 139.48 68.1072 0
1051 142.925 67.9496 0
1052 146.442 68.2116 0
1053 149.95 68.0173 0
1054 153.575 68.321 0
1055 157.093 68.0753 0
1056 160.628 68.2721 0
1057 -3.84599 71.2852 0
1058 -0.289267 71.0762 0
1059 3.25015 70.8891 0
1060 6.77905 71.15 0
1061 10.2784 70.889 0
1062 13.8325 71.018 0
1063 17.3565 70.7988 0
1064 20.8726 70.9209 0
1065 24.4489 70.748 0
1066 27.972 71.0003 0
1067 31.4146 70.7305 0
1068 34.8949 70.7149 0
1069 38.513 70.9614 0
1070 41.9407 71.0629 0
1071 45.5108 70.9181 0
1072 48.9861 70.8675 0
1073 52.5722 71.0742 0
1074 56.2227 70.8694 0
1075 59.7083 71.2928 0
1076 63.2533 70.9526 0
1077 66.7666 71.1689 0
1078 70.303 70.7689 0
1079 73.9114 70.8722 0
1080 77.376 70.9819 0
1081 80.9252 71.1085 0
1082 84.4789 70.8795 0
1083 87.9948 71.0283 0
1084 91.5338 70.7968 0
1085 95.0111 71.1226 0
1086 98.5412 70.85 0
1087 102.125 71.1482 0
1088 105.69 70.9037 0
1089 109.203 70.692 0
1090 112.703 70.9144 0
1091 116.196 70.7686 0
1092 119.652 70.9846 0
1093 123.243 70.8386 0
1094 126.975 70.9653 0
1095 130.52 70.7856 0
1096 133.978 71.0986 0
1097 137.498 70.7147 0
1098 140.976 70.9068 0
1099 144.512 70.6788 0
1100 148.003 70.9777 0
1101 151.594 70.8413 0
1102 155.212 71.1331 0
1103 158.649 70.854 0
1104 162.223 70.9428 0
1105 -5.50123 73.9673 0
1106 -1.92589 73.9058 0
1107 1.61101 73.5986 0
1108 5.08129 73.8248 0
1109 8.65521 73.6061 0
1110 12.2423 73.8225 0
1111 15.8239 73.5941 0
1112 19.3055 73.7626 0
1113 22.875 73.552 0
1114 26.4274 73.7795 0
1115 29.8953 73.653 0
1116 33.3812 73.427 0
1117 36.9471 73.675 0
1118 40.4911 73.9645 0
1119 43.9288 73.5723 0
1120 47.4591 73.6406 0
1121 50.9878 73.7888 0
1122 54.5084 73.5085 0
1123 58.0699 73.8984 0
1124 61.6624 73.7014 0
1125 65.2246 73.885 0
1126 68.7671 73.5865 0
1127 72.3105 73.526 0
1128 75.8856 73.9137 0
1129 79.3398 73.9188 0
1130 82.8987 73.6336 0
1131 86.3873 73.8318 0
1132 89.9236 73.5061 0
1133 93.3612 73.7883 0
1134 96.8908 73.669 0
1135 100.421 73.8534 0
1136 104.088 73.6547 0
1137 107.621 73.4873 0
1138 111.118 73.7137 0
1139 114.64 73.5894 0
1140 118.18 73.7142 0
1141 121.75 73.586 0
1142 125.375 73.5932 0
1143 128.85 73.5156 0
1144 132.357 73.8012 0
1145 135.945 73.5088 0
1146 139.404 73.6594 0
1147 142.895 73.3631 0
1148 146.427 73.7109 0
1149 149.921 73.5416 0
1150 153.487 73.8423 0
1151 157.124 73.7699 0
1152 160.589 73.6809 0
1153 -3.86615 76.6056 0
1154 -0.382939 76.6391 0
1155 3.18035 76.4239 0
1156 6.69469 76.53 0
1157 10.3606 76.3361 0
1158 13.847 76.5801 0
1159 17.4788 76.2805 0
1160 20.9373 76.5134 0
1161 24.4762 76.2447 0
1162 27.9843 76.686 0
1163 31.4443 76.42 0
1164 34.9743 76.2027 0
1165 38.5446 76.4126 0
1166 42.0756 76.6545 0
1167 45.5429 76.3412 0
1168 49.0856 76.2991 0
1169 52.6167 76.6392 0
1170 56.0491 76.3101 0
1171 59.6383 76.5431 0
1172 63.2954 76.373 0
1173 66.9124 76.4841 0
1174 70.4001 76.3238 0
1175 73.8673 76.3807 0
1176 77.395 76.6775 0
1177 80.9784 76.6133 0
1178 84.431 76.3903 0
1179 87.9786 76.6485 0
1180 91.4474 76.3727 0
1181 94.876 76.6606 0
1182 98.4377 76.44 0
1183 101.931 76.6763 0
1184 105.649 76.4219 0
1185 109.166 76.2778 0
1186 112.701 76.4429 0
1187 116.346 76.2222 0
1188 119.865 76.3777 0
1189 123.379 76.2683 0
1190 126.781 76.4045 0
1191 130.303 76.2662 0
1192 133.836 76.6676 0
1193 137.477 76.3874 0
1194 140.989 76.4839 0
1195 144.461 76.1346 0
1196 148.036 76.4881 0
1197 151.575 76.3416 0
1198 154.962 76.7129 0
1199 158.505 76.6057 0
1200 162.064 76.4711 0
1201 -5.50846 79.3088 0
1202 -1.84246 79.4752 0
1203 1.58288 79.2485 0
1204 5.22089 79.393 0
1205 8.68225 79.0951 0
1206 12.2956 79.3078 0
1207 15.8415 78.9838 0
1208 19.309 79.3285 0
1209 22.9673 79.0631 0
1210 26.3626 79.4099 0
1211 29.9065 79.2393 0
1212 33.4288 78.9156 0
1213 36.8747 79.0645 0
1214 40.4528 79.3745 0
1215 44.0522 79.137 0
1216 47.4574 79.0758 0
1217 50.9724 79.3618 0
1218 54.4978 79.1681 0
1219 58.0441 79.2524 0
1220 61.6036 79.0074 0
1221 65.2543 79.2279 0
1222 68.8421 79.0586 0
1223 72.2915 79.2766 0
1224 75.8078 79.4764 0
1225 79.3393 79.2978 0
1226 82.8886 79.1726 0
1227 86.4572 79.3353 0
1228 89.9197 79.222 0
1229 93.3598 79.448 0
1230 96.8327 79.2089 0
1231 100.389 79.4363 0
1232 103.92 79.0925 0
1233 107.515 78.9429 0
1234 111.18 79.2669 0
1235 114.733 78.939 0
1236 118.347 79.2401 0
1237 121.703 79.0974 0
1238 125.201 79.3878 0
1239 128.661 79.1047 0
1240 132.185 79.3991 0
1241 135.808 79.0773 0
1242 139.425 79.3088 0
1243 142.924 79.0826 0
1244 146.423 79.3818 0
1245 149.873 79.1011 0
1246 153.383 79.586 0
1247 156.827 79.3271 0
1248 160.492 79.2623 0
1249 -3.84622 82.0434 0
1250 -0.215548 82.2181 0
1251 3.30567 81.9571 0
1252 6.82767 82.1994 0
1253 10.429 81.8001 0
1254 13.8626 82.0428 0
1255 17.3271 81.8564 0
1256 20.9007 82.0428 0
1257 24.4473 81.8972 0
1258 27.9754 82.2095 0
1259 31.5532 81.9342 0
1260 34.9765 81.7423 0
1261 38.4232 81.9237 0
1262 42.0673 82.1518 0
1263 45.5645 82.0388 0
1264 49.0985 81.861 0
1265 52.608 82.1037 0
1266 56.1505 81.8235 0
1267 59.6819 82.0484 0
1268 63.2887 81.7156 0
1269 66.9425 81.9275 0
1270 70.3541 81.852 0
1271 73.8635 82.0307 0
1272 77.4271 82.2464 0
1273 80.9793 82.0203 0
1274 84.5422 81.8412 0
1275 87.9878 82.1876 0
1276 91.4886 82.046 0
1277 95.0195 82.2461 0
1278 98.5587 81.9928 0
1279 102.109 82.0581 0
1280 105.565 81.7417 0
1281 109.104 81.7153 0
1282 112.84 81.9834 0
1283 116.329 81.6975 0
1284 119.806 82.104 0
1285 123.236 81.899 0
1286 126.757 82.1987 0
1287 130.326 81.8761 0
1288 133.856 82.065 0
1289 137.381 81.7865 0
1290 140.959 82.083 0
1291 144.481 81.8573 0
1292 147.988 82.2248 0
1293 151.318 82.142 0
1294 154.944 82.3026 0
1295 158.514 82.0755 0
1296 162.159 81.8935 0
1297 -5.52002 84.7779 0
1298 -1.94743 84.8514 0
1299 1.74062 84.7062 0
1300 5.25222 85.0078 0
1301 8.83469 84.6424 0
1302 12.3 84.9295 0
1303 15.7427 84.6557 0
1304 19.2942 84.8697 0
1305 22.744 84.6294 0
1306 26.3052 84.8207 0
1307 29.8675 84.6503 0
1308 33.3885 84.489 0
1309 36.8788 84.7153 0
1310 40.3233 84.8221 0
1311 44.004 84.8516 0
1312 47.5087 84.6327 0
1313 51.035 84.736 0
1314 54.5967 84.5393 0
1315 58.1016 84.7808 0
1316 61.6393 84.4932 0
1317 65.262 84.7047 0
1318 68.8273 84.5916 0
1319 72.2996 84.8563 0
1320 75.7975 84.8856 0
1321 79.3587 84.739 0
1322 82.864 84.5223 0
1323 86.3244 84.8341 0
1324 89.8815 84.7302 0
1325 93.4569 85.0151 0
1326 96.9849 84.7473 0
1327 100.612 84.9113 0
1328 104.07 84.5649 0
1329 107.557 84.4616 0
1330 111.165 84.6048 0
1331 114.722 84.4775 0
1332 118.163 84.7853 0
1333 121.707 84.6955 0
1334 125.225 84.9133 0
1335 128.806 84.6287 0
1336 132.369 84.804 0
1337 135.842 84.5328 0
1338 139.377 84.8362 0
1339 142.852 84.55 0
1340 146.338 84.9189 0
1341 149.904 85.0792 0
1342 153.362 85.0416 0
1343 156.976 84.8731 0
1344 160.541 84.5813 0
1345 -3.83695 87.4201 0
1346 -0.211987 87.4864 0
1347 3.38559 87.6152 0
1348 6.90873 87.7138 0
1349 10.4043 87.4527 0
1350 13.926 87.6528 0
1351 17.3415 87.4221 0
1352 20.8127 87.6787 0
1353 24.4189 87.3085 0
1354 27.8569 87.6591 0
1355 31.4642 87.4801 0
1356 34.9734 87.2288 0
1357 38.457 87.5249 0
1358 42.0332 87.468 0
1359 45.5294 87.6166 0
1360 49.09 87.385 0
1361 52.6514 87.5433 0
1362 56.2519 87.2455 0
1363 59.7574 87.3868 0
1364 63.3182 87.2434 0
1365 66.8373 87.4901 0
1366 70.3725 87.3637 0
1367 73.8563 87.7699 0
1368 77.5048 87.5767 0
1369 80.8498 87.5673 0
1370 84.3734 87.291 0
1371 87.869 87.6033 0
1372 91.4579 87.5481 0
1373 95.0167 87.7363 0
1374 98.6979 87.3583 0
1375 102.156 87.7239 0
1376 105.637 87.2907 0
1377 109.194 87.204 0
1378 112.684 87.3977 0
1379 116.296 87.3142 0
1380 119.769 87.6273 0
1381 123.309 87.4124 0
1382 126.968 87.5601 0
1383 130.484 87.3319 0
1384 133.969 87.6256 0
1385 137.392 87.2787 0
1386 140.957 87.5716 0
1387 144.462 87.4171 0
1388 147.995 87.5965 0
1389 151.519 87.8143 0
1390 155.046 87.7358 0
1391 158.61 87.6114 0
1392 162.112 87.3975 0
1393 -5.3372 90.189 0
1394 -1.87789 90.1556 0
1395 1.79099 90.346 0
1396 5.32495 90.4761 0
1397 8.82086 90.2628 0
1398 12.3515 90.4206 0
1399 15.8373 90.2105 0
1400 19.3025 90.497 0
1401 22.8495 90.1084 0
1402 26.3135 90.4014 0
1403 29.8564 90.1737 0
1404 33.3844 89.9406 0
1405 36.917 90.3567 0
1406 40.3748 90.1416 0
1407 43.9184 90.3784 0
1408 47.5036 90.078 0
1409 51.0653 90.2478 0
1410 54.5531 89.9903 0
1411 58.2345 90.1343 0
1412 61.7191 90.0427 0
1413 65.1772 90.2996 0
1414 68.7577 90.0802 0
1415 72.2461 90.4705 0
1416 75.8284 90.2408 0
1417 79.4305 90.51 0
1418 82.9132 90.1536 0
1419 86.4038 90.3741 0
1420 89.8569 90.2626 0
1421 93.4055 90.4464 0
1422 97.0016 90.1512 0
1423 100.526 90.5121 0
1424 104.091 90.1461 0
1425 107.598 89.9519 0
1426 111.164 90.1785 0
1427 114.636 90.0231 0
1428 118.206 90.3127 0
1429 121.715 90.1073 0
1430 125.405 90.3104 0
1431 128.879 90.0619 0
1432 132.384 90.4559 0
1433 135.908 90.1254 0
1434 139.34 90.3836 0
1435 142.927 90.1827 0
1436 146.429 90.3599 0
1437 149.939 90.5141 0
1438 153.486 90.4603 0
1439 157.05 90.3759 0
1440 160.641 90.1572 0
1441 -3.8008 93.0153 0
1442 -0.192848 92.9009 0
1443 3.41916 92.9798 0
1444 6.89083 93.2153 0
1445 10.3854 92.9488 0
1446 13.9438 93.2069 0
1447 17.4354 93.0462 0
1448 21.0087 93.2017 0
1449 24.4565 92.9236 0
1450 27.9803 93.1189 0
1451 31.5368 92.8864 0
1452 34.8492 92.8284 0
1453 38.4999 93.2149 0
1454 42.0466 92.8903 0
1455 45.5844 93.0047 0
1456 49.1022 92.8822 0
1457 52.6288 93.0798 0
1458 56.1657 92.708 0
1459 59.7571 93.0983 0
1460 63.2558 92.9388 0
1461 66.7585 92.9564 0
1462 70.2727 92.9207 0
1463 73.8085 93.2237 0
1464 77.3846 92.9658 0
1465 81.058 93.2692 0
1466 84.5493 92.9098 0
1467 87.9853 93.1316 0
1468 91.5107 93.0041 0
1469 95.0351 93.1834 0
1470 98.603 92.9994 0
1471 102.181 93.1596 0
1472 105.647 93.0039 0
1473 109.22 92.6425 0
1474 112.743 92.9188 0
1475 116.244 92.7658 0
1476 119.805 93.0349 0
1477 123.415 92.7538 0
1478 126.914 93.1533 0
1479 130.48 92.9727 0
1480 134.003 93.212 0
1481 137.469 93.0301 0
1482 140.937 93.224 0
1483 144.51 92.9111 0
1484 148.105 93.0249 0
1485 151.556 93.1338 0
1486 155.061 93.2147 0
1487 158.705 93.037 0
1488 162.285 92.7447 0
1489 -5.37846 95.7349 0
1490 -1.7926 95.6727 0
1491 1.76113 95.66 0
1492 5.37096 95.9679 0
1493 8.82879 95.7332 0
1494 12.2802 95.9599 0
1495 15.8627 95.6759 0
1496 19.3776 96.0707 0
1497 22.9422 95.6705 0
1498 26.4204 95.9561 0
1499 30.0506 95.599 0
1500 33.5338 95.7787 0
1501 36.9197 95.9725 0
1502 40.5156 95.6681 0
1503 44.1162 95.8238 0
1504 47.5863 95.666 0
1505 51.1376 95.9206 0
1506 54.5758 95.5611 0
1507 58.0089 95.7453 0
1508 61.6516 95.7067 0
1509 65.2874 95.7905 0
1510 68.6259 95.6701 0
1511 72.1378 95.8797 0
1512 75.7325 95.6933 0
1513 79.3395 95.9411 0
1514 83.0184 95.7527 0
1515 86.4622 95.94 0
1516 89.9539 95.7473 0
1517 93.4892 95.9992 0
1518 96.9949 95.7392 0
1519 100.589 95.8283 0
1520 104.052 95.7992 0
1521 107.604 95.4601 0
1522 111.099 95.5932 0
1523 114.726 95.4978 0
1524 118.209 95.7041 0
1525 121.813 95.513 0
1526 125.277 95.7882 0
1527 128.82 95.6418 0
1528 132.449 96.0003 0
1529 135.91 95.9774 0
1530 139.403 96.0218 0
1531 142.999 95.6692 0
1532 146.616 95.8992 0
1533 150.081 95.9798 0
1534 153.541 96.0836 0
1535 157.043 95.7207 0
1536 160.69 95.4624 0
1537 -3.72568 98.6234 0
1538 -0.134186 98.4482 0
1539 3.37928 98.3796 0
1540 6.9016 98.648 0
1541 10.3981 98.5287 0
1542 14.0055 98.6856 0
1543 17.4412 98.5325 0
1544 21.0497 98.7305 0
1545 24.5259 98.4821 0
1546 28.092 98.608 0
1547 31.6149 98.3486 0
1548 35.0553 98.5034 0
1549 38.6425 98.5873 0
1550 42.2373 98.3248 0
1551 45.6987 98.5863 0
1552 49.221 98.4249 0
1553 52.779 98.6462 0
1554 56.138 98.3386 0
1555 59.6596 98.4834 0
1556 63.27 98.3786 0
1557 66.7497 98.6863 0
1558 70.2123 98.4286 0
1559 73.8078 98.5899 0
1560 77.4262 98.4169 0
1561 81.0355 98.6048 0
1562 84.5076 98.507 0
1563 88.0039 98.6684 0
1564 91.5661 98.5499 0
1565 95.0905 98.6801 0
1566 98.6727 98.3829 0
1567 102.058 98.6684 0
1568 105.613 98.5479 0
1569 109.198 98.1858 0
1570 112.772 98.3325 0
1571 116.277 98.2207 0
1572 119.882 98.5215 0
1573 123.321 98.3616 0
1574 126.816 98.5113 0
1575 130.4 98.3657 0
1576 134.035 98.7582 0
1577 137.585 98.6309 0
1578 141.178 98.7021 0
1579 144.656 98.3452 0
1580 148.192 98.6322 0
1581 151.657 98.8441 0
1582 155.308 98.647 0
1583 158.802 98.3513 0
1584 162.235 98.2632 0
1585 -5.35814 101.294 0
1586 -1.79015 101.093 0
1587 1.7889 101.069 0
1588 5.26601 101.357 0
1589 8.78882 101.289 0
1590 12.4034 101.454 0
1591 15.8532 101.221 0
1592 19.454 101.526 0
1593 22.9084 101.196 0
1594 26.591 101.323 0
1595 30.0393 101.135 0
1596 33.6068 101.335 0
1597 37.0919 101.283 0
1598 40.5995 101.172 0
1599 44.1214 101.477 0
1600 47.5574 101.155 0
1601 51.1214 101.348 0
1602 54.7431 101.333 0
1603 58.1982 101.368 0
1604 61.5914 101.096 0
1605 65.1388 101.384 0
1606 68.6815 101.187 0
1607 72.2471 101.319 0
1608 75.8127 101.17 0
1609 79.4042 101.316 0
1610 82.8348 101.172 0
1611 86.3877 101.426 0
1612 89.8933 101.273 0
1613 93.4923 101.376 0
1614 97.0388 101.101 0
1615 100.493 101.453 0
1616 104.068 101.317 0
1617 107.632 100.995 0
1618 111.163 101.074 0
1619 114.653 100.952 0
1620 118.154 101.234 0
1621 121.734 101.057 0
1622 125.329 101.305 0
1623 128.785 101.129 0
1624 132.328 101.39 0
1625 135.967 101.292 0
1626 139.617 101.426 0
1627 143.172 101.232 0
1628 146.606 101.385 0
1629 150.087 101.576 0
1630 153.7 101.369 0
1631 157.263 101.066 0
1632 160.853 101.24 0
1633 -3.80833 104.109 0
1634 -0.140341 103.818 0
1635 3.35636 103.851 0
1636 6.80841 104.134 0
1637 10.3687 103.973 0
1638 13.9358 104.235 0
1639 17.5394 104.05 0
1640 21.0472 104.274 0
1641 24.5823 103.845 0
1642 28.076 104.114 0
1643 31.658 103.846 0
1644 35.1101 104.234 0
1645 38.6654 104.11 0
1646 42.1155 103.959 0
1647 45.6569 104.239 0
1648 49.2083 103.911 0
1649 52.7197 104.015 0
1650 56.2786 104.045 0
1651 59.7817 104.197 0
1652 63.2308 103.914 0
1653 66.7843 104.113 0
1654 70.4092 103.947 0
1655 73.9037 104.19 0
1656 77.4193 103.901 0
1657 80.8842 104.124 0
1658 84.4061 103.835 0
1659 87.9712 104.174 0
1660 91.622 103.927 0
1661 95.1604 104.175 0
1662 98.5895 103.991 0
1663 102.111 104.172 0
1664 105.75 103.965 0
1665 109.283 103.731 0
1666 112.776 103.928 0
1667 116.206 103.765 0
1668 119.826 103.962 0
1669 123.358 103.756 0
1670 126.833 104.047 0
1671 130.336 103.843 0
1672 133.95 104.044 0
1673 137.618 103.959 0
1674 141.152 104.234 0
1675 144.618 104.093 0
1676 148.135 104.228 0
1677 151.719 104.297 0
1678 155.285 104.072 0
1679 158.887 103.881 0
1680 162.251 104.052 0
1681 -5.41708 106.801 0
1682 -1.76134 106.569 0
1683 1.666 106.564 0
1684 5.20205 106.846 0
1685 8.6736 106.65 0
1686 12.2892 106.909 0
1687 15.8576 106.71 0
1688 19.4529 107.014 0
1689 23.0403 106.732 0
1690 26.4321 106.883 0
1691 29.9775 106.595 0
1692 33.4285 106.956 0
1693 36.9641 106.818 0
1694 40.5052 106.749 0
1695 44.0303 106.964 0
1696 47.6227 106.631 0
1697 51.1436 106.774 0
1698 54.6355 106.788 0
1699 58.2445 107.014 0
1700 61.7729 106.777 0
1701 65.2454 106.841 0
1702 68.7848 106.655 0
1703 72.2764 106.995 0
1704 75.8867 106.773 0
1705 79.3782 107.006 0
1706 82.9231 106.671 0
1707 86.3831 106.908 0
1708 90.0223 106.637 0
1709 93.58 106.965 0
1710 97.0751 106.771 0
1711 100.611 106.955 0
1712 104.122 106.728 0
1713 107.713 106.461 0
1714 111.302 106.697 0
1715 114.725 106.617 0
1716 118.195 106.819 0
1717 121.635 106.514 0
1718 125.207 106.788 0
1719 128.743 106.602 0
1720 132.3 106.782 0
1721 135.891 106.603 0
1722 139.464 106.969 0
1723 142.954 106.791 0
1724 146.553 106.926 0
1725 150.103 107.019 0
1726 153.723 106.755 0
1727 157.208 106.549 0
1728 160.723 106.955 0
1729 -3.71861 109.43 0
1730 -0.321466 109.528 0
1731 3.28558 109.292 0
1732 6.8048 109.732 0
1733 10.3328 109.404 0
1734 13.8475 109.737 0
1735 17.4594 109.502 0
1736 21.0799 109.645 0
1737 24.5594 109.494 0
1738 28.0648 109.741 0
1739 31.4729 109.438 0
1740 34.9713 109.784 0
1741 38.5948 109.657 0
1742 42.129 109.44 0
1743 45.6747 109.597 0
1744 49.1897 109.362 0
1745 52.6642 109.578 0
1746 56.2085 109.611 0
1747 59.9191 109.733 0
1748 63.4476 109.494 0
1749 66.8571 109.564 0
1750 70.3088 109.438 0
1751 73.8045 109.771 0
1752 77.4216 109.59 0
1753 81.0248 109.748 0
1754 84.5449 109.47 0
1755 88.0823 109.61 0
1756 91.599 109.363 0
1757 95.0954 109.718 0
1758 98.6647 109.504 0
1759 102.238 109.666 0
1760 105.769 109.487 0
1761 109.318 109.231 0
1762 112.823 109.556 0
1763 116.301 109.332 0
1764 119.782 109.622 0
1765 123.25 109.24 0
1766 126.824 109.539 0
1767 130.381 109.369 0
1768 133.887 109.49 0
1769 137.52 109.32 0
1770 141.05 109.726 0
1771 144.629 109.494 0
1772 148.161 109.685 0
1773 151.772 109.681 0
1774 155.339 109.636 0
1775 158.764 109.424 0
1776 162.27 109.712 0
1777 -5.35368 112.18 0
1778 -1.83227 112.357 0
1779 1.68692 112.054 0
1780 5.18317 112.492 0
1781 8.73521 112.185 0
1782 12.2259 112.388 0
1783 15.8105 112.245 0
1784 19.4047 112.368 0
1785 22.9073 112.195 0
1786 26.452 112.505 0
1787 29.8948 112.256 0
1788 33.3652 112.499 0
1789 36.9475 112.282 0
1790 40.5586 112.157 0
1791 44.0497 112.335 0
1792 47.6151 112.086 0
1793 51.1024 112.449 0
1794 54.5965 112.291 0
1795 58.3046 112.413 0
1796 61.891 112.225 0
1797 65.3454 112.457 0
1798 68.7624 112.308 0
1799 72.1822 112.464 0
1800 75.712 112.286 0
1801 79.3968 112.432 0
1802 82.9946 112.202 0
1803 86.4939 112.379 0
1804 89.9828 112.108 0
1805 93.4238 112.494 0
1806 97.0318 112.267 0
1807 100.532 112.288 0
1808 104.171 112.151 0
1809 107.697 111.979 0
1810 111.155 112.279 0
1811 114.688 112.063 0
1812 118.195 112.36 0
1813 121.786 112.061 0
1814 125.234 112.204 0
1815 128.821 112.146 0
1816 132.367 112.325 0
1817 135.847 111.963 0
1818 139.404 112.422 0
1819 142.982 112.21 0
1820 146.504 112.294 0
1821 150.049 112.326 0
1822 153.708 112.337 0
1823 157.226 112.175 0
1824 160.669 112.406 0
1825 -3.67327 114.896 0
1826 -0.210426 115.107 0
1827 3.25635 114.958 0
1828 6.7956 115.145 0
1829 10.3761 114.901 0
1830 13.8454 115.131 0
1831 17.3991 114.962 0
1832 20.9431 115.129 0
1833 24.4749 114.979 0
1834 28.0183 115.231 0
1835 31.5036 115.036 0
1836 34.9956 115.235 0
1837 38.5672 115.024 0
1838 42.1535 114.866 0
1839 45.6548 115.105 0
1840 49.1687 114.979 0
1841 52.6975 115.128 0
1842 56.3709 114.861 0
1843 59.882 115.18 0
1844 63.3477 115.021 0
1845 66.8947 115.225 0
1846 70.2394 115.094 0
1847 73.8466 115.225 0
1848 77.4319 114.923 0
1849 80.9928 115.129 0
1850 84.5246 114.941 0
1851 88.0203 115.186 0
1852 91.5028 114.995 0
1853 95.0635 115.257 0
1854 98.5777 115.033 0
1855 102.224 114.912 0
1856 105.719 114.92 0
1857 109.214 114.801 0
1858 112.717 114.975 0
1859 116.252 114.879 0
1860 119.851 115.151 0
1861 123.368 114.825 0
1862 126.878 114.886 0
1863 130.463 114.823 0
1864 133.947 115.145 0
1865 137.44 114.926 0
1866 140.972 115.148 0
1867 144.55 114.921 0
1868 148.052 115.071 0
1869 151.713 114.95 0
1870 155.305 115.073 0
1871 158.793 114.958 0
1872 162.303 115.17 0
1873 -5.29125 117.652 0
1874 -1.81768 117.919 0
1875 1.68698 117.664 0
1876 5.17381 117.944 0
1877 8.76394 117.68 0
1878 12.3072 117.965 0
1879 15.8626 117.681 0
1880 19.3948 117.987 0
1881 22.8713 117.665 0
1882 26.3822 117.953 0
1883 29.941 117.826 0
1884 33.4939 118.009 0
1885 36.9916 117.675 0
1886 40.5667 117.69 0
1887 44.0911 117.952 0
1888 47.5453 117.678 0
1889 51.0713 117.93 0
1890 54.6536 117.594 0
1891 58.1678 117.95 0
1892 61.7511 117.75 0
1893 65.2732 117.934 0
1894 68.8375 118.07 0
1895 72.3574 117.999 0
1896 75.8506 117.647 0
1897 79.4096 117.867 0
1898 82.8752 117.703 0
1899 86.4166 117.988 0
1900 89.9027 117.76 0
1901 93.4432 118.024 0
1902 97.0971 117.758 0
1903 100.619 117.631 0
1904 104.124 117.698 0
1905 107.588 117.613 0
1906 111.176 117.867 0
1907 114.652 117.537 0
1908 118.211 117.811 0
1909 121.84 117.645 0
1910 125.298 117.734 0
1911 128.747 117.562 0
1912 132.297 117.882 0
1913 135.876 117.736 0
1914 139.403 117.892 0
1915 142.911 117.601 0
1916 146.469 117.763 0
1917 150.037 117.627 0
1918 153.674 117.81 0
1919 157.183 117.638 0
1920 160.748 117.869 0
1921 -3.76693 120.432 0
1922 -0.293912 120.757 0
1923 3.21159 120.538 0
1924 6.76607 120.742 0
1925 10.3241 120.432 0
1926 13.9064 120.64 0
1927 17.4335 120.394 0
1928 20.9231 120.772 0
1929 24.4211 120.49 0
1930 28.0032 120.788 0
1931 31.5577 120.57 0
1932 35.1306 120.82 0
1933 38.619 120.372 0
1934 42.1611 120.436 0
1935 45.69 120.711 0
1936 49.1199 120.425 0
1937 52.6509 120.687 0
1938 56.1607 120.401 0
1939 59.757 120.701 0
1940 63.2757 120.566 0
1941 66.9687 120.681 0
1942 70.5681 120.687 0
1943 74.0017 120.717 0
1944 77.4447 120.397 0
1945 80.9812 120.682 0
1946 84.4872 120.479 0
1947 88.0015 120.827 0
1948 91.5156 120.522 0
1949 95.1297 120.773 0
1950 98.6253 120.615 0
1951 102.154 120.45 0
1952 105.675 120.461 0
1953 109.213 120.31 0
1954 112.789 120.587 0
1955 116.299 120.268 0
1956 119.854 120.562 0
1957 123.351 120.471 0
1958 126.841 120.626 0
1959 130.363 120.306 0
1960 133.93 120.54 0
1961 137.516 120.461 0
1962 141.009 120.633 0
1963 144.494 120.394 0
1964 147.929 120.713 0
1965 151.62 120.509 0
1966 155.202 120.662 0
1967 158.754 120.419 0
1968 162.274 120.763 0
1969 -5.40976 123.309 0
1970 -1.89633 123.528 0
1971 1.66675 123.315 0
1972 5.21677 123.501 0
1973 8.72415 123.199 0
1974 12.2989 123.333 0
1975 15.8113 123.157 0
1976 19.2835 123.492 0
1977 22.8244 123.238 0
1978 26.4386 123.496 0
1979 30.0008 123.314 0
1980 33.574 123.605 0
1981 37.1049 123.248 0
1982 40.4719 123.213 0
1983 43.9722 123.444 0
1984 47.5488 123.298 0
1985 51.0741 123.48 0
1986 54.5533 123.195 0
1987 58.0557 123.372 0
1988 61.6949 123.318 0
1989 65.3493 123.472 0
1990 68.9056 123.312 0
1991 72.4746 123.53 0
1992 75.9629 123.245 0
1993 79.4519 123.365 0
1994 82.9406 123.246 0
1995 86.4189 123.573 0
1996 89.9425 123.353 0
1997 93.5171 123.467 0
1998 97.0416 123.309 0
1999 100.612 123.376 0
2000 104.127 123.263 0
2001 107.582 123.011 0
2002 111.191 123.338 0
2003 114.677 123.117 0
2004 118.156 123.307 0
2005 121.7 123.193 0
2006 125.252 123.362 0
2007 128.801 123.102 0
2008 132.329 123.209 0
2009 135.874 123.129 0
2010 139.408 123.42 0
2011 142.882 123.201 0
2012 146.375 123.509 0
2013 149.949 123.161 0
2014 153.507 123.415 0
2015 157.079 123.181 0
2016 160.688 123.546 0
2017 -3.75798 126.066 0
2018 -0.212365 126.171 0
2019 3.33923 126.04 0
2020 6.88841 126.269 0
2021 10.3886 125.848 0
2022 13.9192 126.085 0
2023 17.3952 125.949 0
2024 20.9047 126.244 0
2025 24.4939 125.966 0
2026 27.9973 126.287 0
2027 31.5762 126.052 0
2028 35.0697 126.423 0
2029 38.5454 126.202 0
2030 42.0135 126.056 0
2031 45.5866 126.234 0
2032 49.1781 126.032 0
2033 52.6846 126.26 0
2034 56.1388 125.977 0
2035 59.648 126.032 0
2036 63.3725 126.004 0
2037 66.9062 126.196 0
2038 70.4498 125.986 0
2039 73.9551 126.258 0
2040 77.4911 126.037 0
2041 80.9846 126.23 0
2042 84.4763 126.059 0
2043 87.9998 126.329 0
2044 91.5527 126.077 0
2045 95.0444 126.298 0
2046 98.6642 126.034 0
2047 102.182 126.15 0
2048 105.712 126.05 0
2049 109.213 125.771 0
2050 112.779 126.134 0
2051 116.286 125.882 0
2052 119.743 125.998 0
2053 123.304 125.919 0
2054 126.912 126.045 0
2055 130.435 125.804 0
2056 133.988 125.833 0
2057 137.479 126.027 0
2058 140.993 126.2 0
2059 144.453 126.043 0
2060 148.029 126.219 0
2061 151.553 125.938 0
2062 155.044 126.171 0
2063 158.596 125.952 0
2064 162.283 126.272 0
2065 -5.40378 128.837 0
2066 -1.76274 128.976 0
2067 1.71192 128.729 0
2068 5.30138 128.963 0
2069 8.83199 128.688 0
2070 12.334 128.841 0
2071 15.8578 128.741 0
2072 19.3239 128.983 0
2073 22.8364 128.735 0
2074 26.3647 129.036 0
2075 29.8442 128.749 0
2076 33.3318 129.045 0
2077 36.9992 129.011 0
2078 40.4916 128.795 0
2079 43.9926 129 0
2080 47.4988 128.716 0
2081 51.1426 128.999 0
2082 54.6582 128.789 0
2083 58.1671 128.839 0
2084 61.5949 128.654 0
2085 65.2774 128.908 0
2086 68.7784 128.742 0
2087 72.2875 128.938 0
2088 75.8121 128.778 0
2089 79.3415 128.942 0
2090 82.8752 128.801 0
2091 86.3763 129.064 0
2092 89.9429 128.798 0
2093 93.4523 128.974 0
2094 97.0274 128.793 0
2095 100.533 129.009 0
2096 104.057 128.765 0
2097 107.609 128.551 0
2098 111.045 128.886 0
2099 114.684 128.601 0
2100 118.224 128.75 0
2101 121.691 128.614 0
2102 125.277 128.825 0
2103 128.859 128.673 0
2104 132.375 128.604 0
2105 135.923 128.765 0
2106 139.431 128.991 0
2107 142.908 128.856 0
2108 146.452 128.972 0
2109 150.001 128.724 0
2110 153.458 128.96 0
2111 156.956 128.682 0
2112 160.58 128.847 0
2113 -3.75752 131.472 0
2114 -0.198875 131.722 0
2115 3.26652 131.472 0
2116 6.82105 131.761 0
2117 10.4375 131.495 0
2118 13.9967 131.551 0
2119 17.4423 131.522 0
2120 20.9311 131.798 0
2121 24.4572 131.5 0
2122 27.9322 131.859 0
2123 31.3869 131.483 0
2124 35.0038 131.681 0
2125 38.5889 131.713 0
2126 42.0798 131.497 0
2127 45.6679 131.675 0
2128 49.1544 131.436 0
2129 52.7201 131.724 0
2130 56.277 131.51 0
2131 59.7683 131.676 0
2132 63.2057 131.389 0
2133 66.7281 131.677 0
2134 70.3141 131.527 0
2135 73.8911 131.628 0
2136 77.4139 131.513 0
2137 80.889 131.728 0
2138 84.4859 131.529 0
2139 88.0965 131.754 0
2140 91.6072 131.544 0
2141 95.0664 131.802 0
2142 98.6106 131.586 0
2143 102.136 131.73 0
2144 105.579 131.653 0
2145 109.127 131.398 0
2146 112.714 131.572 0
2147 116.283 131.254 0
2148 119.801 131.53 0
2149 123.393 131.337 0
2150 126.916 131.659 0
2151 130.461 131.45 0
2152 134.022 131.285 0
2153 137.564 131.488 0
2154 140.962 131.78 0
2155 144.538 131.547 0
2156 148.041 131.694 0
2157 151.551 131.549 0
2158 154.987 131.669 0
2159 158.554 131.442 0
2160 162.162 131.667 0
2161 -5.45358 134.154 0
2162 -1.86635 134.449 0
2163 1.67924 134.206 0
2164 5.21593 134.428 0
2165 8.80061 134.213 0
2166 12.3974 134.459 0
2167 15.8645 134.306 0
2168 19.3463 134.596 0
2169 22.8896 134.364 0
2170 26.323 134.64 0
2171 29.8599 134.307 0
2172 33.3393 134.354 0
2173 36.9024 134.44 0
2174 40.482 134.141 0
2175 44.0539 134.317 0
2176 47.6078 134.166 0
2177 51.0656 134.431 0
2178 54.6261 134.211 0
2179 58.195 134.43 0
2180 61.698 134.238 0
2181 65.13 134.38 0
2182 68.6593 134.174 0
2183 72.2775 134.353 0
2184 75.8464 134.227 0
2185 79.3437 134.474 0
2186 82.8996 134.256 0
2187 86.4834 134.457 0
2188 90.0047 134.305 0
2189 93.5179 134.611 0
2190 97.027 134.297 0
2191 100.528 134.383 0
2192 104.038 134.414 0
2193 107.577 134.078 0
2194 111.108 134.316 0
2195 114.7 134.049 0
2196 118.292 134.269 0
2197 121.854 134.092 0
2198 125.412 134.451 0
2199 128.889 134.133 0
2200 132.475 134.209 0
2201 135.954 134.235 0
2202 139.413 134.586 0
2203 142.929 134.27 0
2204 146.442 134.471 0
2205 149.848 134.214 0
2206 153.461 134.56 0
2207 156.922 134.156 0
2208 160.512 134.372 0
2209 -3.86105 136.935 0
2210 -0.346139 137.234 0
2211 3.2433 136.942 0
2212 6.86852 137.108 0
2213 10.4535 136.972 0
2214 13.8954 137.306 0
2215 17.3848 137.104 0
2216 20.9006 137.362 0
2217 24.3486 137.149 0
2218 27.9363 137.354 0
2219 31.3871 137.148 0
2220 35.0234 136.957 0
2221 38.5349 137.171 0
2222 42.1084 136.842 0
2223 45.6013 137.121 0
2224 49.1803 137.012 0
2225 52.7162 137.171 0
2226 56.2431 136.853 0
2227 59.7862 137.27 0
2228 63.294 137.044 0
2229 66.7914 137.09 0
2230 70.2872 136.87 0
2231 73.8756 137.072 0
2232 77.3833 136.98 0
2233 80.9907 137.266 0
2234 84.5228 137.015 0
2235 88.0305 137.343 0
2236 91.5492 137.124 0
2237 95.0913 137.353 0
2238 98.6078 136.991 0
2239 102.009 137.229 0
2240 105.611 137.105 0
2241 109.242 136.838 0
2242 112.724 136.998 0
2243 116.281 136.755 0
2244 119.929 136.918 0
2245 123.514 136.979 0
2246 127.068 137.189 0
2247 130.547 136.911 0
2248 133.924 137.076 0
2249 137.478 137.139 0
2250 141.114 137.282 0
2251 144.59 137.02 0
2252 148.068 137.288 0
2253 151.449 136.987 0
2254 155.051 137.276 0
2255 158.567 136.937 0
2256 162.138 137.109 0
2257 -5.52109 139.701 0
2258 -2.00296 139.939 0
2259 1.54443 139.717 0
2260 5.21671 139.827 0
2261 8.76352 139.675 0
2262 12.2568 140.109 0
2263 15.8157 139.93 0
2264 19.2673 140.153 0
2265 22.8011 139.942 0
2266 26.3023 140.126 0
2267 29.7781 139.875 0
2268 33.3049 139.648 0
2269 36.9224 139.967 0
2270 40.4981 139.629 0
2271 43.9881 139.867 0
2272 47.5272 139.695 0
2273 51.184 139.975 0
2274 54.6664 139.596 0
2275 58.0852 139.912 0
2276 61.6548 139.808 0
2277 65.2877 139.974 0
2278 68.7666 139.699 0
2279 72.2596 139.885 0
2280 75.7861 139.655 0
2281 79.3246 139.973 0
2282 82.9033 139.688 0
2283 86.4566 140.081 0
2284 90.0389 139.994 0
2285 93.4583 140.055 0
2286 97.03 139.84 0
2287 100.552 140.12 0
2288 104.002 139.865 0
2289 107.578 139.532 0
2290 111.117 139.714 0
2291 114.698 139.504 0
2292 118.253 139.624 0
2293 121.891 139.636 0
2294 125.409 140.012 0
2295 128.941 139.735 0
2296 132.358 139.888 0
2297 135.783 139.82 0
2298 139.473 139.9 0
2299 142.994 139.732 0
2300 146.495 140.021 0
2301 149.988 139.809 0
2302 153.438 140.056 0
2303 157.034 139.702 0
2304 160.643 139.853 0
2305 -3.86731 142.483 0
2306 -0.30783 142.721 0
2307 3.29269 142.381 0
2308 6.80859 142.569 0
2309 10.3011 142.539 0
2310 13.8154 142.874 0
2311 17.3147 142.659 0
2312 20.8594 142.903 0
2313 24.3606 142.694 0
2314 27.8283 142.918 0
2315 31.382 142.631 0
2316 34.9455 142.39 0
2317 38.5198 142.676 0
2318 42.1108 142.398 0
2319 45.564 142.682 0
2320 49.1778 142.479 0
2321 52.6721 142.7 0
2322 56.1453 142.468 0
2323 59.6797 142.686 0
2324 63.3145 142.492 0
2325 66.8938 142.711 0
2326 70.3658 142.366 0
2327 73.8176 142.69 0
2328 77.3716 142.425 0
2329 80.9197 142.754 0
2330 84.4422 142.572 0
2331 87.9838 142.939 0
2332 91.5633 142.804 0
2333 95.089 142.754 0
2334 98.5709 142.581 0
2335 102.081 142.842 0
2336 105.617 142.649 0
2337 109.214 142.318 0
2338 112.726 142.506 0
2339 116.272 142.176 0
2340 119.923 142.237 0
2341 123.444 142.459 0
2342 127.005 142.822 0
2343 130.408 142.559 0
2344 133.88 142.727 0
2345 137.597 142.387 0
2346 141.088 142.679 0
2347 144.619 142.506 0
2348 148.083 142.789 0
2349 151.609 142.569 0
2350 155.084 142.812 0
2351 158.685 142.508 0
2352 162.147 142.685 0
2353 -5.43827 145.217 0
2354 -1.87857 145.482 0
2355 1.72571 145.148 0
2356 5.31606 145.332 0
2357 8.70119 145.317 0
2358 12.2128 145.602 0
2359 15.7182 145.391 0
2360 19.2295 145.708 0
2361 22.7856 145.494 0
2362 26.2643 145.702 0
2363 29.7565 145.446 0
2364 33.333 145.093 0
2365 36.9084 145.336 0
2366 40.5244 145.129 0
2367 44.0372 145.439 0
2368 47.5196 145.152 0
2369 51.1175 145.484 0
2370 54.5977 145.285 0
2371 58.1428 145.504 0
2372 61.6754 145.22 0
2373 65.2841 145.466 0
2374 68.7746 145.27 0
2375 72.228 145.469 0
2376 75.7098 145.169 0
2377 79.368 145.487 0
2378 82.8818 145.286 0
2379 86.3825 145.62 0
2380 89.8848 145.422 0
2381 93.4435 145.514 0
2382 96.9446 145.314 0
2383 100.446 145.551 0
2384 103.999 145.407 0
2385 107.587 145.117 0
2386 111.178 145.287 0
2387 114.698 145.014 0
2388 118.217 144.875 0
2389 121.848 145.169 0
2390 125.378 145.592 0
2391 128.882 145.359 0
2392 132.391 145.587 0
2393 135.974 145.16 0
2394 139.443 145.524 0
2395 142.99 145.211 0
2396 146.47 145.515 0
2397 150.014 145.31 0
2398 153.534 145.57 0
2399 156.991 145.244 0
2400 160.583 145.429 0
2401 -3.81931 147.882 0
2402 -0.209206 148.209 0
2403 3.23052 147.901 0
2404 6.74014 148.327 0
2405 10.2683 148.12 0
2406 13.7845 148.368 0
2407 17.3109 148.164 0
2408 20.8217 148.452 0
2409 24.3485 148.194 0
2410 27.8759 148.304 0
2411 31.4556 148.054 0
2412 34.9696 147.81 0
2413 38.5997 147.988 0
2414 42.1157 147.918 0
2415 45.667 148.199 0
2416 49.2184 147.972 0
2417 52.7075 148.283 0
2418 56.2201 148.027 0
2419 59.7403 148.244 0
2420 63.3147 147.944 0
2421 66.9406 148.352 0
2422 70.3988 148.04 0
2423 73.8599 148.18 0
2424 77.3686 147.938 0
2425 80.8978 148.313 0
2426 84.4184 148.096 0
2427 87.9373 148.443 0
2428 91.4865 148.097 0
2429 94.9379 148.285 0
2430 98.4932 148.07 0
2431 101.991 148.351 0
2432 105.686 148.067 0
2433 109.268 147.801 0
2434 112.789 148.005 0
2435 116.228 147.808 0
2436 119.816 147.639 0
2437 123.35 148.029 0
2438 126.993 148.354 0
2439 130.475 148.107 0
2440 134.064 148.227 0
2441 137.529 148.037 0
2442 141.1 148.24 0
2443 144.586 148.1 0
2444 147.979 148.217 0
2445 151.609 148.064 0
2446 155.099 148.343 0
2447 158.578 147.944 0
2448 162.182 148.154 0
2449 -5.43247 150.714 0
2450 -1.85615 150.907 0
2451 1.65443 150.683 0
2452 5.10423 151.046 0
2453 8.65746 150.853 0
2454 12.2011 151.075 0
2455 15.7187 150.945 0
2456 19.2228 151.173 0
2457 22.7475 150.963 0
2458 26.3194 151.076 0
2459 29.7826 150.788 0
2460 33.4797 150.527 0
2461 36.9728 150.632 0
2462 40.5712 150.671 0
2463 44.0617 150.972 0
2464 47.6012 150.691 0
2465 51.0608 150.975 0
2466 54.6815 150.809 0
2467 58.1089 150.972 0
2468 61.7194 150.68 0
2469 65.2495 151.052 0
2470 68.8584 150.918 0
2471 72.356 151.096 0
2472 75.8234 150.77 0
2473 79.3303 151.103 0
2474 82.8059 150.838 0
2475 86.3648 151.167 0
2476 89.8559 150.9 0
2477 93.3831 151.14 0
2478 96.8934 150.839 0
2479 100.424 151.096 0
2480 104.03 150.815 0
2481 107.595 150.488 0
2482 111.253 150.682 0
2483 114.742 150.627 0
2484 118.216 150.396 0
2485 121.691 150.689 0
2486 125.327 151.061 0
2487 128.91 150.888 0
2488 132.385 150.855 0
2489 135.955 150.8 0
2490 139.574 151.113 0
2491 143.113 150.832 0
2492 146.498 151.078 0
2493 149.988 150.811 0
2494 153.489 151.054 0
2495 157.063 150.801 0
2496 160.498 150.83 0
