# Time-averaged data for fix 3
# TimeStep Number-of-rows
# Row c_center[1] c_center[2] c_center[3]
6000 2496
1 -3.83938 10.2666 0
2 -0.347801 10.589 0
3 3.18615 10.2609 0
4 6.6953 10.5011 0
5 10.3947 10.2412 0
6 13.9108 10.56 0
7 17.3779 10.2954 0
8 20.9482 10.4671 0
9 24.4447 10.2235 0
10 28.0318 10.5043 0
11 31.5312 10.2928 0
12 34.9842 10.4989 0
13 38.5583 10.179 0
14 42.0728 10.2414 0
15 45.5959 10.3255 0
16 49.135 10.144 0
17 52.6847 10.4853 0
18 56.1424 10.4337 0
19 59.6946 10.5324 0
20 63.3028 10.4723 0
21 66.7991 10.7672 0
22 70.3157 10.3757 0
23 73.8472 10.5162 0
24 77.3476 10.1894 0
25 80.8749 10.3656 0
26 84.3521 10.1069 0
27 87.9197 10.2542 0
28 91.4305 10.2628 0
29 95.055 10.4598 0
30 98.5911 10.3225 0
31 102.162 10.449 0
32 105.809 10.3002 0
33 109.321 10.0983 0
34 112.807 10.3545 0
35 116.256 10.0208 0
36 119.78 10.3021 0
37 123.38 10.0485 0
38 126.934 10.2254 0
39 130.531 10.027 0
40 133.96 10.2577 0
41 137.372 9.85866 0
42 141.045 10.0935 0
43 144.535 9.89499 0
44 148.134 10.1888 0
45 151.593 9.94082 0
46 155.1 10.1627 0
47 158.729 9.98803 0
48 162.195 10.1036 0
49 -5.42059 13.1345 0
50 -1.91182 13.3482 0
51 1.56311 13.0568 0
52 5.10407 13.2528 0
53 8.66276 12.9407 0
54 12.2764 13.1981 0
55 15.8765 13.1273 0
56 19.3323 13.2458 0
57 22.9363 13.0216 0
58 26.4278 13.2713 0
59 29.9535 13.0484 0
60 33.4799 13.3041 0
61 36.9495 12.9469 0
62 40.5422 13.065 0
63 44.037 13.0488 0
64 47.5557 12.9208 0
65 51.0186 13.2236 0
66 54.4802 13.107 0
67 58.1149 13.3538 0
68 61.6063 13.2154 0
69 65.1951 13.4398 0
70 68.7955 13.2437 0
71 72.3738 13.249 0
72 75.8385 13.1006 0
73 79.3033 13.1832 0
74 82.9129 12.9145 0
75 86.4113 13.0935 0
76 89.8518 12.979 0
77 93.4622 13.1956 0
78 97.0094 13.056 0
79 100.581 13.2231 0
80 104.146 12.9582 0
81 107.679 12.8712 0
82 111.223 13.104 0
83 114.779 12.8182 0
84 118.214 12.9803 0
85 121.796 12.7347 0
86 125.349 13.0576 0
87 128.826 12.7653 0
88 132.398 13.0414 0
89 135.898 12.7329 0
90 139.369 12.8345 0
91 143.028 12.6846 0
92 146.583 12.9766 0
93 150.122 12.7853 0
94 153.544 12.9079 0
95 157.058 12.6657 0
96 160.703 12.9682 0
97 -3.77626 15.8455 0
98 -0.315728 16.0783 0
99 3.16972 15.7352 0
100 6.77329 15.9935 0
101 10.2812 15.6247 0
102 13.8307 15.9166 0
103 17.448 15.9764 0
104 20.9779 16.0332 0
105 24.5732 15.8054 0
106 28.0268 15.9633 0
107 31.5982 15.725 0
108 35.1238 15.9543 0
109 38.7164 15.6569 0
110 42.1765 15.6903 0
111 45.5835 15.798 0
112 49.0714 15.7265 0
113 52.5936 16.0441 0
114 56.0874 15.849 0
115 59.7 16.0907 0
116 63.2768 15.9556 0
117 66.8143 16.1346 0
118 70.5205 15.9544 0
119 73.9389 16.074 0
120 77.485 15.7866 0
121 81.0187 15.8099 0
122 84.5432 15.6823 0
123 87.9909 15.9374 0
124 91.5268 15.6831 0
125 95.0948 15.9341 0
126 98.7177 15.6695 0
127 102.207 15.9375 0
128 105.698 15.7055 0
129 109.297 15.5435 0
130 112.815 15.8015 0
131 116.387 15.5694 0
132 119.826 15.8955 0
133 123.345 15.4926 0
134 126.947 15.8029 0
135 130.497 15.5443 0
136 133.999 15.7722 0
137 137.482 15.5114 0
138 140.96 15.6211 0
139 144.527 15.5153 0
140 148.158 15.7389 0
141 151.658 15.568 0
142 155.109 15.725 0
143 158.653 15.4894 0
144 162.246 15.7709 0
145 -5.34847 18.6208 0
146 -1.86763 18.8207 0
147 1.6657 18.5622 0
148 5.1748 18.851 0
149 8.72874 18.4899 0
150 12.2194 18.7178 0
151 15.7474 18.5554 0
152 19.3615 18.7612 0
153 22.964 18.5251 0
154 26.5376 18.752 0
155 29.9781 18.367 0
156 33.4786 18.6909 0
157 37.1008 18.4156 0
158 40.6591 18.5585 0
159 44.1042 18.6597 0
160 47.4724 18.4772 0
161 50.9853 18.7377 0
162 54.4905 18.5401 0
163 58.0742 18.8112 0
164 61.6238 18.5941 0
165 65.1974 18.9081 0
166 68.7707 18.611 0
167 72.3821 18.8304 0
168 75.9196 18.5282 0
169 79.3993 18.8018 0
170 82.9415 18.5095 0
171 86.4719 18.7747 0
172 89.962 18.4005 0
173 93.4773 18.6727 0
174 97.0287 18.3914 0
175 100.586 18.738 0
176 104.115 18.4679 0
177 107.62 18.267 0
178 111.209 18.5778 0
179 114.657 18.2761 0
180 118.269 18.6261 0
181 121.78 18.3257 0
182 125.34 18.4843 0
183 128.933 18.2629 0
184 132.42 18.5682 0
185 135.958 18.3412 0
186 139.487 18.5453 0
187 142.934 18.2146 0
188 146.438 18.4506 0
189 150.019 18.3096 0
190 153.515 18.5089 0
191 157.058 18.3619 0
192 160.649 18.5128 0
193 -3.86535 21.3376 0
194 -0.298996 21.5656 0
195 3.2818 21.4 0
196 6.92562 21.5041 0
197 10.331 21.1667 0
198 13.8591 21.4768 0
199 17.4184 21.2274 0
200 20.9774 21.471 0
201 24.5623 21.2438 0
202 28.0854 21.5003 0
203 31.5663 21.1962 0
204 35.1236 21.3985 0
205 38.6642 21.2155 0
206 42.1749 21.3431 0
207 45.6386 21.5324 0
208 49.1085 21.2678 0
209 52.6071 21.4815 0
210 56.1161 21.2736 0
211 59.7033 21.5929 0
212 63.1954 21.3751 0
213 66.7348 21.692 0
214 70.482 21.3293 0
215 73.9401 21.5911 0
216 77.4378 21.3241 0
217 80.9916 21.547 0
218 84.5132 21.2777 0
219 88.1102 21.5202 0
220 91.5445 21.2477 0
221 95.0898 21.5199 0
222 98.6627 21.1581 0
223 102.196 21.4161 0
224 105.697 21.3091 0
225 109.204 21.0088 0
226 112.752 21.3357 0
227 116.242 21.0572 0
228 119.873 21.3307 0
229 123.408 20.9616 0
230 126.962 21.2391 0
231 130.445 21.0543 0
232 134.064 21.3182 0
233 137.561 21.0605 0
234 141.144 21.2826 0
235 144.619 20.9634 0
236 147.988 21.2328 0
237 151.578 21.0128 0
238 155.181 21.1701 0
239 158.725 21.0004 0
240 162.117 21.3223 0
241 -5.60332 23.9546 0
242 -2.03404 24.1813 0
243 1.69742 24.0336 0
244 5.27508 24.2791 0
245 8.82184 24.1224 0
246 12.2136 24.1751 0
247 15.7979 23.9333 0
248 19.3495 24.2254 0
249 22.9189 23.9778 0
250 26.4197 24.1571 0
251 29.9806 24.0223 0
252 33.5923 24.2531 0
253 37.0369 23.9324 0
254 40.5935 24.0997 0
255 44.0483 24.4145 0
256 47.5654 24.0249 0
257 51.0825 24.3004 0
258 54.5518 24.0881 0
259 58.0527 24.3946 0
260 61.568 24.0796 0
261 65.1721 24.3711 0
262 68.823 24.0427 0
263 72.3851 24.3199 0
264 75.8478 24.0694 0
265 79.3974 24.2454 0
266 82.9555 24.048 0
267 86.488 24.2357 0
268 89.957 24.102 0
269 93.4784 24.2749 0
270 97.0728 23.9013 0
271 100.618 24.1858 0
272 104.093 24.1004 0
273 107.559 23.8076 0
274 111.063 24.0659 0
275 114.696 23.7999 0
276 118.23 24.0467 0
277 121.843 23.8752 0
278 125.352 24.015 0
279 128.86 23.8373 0
280 132.39 23.9819 0
281 135.953 23.9024 0
282 139.501 24.0344 0
283 143.044 23.7916 0
284 146.42 24.181 0
285 149.909 23.8464 0
286 153.577 23.9539 0
287 157.117 23.7063 0
288 160.531 24.1651 0
289 -4.0084 26.6677 0
290 -0.380207 26.9029 0
291 3.20168 26.82 0
292 6.80855 27.1231 0
293 10.3139 26.9827 0
294 13.8317 26.9954 0
295 17.3186 26.7922 0
296 20.9573 26.9707 0
297 24.4369 26.8013 0
298 28.0425 27.0128 0
299 31.5661 26.7274 0
300 35.1757 26.9944 0
301 38.6519 26.7476 0
302 42.1905 26.946 0
303 45.6858 27.2241 0
304 49.1652 26.8478 0
305 52.6135 27.0866 0
306 56.1036 26.8935 0
307 59.6701 27.141 0
308 63.2785 26.8155 0
309 66.9202 27.0205 0
310 70.3729 26.8151 0
311 73.9261 27.1141 0
312 77.4161 26.8123 0
313 80.9412 27.019 0
314 84.5496 26.7631 0
315 88.0514 27.041 0
316 91.5409 26.8205 0
317 95.178 27.0051 0
318 98.6586 26.74 0
319 102.127 27.0668 0
320 105.686 26.8461 0
321 109.132 26.5956 0
322 112.74 26.8089 0
323 116.36 26.545 0
324 119.831 26.7912 0
325 123.39 26.5455 0
326 126.931 26.7679 0
327 130.484 26.5758 0
328 133.984 26.7305 0
329 137.611 26.5478 0
330 141.054 26.8213 0
331 144.479 26.71 0
332 147.994 26.8389 0
333 151.581 26.5186 0
334 155.159 26.753 0
335 158.505 26.6129 0
336 162.067 26.9175 0
337 -5.54588 29.5287 0
338 -2.0333 29.5652 0
339 1.52526 29.4829 0
340 5.06084 29.7138 0
341 8.64737 29.6436 0
342 12.2214 29.688 0
343 15.7137 29.5892 0
344 19.2779 29.7876 0
345 22.9052 29.5334 0
346 26.4581 29.6881 0
347 29.9843 29.5484 0
348 33.5229 29.831 0
349 37.0737 29.5829 0
350 40.6376 29.6732 0
351 44.0784 29.9593 0
352 47.5942 29.6472 0
353 51.0984 29.8214 0
354 54.5131 29.6687 0
355 58.1229 29.9044 0
356 61.6818 29.6047 0
357 65.2234 29.7213 0
358 68.7848 29.536 0
359 72.2483 29.798 0
360 75.8332 29.5673 0
361 79.2559 29.7568 0
362 82.9231 29.5655 0
363 86.3995 29.779 0
364 89.9913 29.5151 0
365 93.4591 29.6258 0
366 97.0137 29.5139 0
367 100.525 29.8345 0
368 104.009 29.5843 0
369 107.555 29.2911 0
370 111.098 29.4946 0
371 114.738 29.2887 0
372 118.246 29.5224 0
373 121.789 29.2938 0
374 125.311 29.4295 0
375 128.818 29.225 0
376 132.39 29.5147 0
377 135.932 29.263 0
378 139.441 29.6121 0
379 142.863 29.406 0
380 146.442 29.5998 0
381 150.075 29.3073 0
382 153.497 29.5154 0
383 156.985 29.4387 0
384 160.504 29.588 0
385 -3.86794 32.1747 0
386 -0.447491 32.3429 0
387 3.10086 32.1685 0
388 6.63544 32.4471 0
389 10.2204 32.3436 0
390 13.8005 32.5039 0
391 17.334 32.3202 0
392 20.9244 32.4145 0
393 24.4526 32.3248 0
394 27.9913 32.48 0
395 31.5381 32.3229 0
396 35.0925 32.5786 0
397 38.6277 32.2568 0
398 42.1241 32.4586 0
399 45.6886 32.6584 0
400 49.1873 32.3718 0
401 52.6466 32.6692 0
402 56.1794 32.3729 0
403 59.7542 32.6145 0
404 63.278 32.3777 0
405 66.7957 32.4118 0
406 70.3228 32.2625 0
407 73.8417 32.5135 0
408 77.3327 32.3704 0
409 80.8981 32.4601 0
410 84.4748 32.4005 0
411 88.0379 32.479 0
412 91.5688 32.2547 0
413 95.0446 32.4612 0
414 98.5475 32.297 0
415 102.095 32.5458 0
416 105.631 32.2298 0
417 109.183 31.9511 0
418 112.677 32.1975 0
419 116.344 31.9673 0
420 119.87 32.3022 0
421 123.443 31.8994 0
422 126.949 32.2105 0
423 130.491 31.9993 0
424 133.98 32.2542 0
425 137.465 32.026 0
426 140.979 32.4386 0
427 144.486 32.0765 0
428 148.039 32.3509 0
429 151.509 32.1664 0
430 155.066 32.3018 0
431 158.621 32.2071 0
432 162.101 32.3301 0
433 -5.44224 34.9224 0
434 -1.90659 35.16 0
435 1.50608 34.9276 0
436 5.0952 35.2047 0
437 8.53227 35.0195 0
438 12.1698 35.1618 0
439 15.7454 35.0021 0
440 19.3302 35.1663 0
441 22.8009 34.9935 0
442 26.352 35.2201 0
443 29.8757 35.0566 0
444 33.4468 35.2827 0
445 37.0238 35.0377 0
446 40.4964 35.1994 0
447 44.0284 35.394 0
448 47.5653 35.1686 0
449 51.0366 35.4549 0
450 54.6116 35.2062 0
451 58.17 35.5429 0
452 61.6119 35.1415 0
453 65.2167 35.1705 0
454 68.7657 35.0212 0
455 72.2735 35.3631 0
456 75.7395 35.0174 0
457 79.3296 35.1532 0
458 82.8448 34.9845 0
459 86.3726 35.2006 0
460 89.932 34.984 0
461 93.4196 35.2752 0
462 96.8987 35.0688 0
463 100.461 35.1638 0
464 104.037 34.9392 0
465 107.563 34.6598 0
466 111.14 34.9153 0
467 114.673 34.6793 0
468 118.192 34.991 0
469 121.904 34.7179 0
470 125.342 34.9677 0
471 128.912 34.7427 0
472 132.382 35.0551 0
473 135.828 34.7809 0
474 139.346 35.0689 0
475 142.88 34.8693 0
476 146.364 35.0378 0
477 149.911 34.9036 0
478 153.46 35.09 0
479 157.036 34.9175 0
480 160.641 35.1922 0
481 -3.83419 37.683 0
482 -0.409721 38.0126 0
483 3.04166 37.6883 0
484 6.64692 38.0047 0
485 10.2832 37.6814 0
486 13.7593 37.9385 0
487 17.3229 37.7808 0
488 20.9022 38.0792 0
489 24.4429 37.6578 0
490 27.9228 37.9091 0
491 31.4698 37.717 0
492 35.0516 38.0809 0
493 38.5319 37.8456 0
494 42.101 37.9356 0
495 45.6238 38.1882 0
496 49.1044 38.0717 0
497 52.6736 38.1931 0
498 56.2124 38.0151 0
499 59.7938 38.2595 0
500 63.3244 37.8629 0
501 66.7418 38.065 0
502 70.2695 37.9221 0
503 73.9077 38.0943 0
504 77.3975 37.7245 0
505 80.8969 37.9629 0
506 84.4363 37.7305 0
507 87.8864 37.9785 0
508 91.434 37.7328 0
509 94.9043 38.0543 0
510 98.6006 37.7766 0
511 102.056 37.9134 0
512 105.638 37.7061 0
513 109.148 37.43 0
514 112.641 37.6663 0
515 116.259 37.4395 0
516 119.895 37.6499 0
517 123.483 37.6168 0
518 126.92 37.6996 0
519 130.427 37.562 0
520 133.948 37.7953 0
521 137.361 37.6106 0
522 140.935 37.7736 0
523 144.478 37.5881 0
524 148.017 37.7773 0
525 151.523 37.615 0
526 155.118 37.8299 0
527 158.575 37.6645 0
528 162.135 38.0199 0
529 -5.47992 40.4941 0
530 -1.97736 40.7376 0
531 1.57268 40.4469 0
532 5.14264 40.7393 0
533 8.63465 40.4425 0
534 12.268 40.6945 0
535 15.7632 40.5736 0
536 19.2962 40.7787 0
537 22.8471 40.5254 0
538 26.3049 40.7213 0
539 29.8581 40.4471 0
540 33.3577 40.7047 0
541 36.9876 40.6034 0
542 40.4813 40.7319 0
543 44.1125 40.9465 0
544 47.5783 40.8066 0
545 51.0595 41.0413 0
546 54.5644 40.7488 0
547 58.1041 40.8717 0
548 61.786 40.6753 0
549 65.1939 40.9286 0
550 68.6597 40.596 0
551 72.3215 40.7326 0
552 75.8637 40.6661 0
553 79.3517 40.7988 0
554 82.8005 40.4887 0
555 86.3667 40.7328 0
556 89.8287 40.5216 0
557 93.3642 40.7835 0
558 96.9978 40.5331 0
559 100.555 40.8065 0
560 104.038 40.4603 0
561 107.567 40.1507 0
562 111.027 40.3622 0
563 114.577 40.1533 0
564 118.195 40.3614 0
565 121.696 40.2555 0
566 125.368 40.5134 0
567 128.801 40.2867 0
568 132.313 40.5343 0
569 135.807 40.3868 0
570 139.327 40.5537 0
571 142.83 40.305 0
572 146.384 40.4674 0
573 149.862 40.255 0
574 153.41 40.4714 0
575 156.911 40.4513 0
576 160.429 40.7259 0
577 -3.83776 43.2593 0
578 -0.323181 43.4832 0
579 3.25359 43.2124 0
580 6.75779 43.5372 0
581 10.2705 43.1599 0
582 13.842 43.4627 0
583 17.4132 43.254 0
584 20.9336 43.5261 0
585 24.437 43.2487 0
586 28.0142 43.4208 0
587 31.4818 43.2608 0
588 35.1113 43.3932 0
589 38.6387 43.308 0
590 42.1152 43.459 0
591 45.669 43.7177 0
592 49.1066 43.6597 0
593 52.6705 43.7482 0
594 56.1598 43.4525 0
595 59.6946 43.659 0
596 63.2831 43.4319 0
597 66.8525 43.6345 0
598 70.3533 43.3022 0
599 73.9244 43.4738 0
600 77.5017 43.3046 0
601 81.0068 43.4845 0
602 84.4624 43.2668 0
603 87.9204 43.5587 0
604 91.4268 43.3171 0
605 95.0047 43.4671 0
606 98.591 43.3406 0
607 102.139 43.5009 0
608 105.696 43.2285 0
609 109.111 42.9481 0
610 112.631 43.1103 0
611 116.189 42.9368 0
612 119.737 43.2255 0
613 123.419 43.0763 0
614 126.92 43.2335 0
615 130.408 42.9768 0
616 133.87 43.2612 0
617 137.459 43.1123 0
618 140.926 43.2789 0
619 144.467 43.0282 0
620 147.908 43.217 0
621 151.412 43.0994 0
622 154.936 43.3305 0
623 158.45 43.2997 0
624 162.117 43.4889 0
625 -5.44783 45.9592 0
626 -1.92493 46.2063 0
627 1.58006 46.0306 0
628 5.15057 46.2711 0
629 8.73902 45.9823 0
630 12.1806 46.325 0
631 15.7158 46.0499 0
632 19.3196 46.2363 0
633 22.8453 45.9891 0
634 26.4136 46.215 0
635 29.8902 46.0032 0
636 33.5659 46.2859 0
637 37.0002 46.0084 0
638 40.558 46.2475 0
639 44.0582 46.4976 0
640 47.5404 46.3081 0
641 51.0827 46.403 0
642 54.6369 46.2643 0
643 58.1256 46.3374 0
644 61.6976 46.1965 0
645 65.3437 46.3915 0
646 68.8999 46.0601 0
647 72.3347 46.2623 0
648 75.8635 46.1254 0
649 79.4363 46.3415 0
650 82.89 46.0773 0
651 86.3153 46.3959 0
652 89.8481 46.0967 0
653 93.4232 46.2327 0
654 96.9639 46.0488 0
655 100.501 46.2046 0
656 104.089 45.9418 0
657 107.609 45.8223 0
658 111.117 45.9286 0
659 114.541 45.6729 0
660 118.048 45.8977 0
661 121.655 45.7437 0
662 125.248 45.9506 0
663 128.819 45.7248 0
664 132.286 46.0339 0
665 135.821 45.7978 0
666 139.342 46.1116 0
667 142.829 45.8536 0
668 146.393 46.1356 0
669 149.847 45.991 0
670 153.326 46.1399 0
671 157 46.0748 0
672 160.503 46.1735 0
673 -3.80413 48.7443 0
674 -0.442356 49.0624 0
675 3.08079 48.8066 0
676 6.70125 49.0002 0
677 10.2637 48.8434 0
678 13.7456 49.0872 0
679 17.2777 48.7464 0
680 20.831 48.9748 0
681 24.3998 48.8339 0
682 27.9774 49.0027 0
683 31.5426 48.7058 0
684 35.0973 49.1242 0
685 38.584 48.752 0
686 42.0978 48.9996 0
687 45.65 49.2305 0
688 49.2065 49.0169 0
689 52.7161 49.1907 0
690 56.2597 48.9077 0
691 59.752 49.0629 0
692 63.4005 48.8879 0
693 66.9591 49.1276 0
694 70.4453 48.8933 0
695 73.8953 49.032 0
696 77.4797 48.8421 0
697 81.0227 49.1034 0
698 84.4258 48.8814 0
699 88.0314 49.0486 0
700 91.5809 48.7722 0
701 95.0128 48.9842 0
702 98.5609 48.718 0
703 102.125 48.9388 0
704 105.722 48.7398 0
705 109.218 48.5712 0
706 112.621 48.7558 0
707 116.128 48.4242 0
708 119.612 48.6922 0
709 123.171 48.4858 0
710 126.728 48.6806 0
711 130.247 48.6098 0
712 133.831 48.8966 0
713 137.438 48.5652 0
714 140.908 48.9214 0
715 144.391 48.5968 0
716 147.915 48.8877 0
717 151.487 48.8043 0
718 155.118 48.7971 0
719 158.692 48.7274 0
720 162.229 48.8306 0
721 -5.43921 51.452 0
722 -2.01671 51.9026 0
723 1.43551 51.5989 0
724 5.03037 51.7087 0
725 8.63684 51.5189 0
726 12.1616 51.8251 0
727 15.7851 51.5538 0
728 19.2809 51.7089 0
729 22.7856 51.5105 0
730 26.3832 51.6906 0
731 29.9446 51.4997 0
732 33.3999 51.7343 0
733 36.9804 51.6408 0
734 40.4664 51.7414 0
735 44.038 51.9083 0
736 47.6063 51.6948 0
737 51.1083 51.9976 0
738 54.6827 51.6467 0
739 58.2151 51.9005 0
740 61.7343 51.6192 0
741 65.3566 51.8352 0
742 68.8829 51.618 0
743 72.3854 51.907 0
744 75.8728 51.6048 0
745 79.4462 51.9378 0
746 82.9153 51.7363 0
747 86.4108 51.7596 0
748 89.9364 51.4938 0
749 93.4317 51.674 0
750 96.9833 51.4868 0
751 100.557 51.8039 0
752 104.099 51.475 0
753 107.684 51.278 0
754 111.12 51.6549 0
755 114.552 51.3277 0
756 117.976 51.4203 0
757 121.533 51.1913 0
758 125.084 51.3454 0
759 128.615 51.2481 0
760 132.141 51.555 0
761 135.729 51.3548 0
762 139.263 51.6484 0
763 142.827 51.4018 0
764 146.363 51.6569 0
765 149.825 51.4875 0
766 153.534 51.5061 0
767 157.053 51.4277 0
768 160.567 51.5216 0
769 -4.04242 54.5067 0
770 -0.403777 54.6246 0
771 3.10705 54.3229 0
772 6.6102 54.4204 0
773 10.1846 54.3207 0
774 13.7981 54.5511 0
775 17.3834 54.249 0
776 20.7992 54.5064 0
777 24.3859 54.2111 0
778 27.9027 54.5371 0
779 31.5051 54.2867 0
780 35.0761 54.5245 0
781 38.587 54.3512 0
782 42.057 54.488 0
783 45.6585 54.6479 0
784 49.2204 54.4229 0
785 52.7478 54.6521 0
786 56.3052 54.3656 0
787 59.8512 54.6311 0
788 63.3844 54.3945 0
789 66.9428 54.5172 0
790 70.4609 54.4643 0
791 73.9941 54.702 0
792 77.4897 54.4208 0
793 80.9611 54.7336 0
794 84.4882 54.6789 0
795 87.9745 54.5086 0
796 91.5315 54.3227 0
797 95.0118 54.5119 0
798 98.5888 54.274 0
799 102.215 54.4097 0
800 105.697 54.2334 0
801 109.084 54.1221 0
802 112.659 54.3706 0
803 116.11 54.1107 0
804 119.685 54.0622 0
805 123.215 53.8812 0
806 126.637 54.0615 0
807 130.2 54.0415 0
808 133.771 54.3775 0
809 137.301 54.1351 0
810 140.878 54.4193 0
811 144.456 54.1848 0
812 147.983 54.4445 0
813 151.565 54.087 0
814 155.082 54.3028 0
815 158.48 54.3498 0
816 162.141 54.31 0
817 -5.57549 57.3418 0
818 -1.98498 57.3882 0
819 1.57738 57.0493 0
820 5.11853 57.1653 0
821 8.5975 57.0024 0
822 12.1573 57.2158 0
823 15.8089 56.9997 0
824 19.29 57.3381 0
825 22.753 57.0073 0
826 26.2721 57.2192 0
827 29.9344 57.0398 0
828 33.4304 57.3327 0
829 37.0411 57.1372 0
830 40.5198 57.2913 0
831 44.0907 57.4575 0
832 47.6056 57.128 0
833 51.1931 57.375 0
834 54.6958 57.1032 0
835 58.2213 57.3545 0
836 61.7595 57.1013 0
837 65.3805 57.2468 0
838 68.7778 57.0966 0
839 72.3543 57.5283 0
840 75.8971 57.2294 0
841 79.3406 57.5162 0
842 82.9555 57.4132 0
843 86.5612 57.4725 0
844 89.9821 57.2006 0
845 93.4628 57.3764 0
846 97.0699 57.0468 0
847 100.642 57.178 0
848 104.128 56.9563 0
849 107.594 56.9724 0
850 111.053 57.1614 0
851 114.579 56.8634 0
852 118.14 56.8048 0
853 121.6 56.6017 0
854 125.14 57.0305 0
855 128.605 56.8767 0
856 132.117 57.0901 0
857 135.686 56.8907 0
858 139.239 57.1747 0
859 142.771 56.8927 0
860 146.392 57.1535 0
861 149.976 56.8724 0
862 153.429 57.0987 0
863 156.959 57.2681 0
864 160.429 56.9693 0
865 -3.94978 60.0292 0
866 -0.289027 60.09 0
867 3.17844 59.839 0
868 6.64975 59.9707 0
869 10.2009 59.7897 0
870 13.7908 60.0134 0
871 17.3227 59.7746 0
872 20.888 60.1173 0
873 24.3881 59.7951 0
874 27.894 60.0039 0
875 31.4912 59.8658 0
876 35.0617 60.062 0
877 38.5971 59.9667 0
878 42.1827 60.001 0
879 45.6928 60.1366 0
880 49.2212 59.8242 0
881 52.8327 60.1146 0
882 56.2509 59.8665 0
883 59.8025 60.0188 0
884 63.3246 59.864 0
885 66.8221 60.099 0
886 70.2795 59.9419 0
887 73.9623 60.2965 0
888 77.3855 60.153 0
889 81.0242 60.2073 0
890 84.6551 59.9956 0
891 88.1178 60.2497 0
892 91.5874 59.9867 0
893 95.1797 60.0364 0
894 98.7002 59.7292 0
895 102.239 60.0468 0
896 105.669 59.7483 0
897 109.19 59.6866 0
898 112.75 59.969 0
899 116.297 59.5639 0
900 119.703 59.632 0
901 123.156 59.4478 0
902 126.768 59.7777 0
903 130.255 59.6148 0
904 133.693 59.8133 0
905 137.313 59.6282 0
906 140.826 59.9281 0
907 144.445 59.5956 0
908 148.015 59.909 0
909 151.513 59.696 0
910 155.091 59.8585 0
911 158.57 60.1053 0
912 162.065 59.8249 0
913 -5.48036 62.7885 0
914 -2.02025 62.6998 0
915 1.63186 62.5883 0
916 5.11158 62.8207 0
917 8.55967 62.5687 0
918 12.2217 62.7854 0
919 15.7261 62.5791 0
920 19.2375 62.8616 0
921 22.8461 62.5531 0
922 26.3988 62.7817 0
923 29.858 62.6099 0
924 33.4327 62.7812 0
925 36.9379 62.6047 0
926 40.5324 62.6562 0
927 44.0951 62.949 0
928 47.6391 62.5632 0
929 51.2352 62.7839 0
930 54.7357 62.6055 0
931 58.2062 62.8324 0
932 61.6489 62.5638 0
933 65.2096 62.8343 0
934 68.6779 62.7083 0
935 72.2064 62.8983 0
936 75.8685 62.893 0
937 79.3874 62.8894 0
938 82.9396 62.6412 0
939 86.5097 62.9818 0
940 90.0124 62.7576 0
941 93.5864 62.8805 0
942 97.0812 62.5508 0
943 100.611 62.7502 0
944 104.121 62.5553 0
945 107.643 62.4339 0
946 111.137 62.6586 0
947 114.696 62.4065 0
948 118.284 62.6337 0
949 121.682 62.2542 0
950 125.256 62.6114 0
951 128.719 62.4105 0
952 132.168 62.7052 0
953 135.726 62.3818 0
954 139.252 62.6836 0
955 142.835 62.3918 0
956 146.376 62.6186 0
957 150.042 62.4781 0
958 153.59 62.6488 0
959 157.085 62.8667 0
960 160.545 62.5757 0
961 -4.01633 65.6064 0
962 -0.378837 65.3818 0
963 3.13777 65.3988 0
964 6.70911 65.548 0
965 10.2793 65.2605 0
966 13.7551 65.5539 0
967 17.2373 65.3427 0
968 20.9111 65.5645 0
969 24.453 65.3384 0
970 27.8858 65.6715 0
971 31.4664 65.3402 0
972 35.0039 65.5857 0
973 38.532 65.3252 0
974 42.1164 65.4315 0
975 45.6864 65.6151 0
976 49.2526 65.2685 0
977 52.8251 65.6288 0
978 56.2566 65.3928 0
979 59.7909 65.6262 0
980 63.3366 65.3098 0
981 66.8409 65.6192 0
982 70.3588 65.3964 0
983 73.9653 65.5577 0
984 77.3936 65.662 0
985 81.0389 65.4752 0
986 84.5333 65.4636 0
987 88.0853 65.713 0
988 91.7009 65.4043 0
989 95.1978 65.5766 0
990 98.6585 65.212 0
991 102.181 65.5202 0
992 105.708 65.2984 0
993 109.265 65.188 0
994 112.836 65.3363 0
995 116.342 65.1 0
996 119.852 65.3243 0
997 123.331 64.9996 0
998 126.859 65.3617 0
999 130.318 65.1465 0
1000 133.789 65.3989 0
1001 137.287 65.1213 0
1002 140.865 65.3173 0
1003 144.417 65.1825 0
1004 148.011 65.2958 0
1005 151.625 65.1485 0
1006 155.212 65.3943 0
1007 158.694 65.6501 0
1008 162.13 65.3631 0
1009 -5.54961 68.4002 0
1010 -2.05677 68.0906 0
1011 1.56127 68.0441 0
1012 5.09043 68.2625 0
1013 8.67993 68.0662 0
1014 12.1931 68.3152 0
1015 15.6422 68.0157 0
1016 19.1917 68.2145 0
1017 22.8824 68.1253 0
1018 26.2881 68.4139 0
1019 29.8566 68.1179 0
1020 33.4657 68.3086 0
1021 36.9431 68.0728 0
1022 40.4625 68.1176 0
1023 44.0469 68.2656 0
1024 47.6668 68.0851 0
1025 51.1757 68.3273 0
1026 54.6892 68.1788 0
1027 58.177 68.3886 0
1028 61.702 68.0932 0
1029 65.3262 68.3909 0
1030 68.8072 68.1714 0
1031 72.3949 68.3814 0
1032 75.8958 68.5963 0
1033 79.4424 68.1796 0
1034 83.0298 68.2204 0
1035 86.5044 68.4663 0
1036 90.0105 68.1242 0
1037 93.6143 68.2503 0
1038 97.1827 68.0204 0
1039 100.643 68.3472 0
1040 104.14 68.0573 0
1041 107.63 67.879 0
1042 111.267 68.0739 0
1043 114.803 67.9764 0
1044 118.222 68.176 0
1045 121.805 67.8575 0
1046 125.204 68.1414 0
1047 128.724 67.9305 0
1048 132.173 68.1854 0
1049 135.706 67.9205 0
1050 139.261 68.0928 0
1051 142.812 67.8654 0
1052 146.432 68.0314 0
1053 149.892 67.8307 0
1054 153.555 68.045 0
1055 157.084 68.3728 0
1056 160.575 68.2178 0
1057 -3.85314 71.1119 0
1058 -0.345355 70.6836 0
1059 3.15381 70.7526 0
1060 6.68972 71.0952 0
1061 10.23 70.8313 0
1062 13.7718 71.1475 0
1063 17.223 70.8202 0
1064 20.8024 71.1313 0
1065 24.4151 70.9323 0
1066 27.8847 71.0943 0
1067 31.4392 70.795 0
1068 35.0727 71.0235 0
1069 38.4839 70.8288 0
1070 42.0292 70.816 0
1071 45.6798 70.9679 0
1072 49.1791 70.8998 0
1073 52.6981 71.1523 0
1074 56.255 70.9238 0
1075 59.7724 71.147 0
1076 63.3763 70.8811 0
1077 66.967 71.1831 0
1078 70.4194 70.8927 0
1079 73.9565 71.1496 0
1080 77.595 71.1819 0
1081 81.1605 70.707 0
1082 84.6017 70.9947 0
1083 88.1043 71.1787 0
1084 91.7189 70.7734 0
1085 95.2043 71.0041 0
1086 98.7201 70.7962 0
1087 102.206 71.0531 0
1088 105.665 70.8047 0
1089 109.185 70.5694 0
1090 112.748 70.887 0
1091 116.205 70.8096 0
1092 119.745 70.9126 0
1093 123.272 70.6769 0
1094 126.771 70.9211 0
1095 130.332 70.7504 0
1096 133.815 70.8659 0
1097 137.364 70.6346 0
1098 140.863 70.7882 0
1099 144.415 70.5327 0
1100 147.956 70.8222 0
1101 151.545 70.576 0
1102 155.11 70.8503 0
1103 158.648 71.1167 0
1104 162.151 70.979 0
1105 -5.44332 73.825 0
1106 -1.81924 73.5491 0
1107 1.51171 73.6978 0
1108 5.09817 73.7862 0
1109 8.61766 73.5903 0
1110 12.1936 73.8541 0
1111 15.7568 73.6363 0
1112 19.2239 73.8889 0
1113 22.7761 73.6025 0
1114 26.373 73.9184 0
1115 29.8894 73.6044 0
1116 33.3277 73.5976 0
1117 36.9424 73.6359 0
1118 40.4516 73.5151 0
1119 43.9799 73.6524 0
1120 47.5355 73.6021 0
1121 51.0724 73.9015 0
1122 54.6777 73.5851 0
1123 58.1712 73.8991 0
1124 61.7261 73.6101 0
1125 65.3262 73.8409 0
1126 68.8585 73.6888 0
1127 72.3867 73.9194 0
1128 76.0067 73.9214 0
1129 79.4679 73.6695 0
1130 82.9878 73.8799 0
1131 86.5511 73.9247 0
1132 90.0967 73.5884 0
1133 93.6498 73.8128 0
1134 97.1212 73.5626 0
1135 100.613 73.8208 0
1136 104.093 73.561 0
1137 107.592 73.3439 0
1138 111.019 73.5462 0
1139 114.526 73.4756 0
1140 118.095 73.6816 0
1141 121.633 73.4073 0
1142 125.191 73.751 0
1143 128.692 73.4365 0
1144 132.194 73.7058 0
1145 135.745 73.3584 0
1146 139.372 73.6754 0
1147 142.818 73.3355 0
1148 146.338 73.4886 0
1149 149.973 73.2706 0
1150 153.523 73.6288 0
1151 157.067 73.8108 0
1152 160.625 73.7027 0
1153 -3.83402 76.5754 0
1154 -0.482476 76.5578 0
1155 3.15931 76.3483 0
1156 6.68585 76.6307 0
1157 10.1867 76.3762 0
1158 13.7841 76.6349 0
1159 17.2756 76.4222 0
1160 20.8041 76.6463 0
1161 24.4021 76.3501 0
1162 27.9811 76.6754 0
1163 31.3712 76.4862 0
1164 35.0231 76.2513 0
1165 38.4582 76.4668 0
1166 42.0397 76.1823 0
1167 45.6081 76.5044 0
1168 49.1175 76.3012 0
1169 52.7067 76.6112 0
1170 56.204 76.4116 0
1171 59.8 76.6046 0
1172 63.3784 76.246 0
1173 66.8726 76.5972 0
1174 70.4551 76.4164 0
1175 74.0206 76.6288 0
1176 77.5712 76.7082 0
1177 81.0743 76.378 0
1178 84.6528 76.517 0
1179 88.2421 76.6226 0
1180 91.7249 76.3198 0
1181 95.1385 76.5683 0
1182 98.6825 76.2807 0
1183 102.215 76.6485 0
1184 105.664 76.4697 0
1185 109.133 76.1693 0
1186 112.533 76.3304 0
1187 116.195 76.1719 0
1188 119.695 76.5018 0
1189 123.217 76.1715 0
1190 126.772 76.476 0
1191 130.226 76.2321 0
1192 133.892 76.3067 0
1193 137.384 76.1395 0
1194 140.964 76.4123 0
1195 144.494 76.0678 0
1196 147.94 76.3103 0
1197 151.488 76.1162 0
1198 155.159 76.3424 0
1199 158.697 76.5932 0
1200 162.213 76.4351 0
1201 -5.54072 79.2599 0
1202 -2.00382 79.4481 0
1203 1.4857 79.0876 0
1204 5.01617 79.3679 0
1205 8.5491 79.1165 0
1206 12.0911 79.328 0
1207 15.6459 79.1692 0
1208 19.1653 79.4396 0
1209 22.7595 79.1255 0
1210 26.3074 79.3648 0
1211 29.8892 79.3101 0
1212 33.4156 79.0225 0
1213 36.9352 79.3125 0
1214 40.4413 78.9069 0
1215 43.9512 79.1569 0
1216 47.5123 78.98 0
1217 51.0719 79.2876 0
1218 54.6494 79.1713 0
1219 58.1997 79.3276 0
1220 61.7964 79.1053 0
1221 65.2922 79.3077 0
1222 68.8958 79.1812 0
1223 72.434 79.4005 0
1224 75.9351 79.3512 0
1225 79.5859 79.1832 0
1226 83.087 79.3524 0
1227 86.6102 79.3587 0
1228 90.1391 79.1689 0
1229 93.5942 79.4348 0
1230 97.0137 79.1504 0
1231 100.557 79.3432 0
1232 104.059 79.3384 0
1233 107.582 79.0111 0
1234 111.033 79.2547 0
1235 114.492 78.9105 0
1236 118.127 79.2539 0
1237 121.701 79.0251 0
1238 125.214 79.2473 0
1239 128.783 78.9611 0
1240 132.374 79.1013 0
1241 135.838 78.8791 0
1242 139.304 79.13 0
1243 142.87 78.9077 0
1244 146.395 79.1155 0
1245 149.912 78.8579 0
1246 153.496 79.0586 0
1247 157.02 79.3452 0
1248 160.649 79.1989 0
1249 -3.96693 81.9694 0
1250 -0.410923 82.1663 0
1251 3.06995 81.8273 0
1252 6.57674 82.0993 0
1253 10.0939 81.7835 0
1254 13.6825 82.108 0
1255 17.2655 81.9107 0
1256 20.8728 82.1213 0
1257 24.3996 81.7678 0
1258 27.9158 82.1508 0
1259 31.4961 82.0302 0
1260 35.0698 81.8086 0
1261 38.634 81.9464 0
1262 42.0975 81.6793 0
1263 45.6051 82.0461 0
1264 49.0954 81.7657 0
1265 52.6921 81.9462 0
1266 56.2855 81.8183 0
1267 59.838 82.092 0
1268 63.4044 81.8705 0
1269 67.0066 82.0323 0
1270 70.5344 81.9971 0
1271 73.9673 82.1854 0
1272 77.6099 82.1509 0
1273 81.1386 81.8576 0
1274 84.5886 82.2019 0
1275 88.1602 82.1227 0
1276 91.6576 81.9267 0
1277 95.0982 82.2726 0
1278 98.5421 82.0131 0
1279 102.116 82.1792 0
1280 105.637 82.0911 0
1281 109.113 81.8332 0
1282 112.696 82.0499 0
1283 116.18 81.7566 0
1284 119.731 82.042 0
1285 123.301 81.7427 0
1286 126.849 81.9563 0
1287 130.454 81.6789 0
1288 133.919 81.9533 0
1289 137.412 81.6273 0
1290 140.91 81.8578 0
1291 144.473 81.6978 0
1292 148.02 81.8343 0
1293 151.554 81.4939 0
1294 155.11 81.8284 0
1295 158.587 81.9775 0
1296 162.087 82.1103 0
1297 -5.61335 84.7226 0
1298 -2.10206 84.9526 0
1299 1.52359 84.674 0
1300 5.00556 84.8697 0
1301 8.55706 84.5979 0
1302 12.0449 84.7839 0
1303 15.6645 84.5827 0
1304 19.2246 84.7502 0
1305 22.8099 84.5961 0
1306 26.3528 84.8217 0
1307 29.8309 84.6629 0
1308 33.4533 84.5475 0
1309 37.0468 84.812 0
1310 40.5305 84.5387 0
1311 44.0803 84.7614 0
1312 47.5555 84.6467 0
1313 51.0385 84.7969 0
1314 54.6321 84.5847 0
1315 58.2084 84.7886 0
1316 61.7495 84.6147 0
1317 65.4076 84.7725 0
1318 68.8895 84.704 0
1319 72.4641 84.9673 0
1320 75.904 84.806 0
1321 79.5386 84.6403 0
1322 82.9585 84.9376 0
1323 86.5069 84.8038 0
1324 90.0815 84.6927 0
1325 93.5033 84.9781 0
1326 97.0025 84.8273 0
1327 100.493 84.917 0
1328 104.006 84.7499 0
1329 107.5 84.6239 0
1330 111.05 84.8179 0
1331 114.641 84.5802 0
1332 118.106 84.7539 0
1333 121.711 84.4518 0
1334 125.232 84.7514 0
1335 128.799 84.4127 0
1336 132.281 84.7431 0
1337 135.843 84.4248 0
1338 139.36 84.6138 0
1339 142.818 84.3991 0
1340 146.409 84.5929 0
1341 149.95 84.3783 0
1342 153.501 84.5799 0
1343 157.055 84.8329 0
1344 160.535 84.9049 0
1345 -3.9947 87.4242 0
1346 -0.446062 87.6204 0
1347 3.1549 87.3744 0
1348 6.63524 87.6169 0
1349 10.1722 87.2618 0
1350 13.7377 87.584 0
1351 17.258 87.2266 0
1352 20.8435 87.4998 0
1353 24.4391 87.3472 0
1354 27.9925 87.6979 0
1355 31.5049 87.4116 0
1356 35.0516 87.2428 0
1357 38.5875 87.5541 0
1358 42.1566 87.2862 0
1359 45.648 87.5761 0
1360 49.116 87.3245 0
1361 52.677 87.5026 0
1362 56.213 87.3514 0
1363 59.7376 87.5636 0
1364 63.3278 87.3218 0
1365 66.9454 87.5624 0
1366 70.4663 87.4164 0
1367 74.0108 87.7958 0
1368 77.6012 87.5021 0
1369 81.0247 87.4545 0
1370 84.5806 87.7492 0
1371 88.0114 87.6974 0
1372 91.5481 87.4787 0
1373 95.0853 87.7127 0
1374 98.5443 87.6344 0
1375 102.101 87.6561 0
1376 105.471 87.6383 0
1377 109.107 87.3315 0
1378 112.703 87.4921 0
1379 116.227 87.2915 0
1380 119.828 87.4228 0
1381 123.283 87.2797 0
1382 126.865 87.421 0
1383 130.406 87.2661 0
1384 133.88 87.4196 0
1385 137.443 87.1136 0
1386 140.923 87.4224 0
1387 144.509 87.087 0
1388 148.047 87.3819 0
1389 151.609 87.1228 0
1390 155.068 87.369 0
1391 158.633 87.5063 0
1392 162.098 87.7368 0
1393 -5.56045 90.2355 0
1394 -2.04114 90.3462 0
1395 1.47529 90.0649 0
1396 5.04217 90.4411 0
1397 8.59113 90.0802 0
1398 12.1435 90.3038 0
1399 15.6393 90.064 0
1400 19.248 90.2814 0
1401 22.7433 90.139 0
1402 26.3289 90.4571 0
1403 29.9273 90.1805 0
1404 33.4552 89.9913 0
1405 36.9171 90.2805 0
1406 40.5657 90.0694 0
1407 44.0355 90.3485 0
1408 47.577 90.104 0
1409 51.0655 90.2339 0
1410 54.6328 90.1109 0
1411 58.1545 90.2748 0
1412 61.6589 90.0066 0
1413 65.2268 90.2155 0
1414 68.8455 90.306 0
1415 72.3338 90.4084 0
1416 75.9878 90.2157 0
1417 79.563 90.3526 0
1418 82.9749 90.5164 0
1419 86.4741 90.5185 0
1420 89.9587 90.2967 0
1421 93.4054 90.3268 0
1422 96.9803 90.5056 0
1423 100.472 90.3593 0
1424 104.06 90.5404 0
1425 107.589 90.0955 0
1426 111.118 90.3932 0
1427 114.653 90.0062 0
1428 118.269 90.2229 0
1429 121.721 89.9917 0
1430 125.215 90.1641 0
1431 128.797 89.9464 0
1432 132.335 90.2655 0
1433 135.81 89.9013 0
1434 139.379 90.1449 0
1435 142.928 89.853 0
1436 146.448 90.1505 0
1437 149.992 89.9428 0
1438 153.536 90.1268 0
1439 157.078 90.3104 0
1440 160.622 90.4696 0
1441 -3.87385 93.0046 0
1442 -0.317016 93.0832 0
1443 3.12776 92.9878 0
1444 6.70218 93.1513 0
1445 10.28 92.7987 0
1446 13.7911 93.098 0
1447 17.3074 92.7331 0
1448 20.8582 93.0727 0
1449 24.4434 93.0972 0
1450 27.994 93.1758 0
1451 31.5089 93.0451 0
1452 35.0262 92.8114 0
1453 38.5023 93.094 0
1454 42.0493 92.8304 0
1455 45.5867 93.0712 0
1456 49.0792 92.8586 0
1457 52.7854 92.8755 0
1458 56.2232 92.8826 0
1459 59.7095 93.0853 0
1460 63.3181 92.7081 0
1461 66.8698 92.9771 0
1462 70.4554 92.9441 0
1463 74.0262 93.142 0
1464 77.5889 92.9568 0
1465 80.9281 93.2318 0
1466 84.4427 93.4139 0
1467 87.9583 93.2718 0
1468 91.5093 93.166 0
1469 95.0566 92.9996 0
1470 98.5393 93.2095 0
1471 102.099 93.0668 0
1472 105.717 93.1498 0
1473 109.256 92.9172 0
1474 112.754 93.0868 0
1475 116.332 92.6973 0
1476 119.863 93.005 0
1477 123.347 92.7445 0
1478 126.845 92.8432 0
1479 130.413 92.7854 0
1480 133.969 92.9582 0
1481 137.52 92.7325 0
1482 141.056 92.8424 0
1483 144.513 92.6148 0
1484 148.069 92.9527 0
1485 151.658 92.6166 0
1486 155.173 92.906 0
1487 158.71 93.1114 0
1488 162.219 93.3156 0
1489 -5.4053 95.7713 0
1490 -1.82162 95.8882 0
1491 1.62738 95.8022 0
1492 5.24845 95.992 0
1493 8.8061 95.6752 0
1494 12.2929 95.8856 0
1495 15.7802 95.6322 0
1496 19.2401 95.7868 0
1497 22.7838 95.6869 0
1498 26.3907 95.9174 0
1499 29.9065 95.7921 0
1500 33.4018 95.5832 0
1501 36.9338 95.9634 0
1502 40.4969 95.632 0
1503 43.9754 95.7543 0
1504 47.4887 95.6642 0
1505 51.0988 95.5683 0
1506 54.6706 95.8019 0
1507 58.1372 95.7755 0
1508 61.7617 95.4874 0
1509 65.254 95.691 0
1510 68.7962 95.6538 0
1511 72.366 95.8883 0
1512 75.9464 95.6682 0
1513 79.3414 96.0288 0
1514 82.7977 96.0305 0
1515 86.419 96.0445 0
1516 89.8438 95.8169 0
1517 93.4667 95.7447 0
1518 96.981 95.9455 0
1519 100.549 95.8644 0
1520 103.907 95.7171 0
1521 107.676 95.7884 0
1522 111.256 95.9453 0
1523 114.766 95.473 0
1524 118.297 95.7365 0
1525 121.835 95.582 0
1526 125.329 95.6888 0
1527 128.855 95.566 0
1528 132.373 95.6503 0
1529 136.036 95.4749 0
1530 139.571 95.6198 0
1531 143.039 95.4452 0
1532 146.573 95.7374 0
1533 150.137 95.3801 0
1534 153.609 95.71 0
1535 157.142 95.8899 0
1536 160.723 96.0507 0
1537 -3.71235 98.5223 0
1538 -0.285556 98.679 0
1539 3.2885 98.5878 0
1540 6.78915 98.7275 0
1541 10.4168 98.3859 0
1542 13.9666 98.6677 0
1543 17.4096 98.3634 0
1544 20.9663 98.7126 0
1545 24.4498 98.3533 0
1546 27.9503 98.7721 0
1547 31.4354 98.6092 0
1548 35.0196 98.3625 0
1549 38.603 98.6399 0
1550 42.1368 98.3944 0
1551 45.6289 98.5067 0
1552 49.1827 98.3776 0
1553 52.6609 98.3789 0
1554 56.2824 98.5641 0
1555 59.8286 98.4178 0
1556 63.2921 98.2906 0
1557 66.8239 98.5126 0
1558 70.4639 98.3782 0
1559 73.9327 98.7332 0
1560 77.3618 98.5698 0
1561 80.8728 98.8409 0
1562 84.4929 98.6743 0
1563 87.9926 98.8283 0
1564 91.4785 98.4483 0
1565 95.1458 98.4317 0
1566 98.6177 98.6063 0
1567 102.105 98.6989 0
1568 105.593 98.356 0
1569 109.351 98.4717 0
1570 112.919 98.6237 0
1571 116.361 98.2695 0
1572 119.926 98.4572 0
1573 123.44 98.2495 0
1574 126.935 98.426 0
1575 130.44 98.2639 0
1576 133.992 98.4147 0
1577 137.568 98.2734 0
1578 141.059 98.4432 0
1579 144.654 98.2506 0
1580 148.233 98.3751 0
1581 151.782 98.2284 0
1582 155.243 98.4319 0
1583 158.838 98.5007 0
1584 162.359 98.703 0
1585 -5.25472 101.329 0
1586 -1.77975 101.62 0
1587 1.64069 101.26 0
1588 5.17554 101.439 0
1589 8.76603 101.131 0
1590 12.3175 101.433 0
1591 15.8216 101.226 0
1592 19.3531 101.49 0
1593 22.896 101.223 0
1594 26.3283 101.469 0
1595 29.9625 101.473 0
1596 33.4015 101.085 0
1597 37.0592 101.341 0
1598 40.5681 101.134 0
1599 44.0927 101.421 0
1600 47.7132 101.172 0
1601 51.232 101.298 0
1602 54.7616 101.401 0
1603 58.2358 101.147 0
1604 61.8188 101.237 0
1605 65.3292 101.259 0
1606 68.7832 101.048 0
1607 72.3207 101.455 0
1608 75.8155 101.356 0
1609 79.3404 101.592 0
1610 82.8496 101.389 0
1611 86.3587 101.523 0
1612 90.0012 101.259 0
1613 93.5048 101.133 0
1614 96.9966 101.326 0
1615 100.596 101.536 0
1616 104.104 101.203 0
1617 107.628 101.042 0
1618 111.243 101.359 0
1619 114.833 101.081 0
1620 118.258 101.133 0
1621 121.827 101.054 0
1622 125.42 101.213 0
1623 128.892 101.054 0
1624 132.429 101.14 0
1625 135.847 101.029 0
1626 139.465 101.228 0
1627 142.986 101.01 0
1628 146.495 101.033 0
1629 150.147 100.95 0
1630 153.739 101.286 0
1631 157.183 101.208 0
1632 160.783 101.425 0
1633 -3.68868 104.14 0
1634 -0.190208 104.358 0
1635 3.33483 103.978 0
1636 6.86823 104.236 0
1637 10.4208 103.983 0
1638 13.9428 104.223 0
1639 17.3725 104.038 0
1640 20.8931 104.283 0
1641 24.4719 104.045 0
1642 27.9722 104.123 0
1643 31.5796 104.112 0
1644 35.1269 103.775 0
1645 38.6926 104.138 0
1646 42.1515 103.921 0
1647 45.7102 104.132 0
1648 49.2643 103.94 0
1649 52.8282 103.987 0
1650 56.3602 104.205 0
1651 59.836 103.848 0
1652 63.4222 103.903 0
1653 66.8784 104.007 0
1654 70.3022 103.925 0
1655 73.8226 104.227 0
1656 77.4079 104.109 0
1657 80.8935 104.318 0
1658 84.4028 104.198 0
1659 87.9772 104.313 0
1660 91.5963 104.082 0
1661 95.0074 104.034 0
1662 98.6144 104.011 0
1663 102.103 104.284 0
1664 105.632 104.042 0
1665 109.249 103.765 0
1666 112.805 104.118 0
1667 116.327 103.942 0
1668 119.806 103.911 0
1669 123.457 103.739 0
1670 126.967 103.971 0
1671 130.501 103.765 0
1672 133.937 103.931 0
1673 137.475 103.771 0
1674 141.01 104 0
1675 144.515 103.754 0
1676 148.183 103.629 0
1677 151.701 103.742 0
1678 155.22 104.047 0
1679 158.823 103.956 0
1680 162.398 104.238 0
1681 -5.25535 106.92 0
1682 -1.67238 107.152 0
1683 1.86041 106.791 0
1684 5.36221 107.098 0
1685 8.85613 106.752 0
1686 12.3912 107.026 0
1687 15.8565 106.823 0
1688 19.303 107.052 0
1689 22.8162 106.784 0
1690 26.397 106.89 0
1691 29.9167 106.748 0
1692 33.5025 106.527 0
1693 36.9549 106.809 0
1694 40.5202 106.662 0
1695 43.9986 106.805 0
1696 47.6007 106.695 0
1697 51.1999 106.794 0
1698 54.704 106.872 0
1699 58.3413 106.622 0
1700 61.8614 106.612 0
1701 65.3745 106.827 0
1702 68.742 106.582 0
1703 72.1597 106.895 0
1704 75.7156 106.775 0
1705 79.2943 107.106 0
1706 82.8354 106.962 0
1707 86.3598 107.169 0
1708 89.9426 106.835 0
1709 93.5024 106.931 0
1710 96.9274 106.657 0
1711 100.482 107.041 0
1712 104.06 106.823 0
1713 107.612 106.49 0
1714 111.143 106.847 0
1715 114.724 106.667 0
1716 118.259 106.727 0
1717 121.791 106.416 0
1718 125.355 106.688 0
1719 128.91 106.521 0
1720 132.402 106.713 0
1721 135.847 106.455 0
1722 139.445 106.771 0
1723 143.049 106.644 0
1724 146.531 106.364 0
1725 150.092 106.609 0
1726 153.553 106.775 0
1727 157.258 106.63 0
1728 160.737 106.871 0
1729 -3.64023 109.625 0
1730 -0.11717 109.939 0
1731 3.42509 109.612 0
1732 7.05388 109.854 0
1733 10.4677 109.484 0
1734 13.9367 109.885 0
1735 17.409 109.623 0
1736 20.9453 109.765 0
1737 24.4004 109.511 0
1738 27.8232 109.733 0
1739 31.4555 109.588 0
1740 35.0112 109.388 0
1741 38.5927 109.515 0
1742 42.1163 109.332 0
1743 45.6637 109.513 0
1744 49.2132 109.352 0
1745 52.7563 109.546 0
1746 56.3912 109.542 0
1747 59.8961 109.448 0
1748 63.4364 109.332 0
1749 66.8786 109.718 0
1750 70.2708 109.492 0
1751 73.7915 109.619 0
1752 77.2852 109.563 0
1753 80.8975 109.844 0
1754 84.4404 109.656 0
1755 88.0266 109.84 0
1756 91.5889 109.543 0
1757 95.0247 109.805 0
1758 98.4292 109.572 0
1759 102.107 109.825 0
1760 105.7 109.547 0
1761 109.222 109.458 0
1762 112.733 109.648 0
1763 116.318 109.425 0
1764 119.863 109.462 0
1765 123.411 109.162 0
1766 126.928 109.383 0
1767 130.464 109.282 0
1768 133.993 109.452 0
1769 137.443 109.162 0
1770 141.042 109.554 0
1771 144.618 109.398 0
1772 148.104 109.056 0
1773 151.655 109.457 0
1774 155.243 109.621 0
1775 158.818 109.371 0
1776 162.369 109.632 0
1777 -5.28142 112.411 0
1778 -1.77693 112.608 0
1779 1.86556 112.424 0
1780 5.40819 112.64 0
1781 8.92629 112.512 0
1782 12.3368 112.662 0
1783 15.8651 112.432 0
1784 19.4017 112.563 0
1785 22.8285 112.297 0
1786 26.2898 112.539 0
1787 29.7706 112.254 0
1788 33.4298 112.057 0
1789 36.9799 112.241 0
1790 40.4873 112.045 0
1791 44.0725 112.229 0
1792 47.6061 112.075 0
1793 51.135 112.291 0
1794 54.6663 112.165 0
1795 58.2882 112.239 0
1796 61.7517 112.12 0
1797 65.2304 112.507 0
1798 68.7622 112.278 0
1799 72.3766 112.473 0
1800 75.7613 112.426 0
1801 79.2704 112.579 0
1802 82.8132 112.379 0
1803 86.423 112.603 0
1804 89.9883 112.326 0
1805 93.4202 112.562 0
1806 96.9428 112.353 0
1807 100.487 112.572 0
1808 104.034 112.332 0
1809 107.582 112.152 0
1810 111.157 112.475 0
1811 114.704 112.144 0
1812 118.288 112.206 0
1813 121.834 111.937 0
1814 125.329 112.22 0
1815 128.836 112.01 0
1816 132.375 112.131 0
1817 135.92 112.024 0
1818 139.409 112.211 0
1819 142.99 112.095 0
1820 146.534 111.936 0
1821 149.992 112.284 0
1822 153.633 112.369 0
1823 157.173 112.084 0
1824 160.686 112.345 0
1825 -3.71289 115.129 0
1826 -0.127858 115.281 0
1827 3.41312 115.089 0
1828 6.90175 115.466 0
1829 10.4424 115.348 0
1830 13.9819 115.454 0
1831 17.53 115.137 0
1832 21.0216 115.418 0
1833 24.4854 115.096 0
1834 27.997 115.275 0
1835 31.5032 114.923 0
1836 34.9912 114.75 0
1837 38.5347 114.97 0
1838 42.122 114.767 0
1839 45.6484 114.969 0
1840 49.1681 114.857 0
1841 52.6876 115.039 0
1842 56.2381 114.904 0
1843 59.7306 115.02 0
1844 63.2039 115.001 0
1845 66.9055 115.188 0
1846 70.446 114.934 0
1847 73.8446 115.313 0
1848 77.3071 115.116 0
1849 80.8805 115.33 0
1850 84.434 115.053 0
1851 88.0616 115.259 0
1852 91.5295 115.068 0
1853 95.0597 115.334 0
1854 98.5842 115.096 0
1855 102.114 115.37 0
1856 105.631 115.129 0
1857 109.205 114.885 0
1858 112.826 115.175 0
1859 116.349 114.811 0
1860 119.924 115.046 0
1861 123.4 114.762 0
1862 126.881 114.985 0
1863 130.43 114.719 0
1864 133.977 115.068 0
1865 137.535 114.766 0
1866 141.035 114.961 0
1867 144.548 114.825 0
1868 148.06 114.781 0
1869 151.683 114.956 0
1870 155.16 115.119 0
1871 158.815 114.848 0
1872 162.286 115.042 0
1873 -5.43982 117.796 0
1874 -1.84474 118.047 0
1875 1.796 117.859 0
1876 5.24541 118.144 0
1877 8.87976 118.043 0
1878 12.4261 118.17 0
1879 15.9602 117.97 0
1880 19.4345 118.192 0
1881 23.061 117.917 0
1882 26.5547 118.062 0
1883 29.9653 117.814 0
1884 33.4579 117.462 0
1885 36.9307 117.733 0
1886 40.4717 117.471 0
1887 44.0824 117.716 0
1888 47.5725 117.548 0
1889 51.1311 117.82 0
1890 54.6431 117.649 0
1891 58.1476 117.86 0
1892 61.5684 117.682 0
1893 65.1847 117.891 0
1894 68.8032 117.704 0
1895 72.1999 118.054 0
1896 75.7367 117.85 0
1897 79.2839 118.006 0
1898 82.8585 117.806 0
1899 86.4157 118.005 0
1900 89.9505 117.857 0
1901 93.4046 118.073 0
1902 96.9691 117.893 0
1903 100.506 118.091 0
1904 104.032 117.857 0
1905 107.543 117.589 0
1906 111.151 117.862 0
1907 114.758 117.64 0
1908 118.268 117.88 0
1909 121.74 117.552 0
1910 125.257 117.7 0
1911 128.805 117.416 0
1912 132.35 117.765 0
1913 135.963 117.47 0
1914 139.486 117.679 0
1915 143.055 117.626 0
1916 146.46 117.486 0
1917 149.998 117.656 0
1918 153.603 117.942 0
1919 157.141 117.561 0
1920 160.662 117.908 0
1921 -3.80549 120.555 0
1922 -0.218401 120.777 0
1923 3.32476 120.634 0
1924 6.89996 120.847 0
1925 10.5145 120.698 0
1926 14.0541 120.91 0
1927 17.5092 120.715 0
1928 21.1054 120.83 0
1929 24.6801 120.728 0
1930 28.1882 120.886 0
1931 31.6741 120.555 0
1932 35.0715 120.236 0
1933 38.5635 120.433 0
1934 42.0944 120.257 0
1935 45.6566 120.537 0
1936 49.1323 120.321 0
1937 52.6538 120.624 0
1938 56.2103 120.388 0
1939 59.6426 120.665 0
1940 63.1725 120.43 0
1941 66.824 120.591 0
1942 70.3037 120.558 0
1943 73.857 120.757 0
1944 77.4187 120.548 0
1945 80.9225 120.687 0
1946 84.4426 120.502 0
1947 87.9797 120.719 0
1948 91.5362 120.615 0
1949 95.016 120.83 0
1950 98.5871 120.621 0
1951 102.105 120.817 0
1952 105.64 120.562 0
1953 109.177 120.27 0
1954 112.778 120.625 0
1955 116.286 120.34 0
1956 119.807 120.603 0
1957 123.297 120.298 0
1958 126.818 120.444 0
1959 130.433 120.225 0
1960 133.95 120.462 0
1961 137.573 120.202 0
1962 141.047 120.502 0
1963 144.575 120.376 0
1964 148.14 120.152 0
1965 151.589 120.443 0
1966 155.206 120.617 0
1967 158.682 120.428 0
1968 162.227 120.725 0
1969 -5.39708 123.327 0
1970 -1.88239 123.464 0
1971 1.69841 123.277 0
1972 5.21963 123.602 0
1973 8.82995 123.345 0
1974 12.445 123.563 0
1975 15.9681 123.494 0
1976 19.4767 123.569 0
1977 22.981 123.324 0
1978 26.5707 123.622 0
1979 30.1404 123.369 0
1980 33.6225 123.074 0
1981 37.0331 123.269 0
1982 40.5269 123.045 0
1983 44.058 123.284 0
1984 47.5263 123.127 0
1985 51.0005 123.345 0
1986 54.5488 123.189 0
1987 58.0587 123.424 0
1988 61.5536 123.156 0
1989 65.1648 123.378 0
1990 68.7106 123.347 0
1991 72.2781 123.494 0
1992 75.8277 123.257 0
1993 79.3935 123.416 0
1994 82.9116 123.288 0
1995 86.3954 123.486 0
1996 89.8814 123.325 0
1997 93.4464 123.652 0
1998 96.9691 123.364 0
1999 100.516 123.564 0
2000 104.06 123.307 0
2001 107.613 122.985 0
2002 111.125 123.245 0
2003 114.658 123.152 0
2004 118.168 123.328 0
2005 121.689 123.107 0
2006 125.195 123.238 0
2007 128.832 123 0
2008 132.353 123.249 0
2009 135.871 122.951 0
2010 139.459 123.284 0
2011 142.951 123.021 0
2012 146.483 122.804 0
2013 150.006 123.195 0
2014 153.544 123.328 0
2015 157.11 123.205 0
2016 160.639 123.432 0
2017 -3.82417 126.105 0
2018 -0.270004 126.184 0
2019 3.24468 126.127 0
2020 6.83942 126.246 0
2021 10.3724 126.048 0
2022 13.918 126.33 0
2023 17.4919 126.549 0
2024 20.9838 126.322 0
2025 24.5454 126.056 0
2026 28.1405 126.39 0
2027 31.7011 126.122 0
2028 35.1763 125.83 0
2029 38.6772 125.986 0
2030 42.1198 125.786 0
2031 45.6079 126.136 0
2032 49.0869 125.951 0
2033 52.5787 126.222 0
2034 56.1577 125.982 0
2035 59.6246 126.175 0
2036 63.2705 125.931 0
2037 66.7848 126.162 0
2038 70.4023 126.022 0
2039 73.991 126.174 0
2040 77.4231 125.944 0
2041 80.9529 126.263 0
2042 84.4427 126.102 0
2043 87.9754 126.265 0
2044 91.5108 126.113 0
2045 95.0887 126.406 0
2046 98.6186 126.067 0
2047 102.132 126.278 0
2048 105.617 126.011 0
2049 109.156 125.831 0
2050 112.683 126.039 0
2051 116.216 125.869 0
2052 119.755 126.185 0
2053 123.326 125.861 0
2054 126.897 125.927 0
2055 130.437 125.731 0
2056 133.958 125.936 0
2057 137.455 125.675 0
2058 141.03 125.963 0
2059 144.633 125.778 0
2060 147.991 125.609 0
2061 151.621 125.884 0
2062 155.179 126.005 0
2063 158.701 125.965 0
2064 162.272 126.188 0
2065 -5.35502 128.926 0
2066 -1.83735 128.891 0
2067 1.65764 128.783 0
2068 5.17318 128.961 0
2069 8.70896 128.792 0
2070 12.237 129.153 0
2071 15.7154 129.146 0
2072 19.3799 129.114 0
2073 22.8884 128.845 0
2074 26.425 129.117 0
2075 30.0623 128.848 0
2076 33.6114 128.692 0
2077 37.0635 128.825 0
2078 40.5506 128.655 0
2079 43.993 128.934 0
2080 47.516 128.707 0
2081 50.9966 129.059 0
2082 54.5903 128.731 0
2083 58.1118 129.039 0
2084 61.6317 128.658 0
2085 65.2157 128.86 0
2086 68.745 128.742 0
2087 72.3054 128.873 0
2088 75.8599 128.8 0
2089 79.3111 128.931 0
2090 82.8303 128.897 0
2091 86.4738 129.047 0
2092 89.9113 128.887 0
2093 93.5119 129.11 0
2094 97.0829 128.954 0
2095 100.588 129.071 0
2096 104.096 128.818 0
2097 107.542 128.558 0
2098 111.022 128.871 0
2099 114.606 128.598 0
2100 118.153 128.897 0
2101 121.767 128.636 0
2102 125.252 128.568 0
2103 128.768 128.412 0
2104 132.319 128.735 0
2105 135.795 128.511 0
2106 139.328 128.72 0
2107 142.869 128.428 0
2108 146.466 128.646 0
2109 149.985 128.551 0
2110 153.567 128.768 0
2111 157.104 128.765 0
2112 160.718 128.884 0
2113 -3.77427 131.749 0
2114 -0.234955 131.644 0
2115 3.30988 131.505 0
2116 6.70759 131.837 0
2117 10.2401 131.53 0
2118 13.7594 131.914 0
2119 17.3767 131.805 0
2120 20.9158 131.784 0
2121 24.4761 131.591 0
2122 28.0782 131.78 0
2123 31.617 131.626 0
2124 35.1767 131.444 0
2125 38.6164 131.716 0
2126 42.0967 131.455 0
2127 45.5077 131.783 0
2128 49.017 131.596 0
2129 52.5976 131.731 0
2130 56.1578 131.482 0
2131 59.7438 131.769 0
2132 63.2085 131.432 0
2133 66.6785 131.66 0
2134 70.2894 131.467 0
2135 73.7686 131.692 0
2136 77.3679 131.542 0
2137 80.9983 131.756 0
2138 84.5252 131.565 0
2139 88.013 131.86 0
2140 91.509 131.683 0
2141 95.1527 131.838 0
2142 98.6726 131.668 0
2143 102.138 131.785 0
2144 105.654 131.629 0
2145 109.17 131.377 0
2146 112.674 131.552 0
2147 116.192 131.392 0
2148 119.79 131.568 0
2149 123.313 131.452 0
2150 126.794 131.37 0
2151 130.301 131.199 0
2152 133.795 131.526 0
2153 137.326 131.304 0
2154 140.848 131.491 0
2155 144.424 131.157 0
2156 148.033 131.41 0
2157 151.65 131.32 0
2158 155.198 131.61 0
2159 158.773 131.402 0
2160 162.243 131.747 0
2161 -5.41262 134.415 0
2162 -1.78358 134.454 0
2163 1.62166 134.187 0
2164 5.07815 134.592 0
2165 8.59478 134.33 0
2166 12.1409 134.617 0
2167 15.6885 134.391 0
2168 19.3045 134.544 0
2169 22.8224 134.303 0
2170 26.5127 134.552 0
2171 30.0461 134.41 0
2172 33.5201 134.181 0
2173 37.0039 134.535 0
2174 40.5287 134.235 0
2175 43.9553 134.589 0
2176 47.4393 134.347 0
2177 51.0304 134.513 0
2178 54.5777 134.296 0
2179 58.1121 134.626 0
2180 61.6541 134.249 0
2181 65.1575 134.464 0
2182 68.6015 134.143 0
2183 72.1862 134.458 0
2184 75.6996 134.212 0
2185 79.3021 134.437 0
2186 82.9103 134.264 0
2187 86.3968 134.609 0
2188 89.8864 134.374 0
2189 93.5387 134.619 0
2190 97.0412 134.298 0
2191 100.56 134.63 0
2192 104.03 134.343 0
2193 107.638 134.112 0
2194 111.137 134.368 0
2195 114.576 134.074 0
2196 118.166 134.25 0
2197 121.618 134.096 0
2198 125.203 134.146 0
2199 128.677 133.989 0
2200 132.131 134.177 0
2201 135.742 134.043 0
2202 139.239 134.297 0
2203 142.787 134.005 0
2204 146.496 134.084 0
2205 149.967 134.029 0
2206 153.505 134.284 0
2207 157.16 134.114 0
2208 160.639 134.462 0
2209 -3.75931 136.985 0
2210 -0.309575 137.294 0
2211 3.11911 137.102 0
2212 6.73182 137.345 0
2213 10.2277 137.06 0
2214 13.7092 137.348 0
2215 17.3394 137.142 0
2216 20.9464 137.256 0
2217 24.5139 137.025 0
2218 28.0369 137.421 0
2219 31.6032 137.259 0
2220 35.0314 137.03 0
2221 38.5042 137.331 0
2222 42.0064 137.019 0
2223 45.6193 137.311 0
2224 49.1834 137.04 0
2225 52.7005 137.269 0
2226 56.0874 137.108 0
2227 59.6972 137.355 0
2228 63.2039 136.963 0
2229 66.7596 137.196 0
2230 70.2722 136.953 0
2231 73.7896 137.251 0
2232 77.264 137.019 0
2233 80.9125 137.247 0
2234 84.3802 137.093 0
2235 87.9332 137.289 0
2236 91.5362 137.195 0
2237 95.1636 137.425 0
2238 98.5897 137.116 0
2239 102.179 137.401 0
2240 105.67 137.067 0
2241 109.188 136.88 0
2242 112.8 137.101 0
2243 116.25 136.787 0
2244 119.741 137.117 0
2245 123.232 136.859 0
2246 126.744 136.97 0
2247 130.258 136.775 0
2248 133.741 136.927 0
2249 137.304 136.771 0
2250 140.916 137.009 0
2251 144.525 136.75 0
2252 147.993 136.913 0
2253 151.586 136.782 0
2254 155.102 137.082 0
2255 158.673 136.911 0
2256 162.244 137.194 0
2257 -5.37615 139.694 0
2258 -1.93365 140.091 0
2259 1.58259 139.906 0
2260 5.10125 140.116 0
2261 8.68654 139.902 0
2262 12.1905 140.098 0
2263 15.7233 139.807 0
2264 19.2769 139.925 0
2265 22.8381 139.731 0
2266 26.313 140.048 0
2267 29.8747 139.91 0
2268 33.4408 139.905 0
2269 36.9263 140.09 0
2270 40.4644 139.783 0
2271 44.0412 139.996 0
2272 47.5594 139.786 0
2273 51.0928 140.001 0
2274 54.6499 139.976 0
2275 58.1142 140.013 0
2276 61.6977 139.861 0
2277 65.1765 139.933 0
2278 68.6617 139.733 0
2279 72.1536 139.993 0
2280 75.6483 139.858 0
2281 79.1841 139.918 0
2282 82.8247 139.86 0
2283 86.3085 140.071 0
2284 89.8293 139.84 0
2285 93.4788 140.058 0
2286 97.0391 139.958 0
2287 100.548 140.132 0
2288 104.098 139.952 0
2289 107.649 139.644 0
2290 111.163 139.832 0
2291 114.702 139.635 0
2292 118.173 139.867 0
2293 121.666 139.613 0
2294 125.22 139.769 0
2295 128.678 139.515 0
2296 132.274 139.718 0
2297 135.796 139.642 0
2298 139.295 139.76 0
2299 142.888 139.498 0
2300 146.45 139.764 0
2301 149.935 139.453 0
2302 153.392 139.786 0
2303 157.02 139.606 0
2304 160.617 139.919 0
2305 -3.79478 142.604 0
2306 -0.286419 142.821 0
2307 3.24455 142.684 0
2308 6.73587 142.928 0
2309 10.2833 142.7 0
2310 13.8987 142.901 0
2311 17.3586 142.472 0
2312 20.8232 142.691 0
2313 24.3554 142.52 0
2314 27.8989 142.807 0
2315 31.4943 142.633 0
2316 35.0152 142.609 0
2317 38.5747 142.682 0
2318 42.1068 142.498 0
2319 45.6107 142.748 0
2320 49.148 142.497 0
2321 52.7137 142.715 0
2322 56.2745 142.704 0
2323 59.7122 142.789 0
2324 63.2914 142.664 0
2325 66.773 142.816 0
2326 70.2317 142.499 0
2327 73.7105 142.745 0
2328 77.3169 142.593 0
2329 80.8235 142.708 0
2330 84.3872 142.571 0
2331 87.9327 142.777 0
2332 91.4824 142.592 0
2333 95.0351 142.935 0
2334 98.6466 142.65 0
2335 102.159 142.913 0
2336 105.677 142.637 0
2337 109.233 142.394 0
2338 112.745 142.601 0
2339 116.263 142.409 0
2340 119.782 142.644 0
2341 123.366 142.401 0
2342 126.773 142.511 0
2343 130.279 142.249 0
2344 133.891 142.508 0
2345 137.428 142.327 0
2346 140.965 142.448 0
2347 144.512 142.21 0
2348 148.016 142.527 0
2349 151.504 142.345 0
2350 155.004 142.559 0
2351 158.65 142.337 0
2352 162.199 142.706 0
2353 -5.46994 145.324 0
2354 -1.88248 145.651 0
2355 1.58386 145.352 0
2356 5.13455 145.695 0
2357 8.69642 145.448 0
2358 12.2801 145.618 0
2359 15.8174 145.36 0
2360 19.2852 145.473 0
2361 22.7245 145.236 0
2362 26.341 145.56 0
2363 29.8349 145.307 0
2364 33.4563 145.331 0
2365 36.882 145.288 0
2366 40.4367 145.249 0
2367 44.0097 145.536 0
2368 47.5346 145.25 0
2369 51.0837 145.489 0
2370 54.6679 145.386 0
2371 58.2022 145.602 0
2372 61.6735 145.308 0
2373 65.2477 145.686 0
2374 68.7289 145.425 0
2375 72.1625 145.579 0
2376 75.7369 145.309 0
2377 79.2248 145.478 0
2378 82.766 145.301 0
2379 86.3473 145.563 0
2380 89.8506 145.385 0
2381 93.4004 145.646 0
2382 97.0792 145.376 0
2383 100.605 145.706 0
2384 104.208 145.442 0
2385 107.684 145.142 0
2386 111.197 145.404 0
2387 114.671 145.157 0
2388 118.198 145.339 0
2389 121.783 145.114 0
2390 125.303 145.386 0
2391 128.799 145.024 0
2392 132.263 145.159 0
2393 135.838 145.034 0
2394 139.4 145.266 0
2395 142.947 144.916 0
2396 146.439 145.248 0
2397 149.932 145.081 0
2398 153.484 145.292 0
2399 156.974 145.041 0
2400 160.438 145.345 0
2401 -3.89894 148.072 0
2402 -0.366168 148.365 0
2403 3.21102 148.139 0
2404 6.73456 148.417 0
2405 10.2735 148.166 0
2406 13.9155 148.329 0
2407 17.3982 148.124 0
2408 20.8573 148.335 0
2409 24.361 148.071 0
2410 27.9422 148.327 0
2411 31.5222 147.954 0
2412 34.9653 148.26 0
2413 38.5037 148.052 0
2414 41.9789 147.928 0
2415 45.6074 148.244 0
2416 49.1869 147.975 0
2417 52.712 148.213 0
2418 56.2431 148.104 0
2419 59.8069 148.474 0
2420 63.2482 148.165 0
2421 66.8215 148.492 0
2422 70.2158 148.152 0
2423 73.8198 148.23 0
2424 77.2594 148.08 0
2425 80.7995 148.251 0
2426 84.3372 148.006 0
2427 87.9115 148.362 0
2428 91.4592 148.155 0
2429 95.0558 148.326 0
2430 98.6318 148.277 0
2431 102.277 148.396 0
2432 105.768 148.225 0
2433 109.287 147.887 0
2434 112.771 148.224 0
2435 116.245 148.013 0
2436 119.763 148.092 0
2437 123.296 147.852 0
2438 126.889 148.139 0
2439 130.285 147.926 0
2440 133.883 147.862 0
2441 137.454 147.79 0
2442 141.026 147.945 0
2443 144.578 147.743 0
2444 148.011 148.001 0
2445 151.593 147.788 0
2446 155.052 148.082 0
2447 158.475 147.86 0
2448 162.122 148.002 0
2449 -5.49351 150.881 0
2450 -1.92636 151.174 0
2451 1.60207 150.862 0
2452 5.0889 151.149 0
2453 8.71386 150.909 0
2454 12.2875 151.014 0
2455 15.8039 150.88 0
2456 19.3349 151.071 0
2457 22.8377 150.802 0
2458 26.3476 151.107 0
2459 29.928 150.756 0
2460 33.4038 151.069 0
2461 36.8616 150.779 0
2462 40.4717 150.918 0
2463 44.0055 150.933 0
2464 47.6 150.68 0
2465 51.1381 151.001 0
2466 54.5586 150.762 0
2467 58.0916 151.175 0
2468 61.7129 150.999 0
2469 65.235 151.261 0
2470 68.6992 151.031 0
2471 72.2424 151.007 0
2472 75.7442 150.811 0
2473 79.2052 150.969 0
2474 82.756 150.739 0
2475 86.2492 150.955 0
2476 89.867 150.83 0
2477 93.4003 151.059 0
2478 96.9976 150.92 0
2479 100.56 151.063 0
2480 104.132 150.948 0
2481 107.742 150.676 0
2482 111.181 150.926 0
2483 114.65 150.694 0
2484 118.221 150.874 0
2485 121.724 150.623 0
2486 125.24 150.881 0
2487 128.841 150.774 0
2488 132.438 150.679 0
2489 135.801 150.478 0
2490 139.37 150.737 0
2491 142.92 150.462 0
2492 146.447 150.759 0
2493 149.951 150.487 0
2494 153.432 150.813 0
2495 156.997 150.624 0
2496 160.576 150.714 0
