# Time-averaged data for fix 3
# TimeStep Number-of-rows
# Row c_center[1] c_center[2] c_center[3]
10000 2496
1 -3.96928 10.2094 0
2 -0.488867 10.5197 0
3 3.10521 10.2478 0
4 6.59731 10.5239 0
5 10.1432 10.107 0
6 13.6962 10.3688 0
7 17.3227 10.2305 0
8 20.8398 10.3952 0
9 24.1925 10.1325 0
10 27.8428 10.2719 0
11 31.4814 10.0519 0
12 35.0468 10.2444 0
13 38.5496 10.3839 0
14 42.1117 10.0521 0
15 45.5772 10.5019 0
16 49.1245 10.2391 0
17 52.6086 10.4487 0
18 56.2078 10.1715 0
19 59.637 10.3005 0
20 63.2145 10.0796 0
21 66.766 10.42 0
22 70.3982 10.3134 0
23 74.0015 10.48 0
24 77.4696 10.3044 0
25 80.8748 10.5852 0
26 84.3505 10.3109 0
27 87.8388 10.6589 0
28 91.2523 10.4609 0
29 94.8438 10.5913 0
30 98.4125 10.4115 0
31 102.071 10.4389 0
32 105.662 10.315 0
33 109.138 10.2898 0
34 112.643 10.3188 0
35 116.181 10.0513 0
36 119.699 10.3618 0
37 123.245 10.0736 0
38 126.837 10.3388 0
39 130.325 10.0942 0
40 134.023 10.3719 0
41 137.492 10.075 0
42 140.94 10.2096 0
43 144.452 10.1053 0
44 148.041 10.4059 0
45 151.556 10.3056 0
46 155.088 10.5469 0
47 158.641 10.245 0
48 162.176 10.5171 0
49 -5.59455 12.9817 0
50 -2.07248 13.2821 0
51 1.47554 12.938 0
52 5.04501 13.2713 0
53 8.53215 12.9974 0
54 12.0427 13.1455 0
55 15.7028 12.9162 0
56 19.1797 13.2094 0
57 22.7074 12.9788 0
58 26.2258 12.9469 0
59 29.8072 12.7185 0
60 33.4559 12.9553 0
61 36.9797 13.0641 0
62 40.5005 12.9485 0
63 43.9167 13.3063 0
64 47.4862 13.0482 0
65 51.0214 13.2853 0
66 54.601 12.891 0
67 58.1634 13.1443 0
68 61.5971 12.9333 0
69 65.2249 13.0964 0
70 68.722 12.9763 0
71 72.3 13.1437 0
72 75.9025 13.0557 0
73 79.3175 13.3903 0
74 82.791 13.1044 0
75 86.2529 13.3842 0
76 89.7929 13.255 0
77 93.2114 13.4724 0
78 96.7702 13.1272 0
79 100.395 13.2479 0
80 103.975 12.9153 0
81 107.623 13.0164 0
82 111.08 13.1803 0
83 114.673 12.9342 0
84 118.122 13.1051 0
85 121.685 12.8046 0
86 125.187 13.0446 0
87 128.791 12.8573 0
88 132.413 13.0894 0
89 135.938 12.976 0
90 139.424 13.1038 0
91 142.886 12.8928 0
92 146.351 13.0853 0
93 150.014 13.0115 0
94 153.482 13.2041 0
95 157.077 13.002 0
96 160.606 13.2698 0
97 -4.03415 15.7614 0
98 -0.42398 15.9905 0
99 3.08222 15.6931 0
100 6.66517 15.9614 0
101 10.1644 15.6489 0
102 13.6072 15.9211 0
103 17.2253 15.7081 0
104 20.7359 15.975 0
105 24.2442 15.6969 0
106 27.8959 15.5907 0
107 31.3969 15.3796 0
108 34.9849 15.7001 0
109 38.497 16.0041 0
110 41.9607 15.8148 0
111 45.5603 15.9456 0
112 49.0647 15.7837 0
113 52.7184 15.8666 0
114 56.1749 15.645 0
115 59.7506 15.8719 0
116 63.2804 15.6159 0
117 66.8396 15.8738 0
118 70.3639 15.6426 0
119 73.7895 15.9272 0
120 77.3041 15.9633 0
121 80.8876 16.2056 0
122 84.3328 15.9058 0
123 87.8833 16.1877 0
124 91.3362 16.0194 0
125 94.9247 16.1876 0
126 98.4864 15.7881 0
127 102.119 15.9144 0
128 105.636 15.5602 0
129 109.17 15.8152 0
130 112.638 15.9214 0
131 116.308 15.6699 0
132 119.763 15.7661 0
133 123.29 15.5562 0
134 126.821 15.8334 0
135 130.438 15.5772 0
136 133.934 15.8713 0
137 137.49 15.6976 0
138 140.92 15.9235 0
139 144.462 15.72 0
140 148.061 15.8149 0
141 151.579 15.7298 0
142 155.13 15.9182 0
143 158.609 15.77 0
144 162.162 16.0719 0
145 -5.60274 18.542 0
146 -2.05784 18.7779 0
147 1.53715 18.4828 0
148 5.06547 18.6415 0
149 8.61358 18.4506 0
150 12.1197 18.7559 0
151 15.5748 18.4305 0
152 19.1508 18.7035 0
153 22.7351 18.6033 0
154 26.2765 18.3853 0
155 29.7449 18.0982 0
156 33.283 18.4762 0
157 36.804 18.6752 0
158 40.3146 18.5158 0
159 43.9043 18.67 0
160 47.4952 18.4279 0
161 51.043 18.6012 0
162 54.5502 18.4915 0
163 58.1418 18.6361 0
164 61.6569 18.3596 0
165 65.2567 18.6518 0
166 68.7986 18.3596 0
167 72.2865 18.6999 0
168 75.7959 18.8026 0
169 79.32 18.8973 0
170 82.8356 18.6991 0
171 86.3414 19.0136 0
172 89.8484 18.7193 0
173 93.4576 18.9589 0
174 96.9629 18.5906 0
175 100.556 18.6343 0
176 104.08 18.347 0
177 107.611 18.5557 0
178 111.175 18.7496 0
179 114.615 18.4022 0
180 118.151 18.6429 0
181 121.718 18.2996 0
182 125.208 18.6773 0
183 128.814 18.3184 0
184 132.35 18.675 0
185 135.825 18.4003 0
186 139.423 18.6904 0
187 142.956 18.5268 0
188 146.471 18.6444 0
189 149.913 18.3832 0
190 153.489 18.6986 0
191 157.033 18.5704 0
192 160.495 18.7949 0
193 -3.98402 21.2395 0
194 -0.391027 21.441 0
195 3.12157 21.2099 0
196 6.68469 21.4569 0
197 10.1974 21.1841 0
198 13.7377 21.4627 0
199 17.209 21.143 0
200 20.7301 21.4523 0
201 24.3112 21.32 0
202 27.7944 21.2104 0
203 31.3228 20.9083 0
204 34.843 21.2657 0
205 38.353 21.4645 0
206 41.8945 21.2134 0
207 45.5548 21.4082 0
208 49.0384 21.1511 0
209 52.5648 21.3763 0
210 56.1919 21.1739 0
211 59.8133 21.4106 0
212 63.2602 21.134 0
213 66.8646 21.3666 0
214 70.3246 21.2427 0
215 73.9031 21.3521 0
216 77.3553 21.554 0
217 80.9711 21.6741 0
218 84.4333 21.5365 0
219 87.9801 21.6285 0
220 91.5509 21.4727 0
221 95.1206 21.5913 0
222 98.6551 21.1862 0
223 102.153 21.3545 0
224 105.69 21.0391 0
225 109.214 21.3261 0
226 112.763 21.4535 0
227 116.29 21.2154 0
228 119.727 21.4378 0
229 123.295 21.1198 0
230 126.902 21.3141 0
231 130.393 21.0812 0
232 133.932 21.4601 0
233 137.446 21.2236 0
234 140.984 21.4456 0
235 144.567 21.2682 0
236 148.035 21.4785 0
237 151.526 21.1413 0
238 155.053 21.486 0
239 158.632 21.3157 0
240 162.15 21.4856 0
241 -5.55154 24.0057 0
242 -2.00178 24.2317 0
243 1.5155 23.938 0
244 5.10314 24.2829 0
245 8.62031 23.8866 0
246 12.1049 24.1363 0
247 15.6676 23.9789 0
248 19.1081 24.2406 0
249 22.6296 23.9499 0
250 26.1814 23.9171 0
251 29.719 23.6738 0
252 33.2668 23.9709 0
253 36.7695 24.3003 0
254 40.276 24.0214 0
255 43.9688 24.2072 0
256 47.5165 23.9456 0
257 51.0016 24.1839 0
258 54.5486 23.8956 0
259 58.1873 24.1324 0
260 61.7033 23.91 0
261 65.2131 24.0834 0
262 68.7291 23.9078 0
263 72.3187 24.0678 0
264 75.821 24.3395 0
265 79.2471 24.3626 0
266 82.843 24.291 0
267 86.3789 24.335 0
268 89.8839 24.1048 0
269 93.521 24.2742 0
270 97.0792 24.0377 0
271 100.618 24.2437 0
272 104.08 23.8753 0
273 107.647 24.1248 0
274 111.196 24.1702 0
275 114.69 23.9696 0
276 118.177 24.2568 0
277 121.724 24.0138 0
278 125.335 24.1262 0
279 128.822 23.8473 0
280 132.25 24.2272 0
281 135.786 23.982 0
282 139.397 24.3039 0
283 142.943 23.9911 0
284 146.47 24.1863 0
285 150.044 24.0374 0
286 153.486 24.2005 0
287 156.993 24.1409 0
288 160.565 24.232 0
289 -3.89668 26.7046 0
290 -0.369548 27.0251 0
291 3.12325 26.7473 0
292 6.69244 27.0032 0
293 10.1883 26.7048 0
294 13.6337 26.9526 0
295 17.1353 26.815 0
296 20.7265 26.9462 0
297 24.1857 26.6803 0
298 27.7615 26.7565 0
299 31.2711 26.4811 0
300 34.758 26.8851 0
301 38.387 27.0804 0
302 41.961 26.7139 0
303 45.5689 26.8962 0
304 49.1462 26.7456 0
305 52.6846 26.8508 0
306 56.2158 26.6252 0
307 59.7262 26.9084 0
308 63.2825 26.6215 0
309 66.8081 26.8489 0
310 70.2931 26.6402 0
311 73.8869 26.8432 0
312 77.4084 27.0389 0
313 80.9504 26.9901 0
314 84.4409 26.9794 0
315 87.9722 27.136 0
316 91.5222 26.9071 0
317 95.044 27.049 0
318 98.6769 26.7185 0
319 102.216 26.973 0
320 105.74 26.6193 0
321 109.283 26.8195 0
322 112.793 26.8992 0
323 116.277 26.6824 0
324 119.784 26.9342 0
325 123.37 26.637 0
326 126.882 26.9658 0
327 130.327 26.7755 0
328 133.839 26.9204 0
329 137.488 26.7826 0
330 141.049 27.0097 0
331 144.619 26.7072 0
332 148.078 26.9597 0
333 151.667 26.8011 0
334 155.16 27.0023 0
335 158.639 26.8117 0
336 162.195 27.0397 0
337 -5.54435 29.4989 0
338 -2.0175 29.7812 0
339 1.5551 29.5535 0
340 5.06339 29.7732 0
341 8.64551 29.5343 0
342 12.0311 29.7542 0
343 15.4538 29.4872 0
344 19.0423 29.7053 0
345 22.586 29.4237 0
346 26.1102 29.5722 0
347 29.676 29.3718 0
348 33.1319 29.5623 0
349 36.7957 29.77 0
350 40.384 29.5154 0
351 43.9566 29.6422 0
352 47.4642 29.4538 0
353 51.111 29.5925 0
354 54.59 29.4129 0
355 58.106 29.6191 0
356 61.6473 29.3972 0
357 65.2193 29.6066 0
358 68.7048 29.4082 0
359 72.2666 29.5555 0
360 75.8729 29.7851 0
361 79.3506 29.6466 0
362 82.9314 29.8737 0
363 86.3856 30.0133 0
364 89.9624 29.6283 0
365 93.502 29.7502 0
366 97.0365 29.4551 0
367 100.6 29.6129 0
368 104.209 29.4589 0
369 107.755 29.586 0
370 111.243 29.6326 0
371 114.745 29.4568 0
372 118.208 29.6365 0
373 121.799 29.3924 0
374 125.256 29.6455 0
375 128.771 29.5585 0
376 132.273 29.7223 0
377 135.801 29.4487 0
378 139.41 29.7399 0
379 143.028 29.5012 0
380 146.574 29.7315 0
381 150.049 29.4461 0
382 153.631 29.7496 0
383 157.098 29.6011 0
384 160.56 29.8211 0
385 -3.94554 32.3237 0
386 -0.447199 32.5657 0
387 3.135 32.3007 0
388 6.65124 32.4763 0
389 10.0969 32.4042 0
390 13.6102 32.5063 0
391 17.0782 32.1837 0
392 20.6106 32.3766 0
393 24.1607 32.1738 0
394 27.6943 32.3126 0
395 31.29 32.148 0
396 34.8453 32.2706 0
397 38.4031 32.5409 0
398 41.9878 32.1802 0
399 45.5456 32.4467 0
400 49.1195 32.1574 0
401 52.5872 32.3602 0
402 56.1743 32.192 0
403 59.7205 32.3663 0
404 63.3036 32.0842 0
405 66.8538 32.3718 0
406 70.3102 32.124 0
407 73.9414 32.2884 0
408 77.4449 32.6198 0
409 80.9928 32.4081 0
410 84.4961 32.6729 0
411 88.0914 32.6015 0
412 91.6441 32.2684 0
413 95.2148 32.2891 0
414 98.726 32.1316 0
415 102.236 32.2839 0
416 105.87 32.1461 0
417 109.314 32.4566 0
418 112.859 32.4213 0
419 116.348 32.226 0
420 119.863 32.3933 0
421 123.359 32.2038 0
422 126.845 32.452 0
423 130.346 32.3339 0
424 133.865 32.5375 0
425 137.42 32.2079 0
426 141.029 32.4809 0
427 144.616 32.2503 0
428 148.193 32.4979 0
429 151.625 32.24 0
430 155.109 32.5166 0
431 158.682 32.3564 0
432 162.231 32.4489 0
433 -5.49052 35.0375 0
434 -2.01002 35.3093 0
435 1.43209 35.0252 0
436 5.03243 35.2748 0
437 8.50314 35.1299 0
438 12.0728 35.3083 0
439 15.5532 35.0233 0
440 19.0679 35.1384 0
441 22.4662 34.8434 0
442 26.0678 35.0789 0
443 29.6057 34.7856 0
444 33.2541 34.9632 0
445 36.7941 35.2757 0
446 40.3504 35.0219 0
447 44.0097 35.1777 0
448 47.5048 34.908 0
449 51.0292 35.1796 0
450 54.5704 34.931 0
451 58.0943 35.1798 0
452 61.6732 34.8761 0
453 65.2066 35.0735 0
454 68.7756 34.8449 0
455 72.2705 35.0157 0
456 75.8671 35.3603 0
457 79.3867 35.0634 0
458 82.9442 35.3887 0
459 86.5376 35.3037 0
460 90.1277 35.0321 0
461 93.7509 35.057 0
462 97.1314 34.8728 0
463 100.671 35.1098 0
464 104.171 34.8408 0
465 107.695 35.1565 0
466 111.301 35.332 0
467 114.794 35.085 0
468 118.271 35.2262 0
469 121.788 34.9559 0
470 125.264 35.1998 0
471 128.726 35.0999 0
472 132.235 35.2268 0
473 135.82 35.0625 0
474 139.35 35.2002 0
475 142.995 34.9733 0
476 146.573 35.2359 0
477 150.092 35.0482 0
478 153.57 35.2414 0
479 157.109 35.0635 0
480 160.676 35.2701 0
481 -3.91953 37.8405 0
482 -0.437962 38.1153 0
483 3.02 37.7923 0
484 6.57761 38.0765 0
485 10.0581 37.886 0
486 13.6441 38.0667 0
487 17.1619 37.7156 0
488 20.6821 37.9183 0
489 24.1982 37.5742 0
490 27.7391 37.8158 0
491 31.3277 37.532 0
492 34.8702 37.7065 0
493 38.4294 37.9207 0
494 42.0802 37.6385 0
495 45.5889 37.9411 0
496 49.0959 37.6707 0
497 52.623 37.9192 0
498 56.1707 37.7288 0
499 59.6507 37.838 0
500 63.265 37.615 0
501 66.7606 37.9073 0
502 70.281 37.6339 0
503 73.8587 37.7375 0
504 77.3767 38.0635 0
505 80.9345 37.8861 0
506 84.5365 38.1491 0
507 88.1815 37.9933 0
508 91.7655 37.6597 0
509 95.2595 37.9529 0
510 98.7401 37.6735 0
511 102.256 37.816 0
512 105.723 37.6127 0
513 109.307 37.8754 0
514 112.887 38.0017 0
515 116.435 37.8354 0
516 119.876 37.94 0
517 123.385 37.7412 0
518 126.851 37.999 0
519 130.393 37.7938 0
520 133.87 38.0253 0
521 137.428 37.7174 0
522 140.993 37.8242 0
523 144.621 37.7413 0
524 148.11 38.05 0
525 151.703 37.823 0
526 155.226 37.9961 0
527 158.728 37.8388 0
528 162.285 38.0095 0
529 -5.52243 40.5076 0
530 -2.05857 40.8631 0
531 1.51447 40.5553 0
532 4.96663 40.8064 0
533 8.52346 40.7098 0
534 12.0785 40.8181 0
535 15.6355 40.5503 0
536 19.1635 40.7594 0
537 22.7761 40.5062 0
538 26.3272 40.7051 0
539 29.7539 40.2826 0
540 33.2239 40.4382 0
541 36.9387 40.712 0
542 40.4589 40.3746 0
543 43.9262 40.6367 0
544 47.5495 40.4859 0
545 51.0123 40.643 0
546 54.5183 40.4264 0
547 58.1257 40.6951 0
548 61.6564 40.3676 0
549 65.244 40.7305 0
550 68.7411 40.4294 0
551 72.2344 40.416 0
552 75.7339 40.7324 0
553 79.3046 40.6425 0
554 82.8349 40.7975 0
555 86.439 40.671 0
556 90.1857 40.5025 0
557 93.6961 40.7602 0
558 97.3211 40.5512 0
559 100.792 40.7145 0
560 104.205 40.3982 0
561 107.614 40.5721 0
562 111.241 40.7402 0
563 114.864 40.6287 0
564 118.398 40.819 0
565 121.817 40.505 0
566 125.31 40.8204 0
567 128.825 40.5598 0
568 132.328 40.8035 0
569 135.883 40.4868 0
570 139.421 40.7179 0
571 142.973 40.4143 0
572 146.491 40.6996 0
573 150.08 40.5036 0
574 153.564 40.7544 0
575 157.147 40.503 0
576 160.637 40.8159 0
577 -4.01861 43.2786 0
578 -0.365174 43.5763 0
579 3.07911 43.3542 0
580 6.63543 43.5031 0
581 10.1845 43.3292 0
582 13.7654 43.5183 0
583 17.2481 43.3157 0
584 20.7912 43.4833 0
585 24.3038 43.2957 0
586 27.912 43.4495 0
587 31.3242 43.1468 0
588 34.8893 43.1473 0
589 38.4329 43.5713 0
590 41.9647 43.1549 0
591 45.4868 43.4402 0
592 49.0694 43.2462 0
593 52.6252 43.4059 0
594 56.1553 43.1808 0
595 59.7059 43.373 0
596 63.2396 43.1608 0
597 66.8837 43.4314 0
598 70.3608 43.2571 0
599 73.8296 43.239 0
600 77.3816 43.3725 0
601 80.9615 43.3732 0
602 84.5387 43.4993 0
603 88.1833 43.2773 0
604 91.7287 43.3404 0
605 95.3447 43.4552 0
606 98.8638 43.3651 0
607 102.334 43.5035 0
608 105.696 43.2985 0
609 109.314 43.1693 0
610 112.873 43.5311 0
611 116.415 43.3676 0
612 119.929 43.5918 0
613 123.374 43.2658 0
614 126.85 43.5343 0
615 130.444 43.323 0
616 133.952 43.4512 0
617 137.532 43.256 0
618 141.131 43.4121 0
619 144.61 43.1685 0
620 148.12 43.552 0
621 151.531 43.3487 0
622 155.127 43.4689 0
623 158.684 43.4021 0
624 162.225 43.5112 0
625 -5.55684 46.0767 0
626 -2.0487 46.2216 0
627 1.54719 46.126 0
628 5.06944 46.2167 0
629 8.60344 46.036 0
630 12.1722 46.2212 0
631 15.659 46.0242 0
632 19.1694 46.2553 0
633 22.7438 45.9883 0
634 26.303 46.1644 0
635 29.9141 46.0732 0
636 33.3276 45.9557 0
637 36.7903 46.2514 0
638 40.3569 46.0942 0
639 43.833 46.2591 0
640 47.4392 46.0011 0
641 51.0307 46.0482 0
642 54.5052 45.8751 0
643 58.0619 46.087 0
644 61.5955 45.9912 0
645 65.2248 46.1618 0
646 68.8025 46.006 0
647 72.4056 46.156 0
648 75.7434 46.1718 0
649 79.353 46.1092 0
650 82.9398 46.2428 0
651 86.5659 45.9432 0
652 90.2575 46.1678 0
653 93.6341 46.0918 0
654 97.1702 45.9819 0
655 100.73 46.2771 0
656 104.201 46.1504 0
657 107.661 45.9225 0
658 111.215 46.2401 0
659 114.767 46.0408 0
660 118.362 46.2502 0
661 121.864 46.1326 0
662 125.265 46.2949 0
663 128.836 46.0881 0
664 132.421 46.2439 0
665 135.909 45.9359 0
666 139.464 46.1063 0
667 143.061 45.9074 0
668 146.504 46.2085 0
669 150.034 46.1149 0
670 153.462 46.1528 0
671 157.091 46.0979 0
672 160.644 46.2252 0
673 -3.9358 48.8449 0
674 -0.407617 48.9814 0
675 3.18401 48.7438 0
676 6.69685 48.9836 0
677 10.2439 48.7648 0
678 13.7525 49.1005 0
679 17.2842 48.7331 0
680 20.8421 48.844 0
681 24.4171 48.6366 0
682 27.9006 49.0998 0
683 31.4437 48.9139 0
684 34.9218 48.8281 0
685 38.4024 48.9292 0
686 41.9352 48.7702 0
687 45.5621 48.8835 0
688 49.1191 48.6603 0
689 52.6125 48.8577 0
690 56.1483 48.575 0
691 59.6259 48.8749 0
692 63.2256 48.6745 0
693 66.8122 48.8644 0
694 70.3882 48.7491 0
695 73.8576 49.0453 0
696 77.3559 48.9101 0
697 80.8955 48.899 0
698 84.5735 48.8576 0
699 88.2474 48.6412 0
700 91.6598 49.0789 0
701 95.1505 48.8787 0
702 98.6821 48.7494 0
703 102.238 49.0389 0
704 105.735 48.8765 0
705 109.258 48.6791 0
706 112.789 48.9699 0
707 116.322 48.8098 0
708 119.889 49.0762 0
709 123.465 48.9612 0
710 126.952 49.0826 0
711 130.466 48.7528 0
712 133.999 49.0655 0
713 137.568 48.6332 0
714 141.059 48.7913 0
715 144.576 48.655 0
716 148.03 48.9993 0
717 151.605 48.8614 0
718 155.149 48.9926 0
719 158.783 48.7681 0
720 162.266 49.0278 0
721 -5.522 51.677 0
722 -1.91761 51.8229 0
723 1.56589 51.4926 0
724 5.09349 51.7744 0
725 8.69698 51.5156 0
726 12.1578 51.7562 0
727 15.7071 51.5247 0
728 19.3078 51.7015 0
729 22.7916 51.3946 0
730 26.2671 51.8571 0
731 29.8348 51.6502 0
732 33.3798 51.5152 0
733 36.8751 51.7031 0
734 40.3933 51.5617 0
735 43.9658 51.5951 0
736 47.4917 51.3771 0
737 51.0788 51.6573 0
738 54.5613 51.3305 0
739 58.0581 51.6781 0
740 61.5456 51.3349 0
741 65.1662 51.6168 0
742 68.6464 51.3538 0
743 72.1935 51.6886 0
744 75.7317 51.5791 0
745 79.3129 51.7186 0
746 82.8229 51.4242 0
747 86.4808 51.279 0
748 90.0088 51.7204 0
749 93.5529 51.6264 0
750 97.0513 51.4589 0
751 100.528 51.6988 0
752 104.08 51.5926 0
753 107.648 51.3971 0
754 111.118 51.7112 0
755 114.672 51.5486 0
756 118.28 51.8308 0
757 121.778 51.5767 0
758 125.391 51.8501 0
759 128.906 51.5182 0
760 132.343 51.7749 0
761 135.975 51.452 0
762 139.556 51.6263 0
763 142.978 51.3698 0
764 146.417 51.7398 0
765 149.925 51.5111 0
766 153.537 51.7928 0
767 157.13 51.4552 0
768 160.616 51.8281 0
769 -3.755 54.4301 0
770 -0.199731 54.5299 0
771 3.28309 54.2893 0
772 6.73839 54.5653 0
773 10.2477 54.3142 0
774 13.8248 54.5427 0
775 17.3678 54.1611 0
776 20.8683 54.5158 0
777 24.3023 54.3897 0
778 27.8764 54.5683 0
779 31.4149 54.5045 0
780 35.0048 54.176 0
781 38.5046 54.4751 0
782 42.0576 54.2154 0
783 45.6182 54.332 0
784 49.1456 54.1176 0
785 52.6279 54.4114 0
786 56.1609 54.1472 0
787 59.6841 54.4485 0
788 63.2375 54.0779 0
789 66.7185 54.4187 0
790 70.1965 54.2342 0
791 73.7298 54.3656 0
792 77.3731 54.2771 0
793 80.8835 54.4499 0
794 84.4926 54.215 0
795 87.9476 54.109 0
796 91.5584 54.4694 0
797 95.061 54.5029 0
798 98.5328 54.2349 0
799 102.019 54.5332 0
800 105.659 54.3675 0
801 109.076 54.2911 0
802 112.68 54.5073 0
803 116.307 54.2425 0
804 119.817 54.5099 0
805 123.42 54.325 0
806 126.916 54.613 0
807 130.41 54.4088 0
808 134.017 54.3758 0
809 137.62 54.1668 0
810 141.05 54.4882 0
811 144.527 54.2576 0
812 147.984 54.5248 0
813 151.542 54.2558 0
814 155.128 54.5507 0
815 158.631 54.3454 0
816 162.21 54.6341 0
817 -5.46283 57.0999 0
818 -1.80307 57.3285 0
819 1.70479 57.1181 0
820 5.17859 57.3858 0
821 8.74225 57.1065 0
822 12.1921 57.3267 0
823 15.7753 56.9624 0
824 19.2016 57.2384 0
825 22.702 57.125 0
826 26.3051 57.3063 0
827 29.8047 57.2945 0
828 33.4704 56.9222 0
829 36.978 57.254 0
830 40.4692 57.0214 0
831 44.0133 57.1412 0
832 47.5361 56.8077 0
833 51.038 57.1099 0
834 54.6091 56.8659 0
835 58.0849 57.1783 0
836 61.6412 56.9375 0
837 65.1469 57.3198 0
838 68.6283 57.0628 0
839 72.1861 57.1532 0
840 75.7554 57.0003 0
841 79.2667 57.197 0
842 82.8669 56.9905 0
843 86.3418 56.9548 0
844 89.7686 57.0775 0
845 93.4676 57.1443 0
846 96.9279 57.074 0
847 100.41 57.2299 0
848 103.979 57.0295 0
849 107.492 57.1346 0
850 110.981 57.2536 0
851 114.639 57.037 0
852 118.177 57.3258 0
853 121.723 57.0945 0
854 125.291 57.3441 0
855 128.775 57.1399 0
856 132.35 57.0543 0
857 135.898 56.9371 0
858 139.38 57.3505 0
859 142.922 57.0928 0
860 146.425 57.3021 0
861 150.064 57.0557 0
862 153.531 57.3236 0
863 157.107 57.0824 0
864 160.732 57.4126 0
865 -3.875 59.8108 0
866 -0.232732 60.1445 0
867 3.19868 59.9655 0
868 6.7688 60.1227 0
869 10.334 59.9205 0
870 13.7508 60.03 0
871 17.177 59.9217 0
872 20.7448 60.0372 0
873 24.3236 59.8169 0
874 27.8271 60.0857 0
875 31.4989 59.955 0
876 35.0237 59.7888 0
877 38.5299 60.0038 0
878 42.0648 59.7092 0
879 45.6118 59.8752 0
880 49.0885 59.5842 0
881 52.5763 59.8593 0
882 56.103 59.6601 0
883 59.69 59.9669 0
884 63.2179 59.781 0
885 66.7653 60.0876 0
886 70.3577 59.6817 0
887 73.834 60.0031 0
888 77.3319 59.7612 0
889 80.8891 59.8461 0
890 84.3358 59.817 0
891 87.8477 59.724 0
892 91.4509 59.6814 0
893 95.0536 59.9449 0
894 98.479 59.8567 0
895 102.043 59.9676 0
896 105.576 59.7286 0
897 109.085 59.8794 0
898 112.595 60.0651 0
899 116.213 59.8314 0
900 119.749 60.0807 0
901 123.209 59.8749 0
902 126.794 60.1573 0
903 130.371 59.9524 0
904 133.859 59.8957 0
905 137.423 59.8335 0
906 140.973 59.9989 0
907 144.49 59.8271 0
908 148.132 59.9311 0
909 151.706 59.8456 0
910 155.239 60.0287 0
911 158.821 59.9082 0
912 162.327 60.1273 0
913 -5.38978 62.5619 0
914 -1.89282 62.8725 0
915 1.59389 62.6698 0
916 5.12833 62.778 0
917 8.69106 62.6233 0
918 12.2679 62.8976 0
919 15.685 62.6638 0
920 19.2021 62.7634 0
921 22.7762 62.5655 0
922 26.2442 62.8411 0
923 29.8577 62.6626 0
924 33.5007 62.5132 0
925 36.9882 62.7986 0
926 40.5795 62.528 0
927 44.103 62.6614 0
928 47.4956 62.4613 0
929 51.0327 62.6666 0
930 54.4747 62.3984 0
931 58.0193 62.7017 0
932 61.6195 62.5361 0
933 65.1655 62.7637 0
934 68.7413 62.5193 0
935 72.2289 62.8323 0
936 75.7701 62.5225 0
937 79.3667 62.646 0
938 82.7548 62.6153 0
939 86.3436 62.6543 0
940 89.8308 62.4027 0
941 93.4253 62.6586 0
942 97.0174 62.8063 0
943 100.438 62.7149 0
944 104.007 62.4897 0
945 107.501 62.5856 0
946 110.957 62.8696 0
947 114.589 62.5936 0
948 118.136 62.822 0
949 121.71 62.8161 0
950 125.158 62.8432 0
951 128.748 62.7338 0
952 132.246 62.6114 0
953 135.87 62.5627 0
954 139.371 62.6975 0
955 142.936 62.525 0
956 146.544 62.6349 0
957 149.976 62.5245 0
958 153.672 62.7704 0
959 157.153 62.5534 0
960 160.772 62.8235 0
961 -3.80371 65.3898 0
962 -0.284356 65.6469 0
963 3.27252 65.3812 0
964 6.79463 65.5924 0
965 10.2715 65.433 0
966 13.7961 65.6225 0
967 17.3337 65.4422 0
968 20.7728 65.6451 0
969 24.3216 65.3752 0
970 27.881 65.4748 0
971 31.4718 65.5234 0
972 35.0053 65.326 0
973 38.678 65.4592 0
974 42.1909 65.267 0
975 45.6079 65.5417 0
976 49.1176 65.2318 0
977 52.593 65.5095 0
978 56.1204 65.2235 0
979 59.6676 65.4302 0
980 63.1737 65.2545 0
981 66.7574 65.5156 0
982 70.2616 65.2915 0
983 73.8838 65.5265 0
984 77.3685 65.2097 0
985 80.8858 65.5075 0
986 84.4541 65.2319 0
987 87.8955 65.4328 0
988 91.4719 65.2341 0
989 94.9951 65.4167 0
990 98.571 65.6312 0
991 102.09 65.4321 0
992 105.624 65.1569 0
993 109.083 65.3587 0
994 112.544 65.5771 0
995 116.137 65.3736 0
996 119.646 65.6183 0
997 123.26 65.4983 0
998 126.795 65.6129 0
999 130.353 65.4413 0
1000 133.967 65.2178 0
1001 137.506 65.3256 0
1002 141.002 65.4761 0
1003 144.613 65.1868 0
1004 148.033 65.478 0
1005 151.663 65.2563 0
1006 155.192 65.5802 0
1007 158.709 65.2263 0
1008 162.377 65.4993 0
1009 -5.37593 68.0721 0
1010 -1.90411 68.4317 0
1011 1.61422 68.1792 0
1012 5.20411 68.4384 0
1013 8.71271 68.1489 0
1014 12.1592 68.4188 0
1015 15.7034 68.1736 0
1016 19.2389 68.4557 0
1017 22.7336 68.192 0
1018 26.3579 68.3349 0
1019 29.7987 68.2667 0
1020 33.3478 68.0153 0
1021 37.0509 68.176 0
1022 40.5725 68.0954 0
1023 43.9916 68.294 0
1024 47.5605 68.0574 0
1025 51.0217 68.2138 0
1026 54.5688 68.0243 0
1027 58.1047 68.1351 0
1028 61.6268 67.9686 0
1029 65.0605 68.2393 0
1030 68.7332 68.0194 0
1031 72.1947 68.2758 0
1032 75.8284 68.0124 0
1033 79.3203 68.2058 0
1034 82.8737 67.962 0
1035 86.4203 68.2924 0
1036 89.8012 68.0413 0
1037 93.3605 68.2053 0
1038 96.9153 68.2715 0
1039 100.534 68.2023 0
1040 104.018 67.878 0
1041 107.562 68.1554 0
1042 111.045 68.4434 0
1043 114.497 68.0513 0
1044 118.064 68.3455 0
1045 121.615 68.1601 0
1046 125.113 68.2657 0
1047 128.743 68.1044 0
1048 132.342 67.9382 0
1049 135.899 68.177 0
1050 139.565 68.389 0
1051 143.03 68.1237 0
1052 146.514 68.3268 0
1053 149.932 67.9617 0
1054 153.536 68.1806 0
1055 157.163 68.0605 0
1056 160.672 68.11 0
1057 -3.84624 70.8767 0
1058 -0.320925 71.101 0
1059 3.19885 70.938 0
1060 6.82415 71.282 0
1061 10.2506 71.0327 0
1062 13.7944 71.1904 0
1063 17.3652 70.9394 0
1064 20.8985 71.1348 0
1065 24.4135 70.8702 0
1066 27.8947 71.1949 0
1067 31.4169 71.0026 0
1068 35.0654 70.7597 0
1069 38.5446 71.1085 0
1070 42.0754 70.8514 0
1071 45.6095 70.9845 0
1072 49.1037 70.8311 0
1073 52.6951 70.927 0
1074 56.199 70.7054 0
1075 59.7162 70.9653 0
1076 63.211 70.8547 0
1077 66.6758 70.936 0
1078 70.2432 70.7692 0
1079 73.8718 71.0353 0
1080 77.4193 70.724 0
1081 80.9776 70.877 0
1082 84.3851 70.7569 0
1083 87.9004 71.1728 0
1084 91.3893 70.8582 0
1085 94.9664 71.0271 0
1086 98.6641 70.8733 0
1087 102.185 70.8162 0
1088 105.642 70.647 0
1089 109.145 70.9646 0
1090 112.621 71.2785 0
1091 116.095 70.8631 0
1092 119.708 71.0697 0
1093 123.172 70.9927 0
1094 126.703 71.1055 0
1095 130.418 70.8499 0
1096 133.935 70.8579 0
1097 137.545 70.7863 0
1098 141.159 71.143 0
1099 144.648 70.8903 0
1100 148.151 71.0991 0
1101 151.584 70.8557 0
1102 155.304 70.7043 0
1103 158.765 70.8293 0
1104 162.459 70.682 0
1105 -5.38304 73.7041 0
1106 -1.91096 73.9097 0
1107 1.59546 73.6621 0
1108 5.1265 74.0428 0
1109 8.67479 73.7972 0
1110 12.2691 73.99 0
1111 15.8014 73.7088 0
1112 19.3256 73.9438 0
1113 22.7987 73.6747 0
1114 26.376 73.9922 0
1115 29.8744 73.7403 0
1116 33.4438 73.6717 0
1117 36.9329 73.8128 0
1118 40.4535 73.5497 0
1119 43.9935 73.7094 0
1120 47.4936 73.495 0
1121 51.0423 73.7171 0
1122 54.6629 73.5184 0
1123 58.1361 73.7332 0
1124 61.546 73.5398 0
1125 65.2207 73.7889 0
1126 68.7042 73.6165 0
1127 72.2967 73.7411 0
1128 75.9014 73.4273 0
1129 79.371 73.5704 0
1130 82.9235 73.7135 0
1131 86.3475 73.9627 0
1132 89.8619 73.6299 0
1133 93.4573 73.8119 0
1134 96.9393 73.4877 0
1135 100.623 73.5906 0
1136 104.087 73.4362 0
1137 107.501 73.7048 0
1138 111.012 73.9678 0
1139 114.589 73.6949 0
1140 118.121 73.7846 0
1141 121.626 73.6989 0
1142 125.129 73.8161 0
1143 128.746 73.555 0
1144 132.372 73.6388 0
1145 135.93 73.3877 0
1146 139.447 73.7442 0
1147 143.061 73.6371 0
1148 146.615 73.8409 0
1149 150.18 73.6922 0
1150 153.708 73.3994 0
1151 157.287 73.6079 0
1152 160.851 73.4121 0
1153 -3.85199 76.4718 0
1154 -0.318782 76.6777 0
1155 3.20436 76.5244 0
1156 6.7552 76.751 0
1157 10.2963 76.4619 0
1158 13.8509 76.6815 0
1159 17.2739 76.5532 0
1160 20.8731 76.734 0
1161 24.4301 76.4061 0
1162 27.9574 76.6805 0
1163 31.4779 76.582 0
1164 34.9939 76.441 0
1165 38.4464 76.5967 0
1166 42.0244 76.2978 0
1167 45.5273 76.4899 0
1168 49.1343 76.2176 0
1169 52.6496 76.3521 0
1170 56.1987 76.2705 0
1171 59.7146 76.5897 0
1172 63.146 76.2167 0
1173 66.8337 76.5539 0
1174 70.3931 76.2919 0
1175 73.9602 76.4369 0
1176 77.4588 76.2235 0
1177 80.9778 76.2815 0
1178 84.4582 76.4755 0
1179 88.0352 76.6339 0
1180 91.5344 76.3048 0
1181 95.0378 76.5247 0
1182 98.6108 76.1887 0
1183 102.028 76.4502 0
1184 105.561 76.2929 0
1185 109.131 76.3978 0
1186 112.631 76.7046 0
1187 116.214 76.4085 0
1188 119.76 76.5552 0
1189 123.296 76.3312 0
1190 126.852 76.4671 0
1191 130.421 76.1149 0
1192 133.987 76.4622 0
1193 137.472 76.1786 0
1194 141.009 76.4667 0
1195 144.59 76.3863 0
1196 148.232 76.6139 0
1197 151.785 76.406 0
1198 155.362 76.1588 0
1199 158.835 76.3883 0
1200 162.395 76.1712 0
1201 -5.40967 79.3218 0
1202 -1.79013 79.4266 0
1203 1.61892 79.2502 0
1204 5.13566 79.5218 0
1205 8.6858 79.2786 0
1206 12.2301 79.4376 0
1207 15.7537 79.2473 0
1208 19.2609 79.5199 0
1209 22.8881 79.2624 0
1210 26.3948 79.4455 0
1211 29.9397 79.3799 0
1212 33.4307 79.1933 0
1213 36.8893 79.4043 0
1214 40.3723 79.1744 0
1215 43.9807 79.2403 0
1216 47.524 78.9681 0
1217 51.0758 79.1107 0
1218 54.5552 78.97 0
1219 58.0916 79.3496 0
1220 61.6997 79.0722 0
1221 65.1351 79.2555 0
1222 68.7731 79.0237 0
1223 72.302 79.208 0
1224 75.8174 78.9145 0
1225 79.4282 79.1736 0
1226 82.941 79.2683 0
1227 86.4054 79.3051 0
1228 89.9377 79.1046 0
1229 93.4137 79.3654 0
1230 96.98 78.9877 0
1231 100.447 79.2931 0
1232 103.941 79.0375 0
1233 107.586 79.1443 0
1234 111.035 79.4374 0
1235 114.556 79.1174 0
1236 118.215 79.3069 0
1237 121.729 79.0927 0
1238 125.361 79.2785 0
1239 128.847 78.9076 0
1240 132.416 79.2004 0
1241 135.924 78.9794 0
1242 139.467 79.1671 0
1243 142.93 79.1034 0
1244 146.494 79.3071 0
1245 150.194 79.13 0
1246 153.714 78.8527 0
1247 157.266 79.2095 0
1248 160.802 78.9797 0
1249 -3.7664 81.9634 0
1250 -0.234667 82.3863 0
1251 3.19108 82.0513 0
1252 6.79013 82.1887 0
1253 10.3142 81.9391 0
1254 13.8004 82.1326 0
1255 17.3756 81.9896 0
1256 20.9621 82.1708 0
1257 24.532 81.9733 0
1258 28.1091 82.1555 0
1259 31.5292 82.1676 0
1260 35.0087 81.9798 0
1261 38.5993 82.0731 0
1262 42.1273 81.7801 0
1263 45.6758 81.9407 0
1264 49.1084 81.6812 0
1265 52.5855 81.9233 0
1266 56.1591 81.8177 0
1267 59.6941 82.011 0
1268 63.156 81.9352 0
1269 66.8024 81.941 0
1270 70.3924 81.762 0
1271 73.9333 81.9289 0
1272 77.4978 81.6431 0
1273 80.9397 81.9421 0
1274 84.4554 82.0837 0
1275 87.9859 81.9928 0
1276 91.5002 81.8586 0
1277 95.0579 82.0749 0
1278 98.5569 81.7786 0
1279 102.067 81.9399 0
1280 105.594 81.6685 0
1281 109.158 82.0446 0
1282 112.688 82.1342 0
1283 116.25 81.7845 0
1284 119.784 82.0253 0
1285 123.351 81.8205 0
1286 126.944 81.9749 0
1287 130.427 81.6497 0
1288 133.987 81.9952 0
1289 137.553 81.7669 0
1290 141.031 82.016 0
1291 144.526 81.7562 0
1292 148.073 82.0618 0
1293 151.77 81.8228 0
1294 155.259 81.6877 0
1295 158.808 81.9359 0
1296 162.367 81.811 0
1297 -5.40965 84.6779 0
1298 -1.87248 85.0088 0
1299 1.7327 84.9078 0
1300 5.28624 85.0571 0
1301 8.73381 84.7197 0
1302 12.2558 84.9478 0
1303 15.7313 84.7127 0
1304 19.3139 84.9287 0
1305 22.9097 84.7092 0
1306 26.501 84.8111 0
1307 30.015 85.0632 0
1308 33.4659 84.7162 0
1309 37.0212 84.7566 0
1310 40.5617 84.6034 0
1311 44.104 84.7444 0
1312 47.5819 84.5627 0
1313 51.0401 84.7471 0
1314 54.4877 84.492 0
1315 58.0793 84.7943 0
1316 61.5324 84.6426 0
1317 65.1896 84.662 0
1318 68.7582 84.4853 0
1319 72.404 84.7182 0
1320 75.8727 84.4141 0
1321 79.3179 84.7569 0
1322 82.87 84.82 0
1323 86.5604 84.8672 0
1324 89.9164 84.6358 0
1325 93.4262 84.878 0
1326 97.013 84.5816 0
1327 100.532 84.7709 0
1328 104.048 84.4324 0
1329 107.584 84.7302 0
1330 111.117 84.8649 0
1331 114.692 84.5649 0
1332 118.186 84.7462 0
1333 121.747 84.5094 0
1334 125.318 84.8189 0
1335 128.848 84.5327 0
1336 132.402 84.7335 0
1337 135.925 84.4821 0
1338 139.465 84.7498 0
1339 143.077 84.6666 0
1340 146.495 84.8446 0
1341 150.064 84.5056 0
1342 153.597 84.4107 0
1343 157.189 84.6676 0
1344 160.717 84.5345 0
1345 -3.80883 87.4331 0
1346 -0.251179 87.7549 0
1347 3.34501 87.5823 0
1348 6.89324 87.8186 0
1349 10.2644 87.5437 0
1350 13.8239 87.6848 0
1351 17.4312 87.4179 0
1352 20.9354 87.707 0
1353 24.6078 87.4031 0
1354 27.998 87.6063 0
1355 31.5654 87.7588 0
1356 35.1082 87.4507 0
1357 38.5969 87.5903 0
1358 42.1439 87.2745 0
1359 45.5906 87.5605 0
1360 49.0918 87.3842 0
1361 52.6158 87.6443 0
1362 56.1555 87.3709 0
1363 59.6288 87.5611 0
1364 63.1769 87.3394 0
1365 66.8033 87.4045 0
1366 70.3775 87.1953 0
1367 73.9482 87.5311 0
1368 77.3876 87.2311 0
1369 81.0044 87.4368 0
1370 84.6038 87.3922 0
1371 88.13 87.7682 0
1372 91.5789 87.3515 0
1373 95.1022 87.6037 0
1374 98.5955 87.2471 0
1375 102.177 87.4948 0
1376 105.678 87.2036 0
1377 109.215 87.3775 0
1378 112.865 87.572 0
1379 116.354 87.2805 0
1380 119.876 87.5528 0
1381 123.334 87.3674 0
1382 126.937 87.588 0
1383 130.484 87.3221 0
1384 134.012 87.465 0
1385 137.572 87.2207 0
1386 141.104 87.4806 0
1387 144.694 87.4021 0
1388 148.273 87.5758 0
1389 151.673 87.2546 0
1390 155.2 87.1261 0
1391 158.791 87.4644 0
1392 162.366 87.2485 0
1393 -5.43736 90.2337 0
1394 -1.93044 90.41 0
1395 1.66759 90.2849 0
1396 5.20461 90.6411 0
1397 8.70693 90.3094 0
1398 12.2375 90.419 0
1399 15.8212 90.2109 0
1400 19.3401 90.4862 0
1401 22.9209 90.2294 0
1402 26.4834 90.4604 0
1403 29.9504 90.4527 0
1404 33.5348 90.2538 0
1405 37.1067 90.407 0
1406 40.5971 90.1146 0
1407 43.9766 90.4019 0
1408 47.4781 90.1422 0
1409 51.0667 90.3692 0
1410 54.6274 90.1712 0
1411 58.119 90.4626 0
1412 61.59 90.0409 0
1413 65.1896 90.1152 0
1414 68.7037 89.9877 0
1415 72.238 90.1767 0
1416 75.8101 90.0402 0
1417 79.3747 90.0532 0
1418 82.9657 90.0545 0
1419 86.4867 90.4951 0
1420 90.097 90.2591 0
1421 93.5602 90.3796 0
1422 97.0837 90.1233 0
1423 100.641 90.2347 0
1424 104.115 90.0126 0
1425 107.624 90.047 0
1426 111.241 90.2875 0
1427 114.816 90.1199 0
1428 118.267 90.2902 0
1429 121.823 90.1344 0
1430 125.318 90.3189 0
1431 128.903 90.0975 0
1432 132.521 90.3148 0
1433 136.045 89.9589 0
1434 139.534 90.2081 0
1435 143.057 90.0749 0
1436 146.642 90.2732 0
1437 150.219 90.1461 0
1438 153.685 89.9411 0
1439 157.202 90.2566 0
1440 160.77 89.92 0
1441 -3.90476 93.0699 0
1442 -0.334432 93.1916 0
1443 3.23644 93.1229 0
1444 6.81469 93.3536 0
1445 10.3269 93.0568 0
1446 13.878 93.1068 0
1447 17.4094 92.9373 0
1448 20.9213 93.2485 0
1449 24.4986 92.9967 0
1450 27.9547 93.259 0
1451 31.552 93.1935 0
1452 35.2158 92.9211 0
1453 38.6635 93.1749 0
1454 42.1476 92.9143 0
1455 45.5793 93.1322 0
1456 49.1759 92.7682 0
1457 52.705 93.0713 0
1458 56.2382 92.9243 0
1459 59.7758 93.1859 0
1460 63.3341 92.8769 0
1461 66.7702 93.0116 0
1462 70.2492 92.8063 0
1463 73.8725 92.9561 0
1464 77.3979 92.7532 0
1465 81.0552 92.6957 0
1466 84.4821 92.9334 0
1467 88.1146 93.1447 0
1468 91.6693 92.9345 0
1469 95.1884 93.1254 0
1470 98.7076 92.8839 0
1471 102.22 93.0689 0
1472 105.717 92.8075 0
1473 109.297 92.72 0
1474 112.847 93.0809 0
1475 116.417 92.8973 0
1476 119.856 93.0213 0
1477 123.442 92.8445 0
1478 126.968 92.9785 0
1479 130.592 92.8048 0
1480 134.132 92.9801 0
1481 137.627 92.7443 0
1482 141.117 93.059 0
1483 144.696 92.7619 0
1484 148.251 93.0503 0
1485 151.801 92.9236 0
1486 155.175 92.7699 0
1487 158.875 92.9537 0
1488 162.252 92.8264 0
1489 -5.49286 95.8194 0
1490 -1.94924 95.984 0
1491 1.56346 95.7698 0
1492 5.14881 96.0123 0
1493 8.74046 95.8321 0
1494 12.3004 95.9162 0
1495 15.7085 95.6483 0
1496 19.3179 95.9103 0
1497 22.8744 95.7637 0
1498 26.381 96.0228 0
1499 29.9383 95.9898 0
1500 33.5479 95.7414 0
1501 37.0919 95.9976 0
1502 40.5449 95.6369 0
1503 44.0602 95.9464 0
1504 47.6068 95.5653 0
1505 51.2127 95.813 0
1506 54.605 95.6395 0
1507 58.1789 95.9627 0
1508 61.7071 95.6278 0
1509 65.2553 95.7868 0
1510 68.8131 95.6859 0
1511 72.3142 95.8011 0
1512 75.8086 95.453 0
1513 79.3617 95.3364 0
1514 82.888 95.6263 0
1515 86.4943 95.8453 0
1516 90.1306 95.7124 0
1517 93.6076 95.9359 0
1518 97.1024 95.5721 0
1519 100.585 95.836 0
1520 104.114 95.5998 0
1521 107.609 95.4128 0
1522 111.205 95.718 0
1523 114.737 95.5565 0
1524 118.289 95.7744 0
1525 121.783 95.4972 0
1526 125.364 95.7576 0
1527 128.901 95.4956 0
1528 132.518 95.7309 0
1529 136.007 95.5987 0
1530 139.454 95.7611 0
1531 143.101 95.5641 0
1532 146.6 95.7925 0
1533 150.187 95.6303 0
1534 153.755 95.5696 0
1535 157.228 95.6726 0
1536 160.755 95.564 0
1537 -3.86556 98.5107 0
1538 -0.391956 98.7423 0
1539 3.08461 98.5158 0
1540 6.74282 98.742 0
1541 10.4394 98.4849 0
1542 13.8776 98.8074 0
1543 17.3017 98.413 0
1544 20.8889 98.6507 0
1545 24.4208 98.5127 0
1546 28.0504 98.6627 0
1547 31.6221 98.6887 0
1548 35.1856 98.4607 0
1549 38.7257 98.8144 0
1550 42.1771 98.4427 0
1551 45.7401 98.6413 0
1552 49.1915 98.3479 0
1553 52.6751 98.7307 0
1554 56.1672 98.3743 0
1555 59.7272 98.7231 0
1556 63.3126 98.3354 0
1557 66.8089 98.5682 0
1558 70.4771 98.3506 0
1559 73.9654 98.5047 0
1560 77.4549 98.1856 0
1561 80.9187 98.1682 0
1562 84.5445 98.3079 0
1563 88.1034 98.6129 0
1564 91.7018 98.3821 0
1565 95.2168 98.6448 0
1566 98.6503 98.3917 0
1567 102.242 98.6659 0
1568 105.672 98.479 0
1569 109.273 98.193 0
1570 112.756 98.5235 0
1571 116.349 98.2844 0
1572 119.932 98.4734 0
1573 123.454 98.2432 0
1574 127.031 98.4749 0
1575 130.581 98.169 0
1576 134.009 98.5048 0
1577 137.556 98.3615 0
1578 141.048 98.4419 0
1579 144.676 98.355 0
1580 148.196 98.5071 0
1581 151.737 98.5105 0
1582 155.347 98.3173 0
1583 158.804 98.4758 0
1584 162.317 98.3312 0
1585 -5.46979 101.226 0
1586 -1.94932 101.559 0
1587 1.51365 101.356 0
1588 5.11481 101.455 0
1589 8.77314 101.228 0
1590 12.2997 101.488 0
1591 15.7695 101.292 0
1592 19.3339 101.358 0
1593 22.8025 101.191 0
1594 26.3683 101.367 0
1595 29.994 101.452 0
1596 33.6105 101.217 0
1597 37.1129 101.491 0
1598 40.6287 101.293 0
1599 44.177 101.458 0
1600 47.607 101.174 0
1601 51.0532 101.401 0
1602 54.6031 101.257 0
1603 58.1003 101.425 0
1604 61.7059 101.13 0
1605 65.287 101.335 0
1606 68.7916 101.041 0
1607 72.3814 101.27 0
1608 75.9233 101.005 0
1609 79.5555 101.141 0
1610 83.0136 101.096 0
1611 86.4443 101.269 0
1612 90.051 101.211 0
1613 93.6068 101.405 0
1614 97.1463 101.197 0
1615 100.579 101.338 0
1616 104.123 101.197 0
1617 107.637 100.926 0
1618 111.179 101.25 0
1619 114.748 101.028 0
1620 118.41 101.255 0
1621 121.904 100.988 0
1622 125.407 101.263 0
1623 129.011 100.996 0
1624 132.441 101.35 0
1625 135.95 101.07 0
1626 139.461 101.296 0
1627 142.945 101.057 0
1628 146.608 101.276 0
1629 150.011 101.119 0
1630 153.7 101.041 0
1631 157.198 101.284 0
1632 160.71 101.001 0
1633 -3.90959 104.062 0
1634 -0.35483 104.303 0
1635 3.2142 104.019 0
1636 6.82495 104.102 0
1637 10.3057 103.964 0
1638 13.8198 104.29 0
1639 17.3934 103.98 0
1640 20.9253 104.136 0
1641 24.4361 103.938 0
1642 27.9606 104.138 0
1643 31.6726 104.076 0
1644 35.1582 103.992 0
1645 38.6309 104.254 0
1646 42.2138 103.995 0
1647 45.7274 104.382 0
1648 49.1808 103.991 0
1649 52.6894 104.146 0
1650 56.2708 103.91 0
1651 59.7651 104.1 0
1652 63.3512 103.798 0
1653 66.8707 104.131 0
1654 70.3872 103.807 0
1655 73.9766 103.97 0
1656 77.586 103.774 0
1657 81.1356 103.967 0
1658 84.6162 103.918 0
1659 88.0571 103.987 0
1660 91.6197 103.903 0
1661 95.1615 104.16 0
1662 98.7227 103.968 0
1663 102.191 104.146 0
1664 105.773 103.971 0
1665 109.214 103.725 0
1666 112.797 103.963 0
1667 116.382 103.805 0
1668 119.886 104.1 0
1669 123.471 103.757 0
1670 127.081 103.921 0
1671 130.568 103.855 0
1672 134.051 104.082 0
1673 137.498 103.877 0
1674 141.012 104.029 0
1675 144.538 103.789 0
1676 148.06 104.117 0
1677 151.661 103.774 0
1678 155.213 103.809 0
1679 158.786 104.098 0
1680 162.316 103.766 0
1681 -5.42387 106.81 0
1682 -1.93923 107.016 0
1683 1.61631 106.715 0
1684 5.26413 106.886 0
1685 8.70346 106.772 0
1686 12.2586 107.045 0
1687 15.7612 106.703 0
1688 19.3284 106.878 0
1689 22.8979 106.676 0
1690 26.3952 106.84 0
1691 29.9188 106.714 0
1692 33.4629 106.706 0
1693 36.9998 107.042 0
1694 40.5899 106.8 0
1695 44.1362 107.105 0
1696 47.6711 106.792 0
1697 51.1846 107.017 0
1698 54.7525 106.667 0
1699 58.3528 106.952 0
1700 61.7554 106.503 0
1701 65.2128 106.816 0
1702 68.8296 106.6 0
1703 72.3827 106.789 0
1704 75.907 106.459 0
1705 79.4678 106.659 0
1706 83.0959 106.689 0
1707 86.629 106.884 0
1708 90.058 106.639 0
1709 93.5787 106.967 0
1710 97.1843 106.738 0
1711 100.663 106.934 0
1712 104.219 106.786 0
1713 107.719 106.54 0
1714 111.259 106.739 0
1715 114.712 106.457 0
1716 118.345 106.805 0
1717 121.901 106.627 0
1718 125.428 106.692 0
1719 128.896 106.607 0
1720 132.449 106.907 0
1721 135.933 106.592 0
1722 139.462 106.828 0
1723 142.947 106.564 0
1724 146.477 106.823 0
1725 150.107 106.509 0
1726 153.658 106.648 0
1727 157.133 106.741 0
1728 160.815 106.588 0
1729 -3.79216 109.55 0
1730 -0.295724 109.66 0
1731 3.25743 109.418 0
1732 6.7342 109.663 0
1733 10.2985 109.489 0
1734 13.9506 109.664 0
1735 17.4454 109.344 0
1736 20.9535 109.654 0
1737 24.5117 109.326 0
1738 27.962 109.68 0
1739 31.4046 109.611 0
1740 35.0164 109.47 0
1741 38.5601 109.73 0
1742 42.1109 109.568 0
1743 45.7409 109.784 0
1744 49.3044 109.526 0
1745 52.8889 109.697 0
1746 56.3329 109.467 0
1747 59.9323 109.749 0
1748 63.3123 109.314 0
1749 66.8178 109.484 0
1750 70.5221 109.317 0
1751 74.0756 109.546 0
1752 77.539 109.158 0
1753 81.1498 109.27 0
1754 84.6833 109.387 0
1755 88.187 109.608 0
1756 91.6866 109.458 0
1757 95.2924 109.78 0
1758 98.8417 109.479 0
1759 102.316 109.692 0
1760 105.868 109.487 0
1761 109.395 109.272 0
1762 112.835 109.505 0
1763 116.358 109.252 0
1764 119.905 109.594 0
1765 123.468 109.34 0
1766 126.777 109.642 0
1767 130.395 109.427 0
1768 134.012 109.585 0
1769 137.525 109.303 0
1770 140.998 109.584 0
1771 144.587 109.403 0
1772 148.205 109.551 0
1773 151.721 109.309 0
1774 155.345 109.441 0
1775 158.967 109.427 0
1776 162.222 109.501 0
1777 -5.38531 112.16 0
1778 -1.89082 112.467 0
1779 1.63661 112.153 0
1780 5.16772 112.472 0
1781 8.68172 112.17 0
1782 12.2526 112.391 0
1783 15.9548 112.188 0
1784 19.4046 112.482 0
1785 22.9026 112.179 0
1786 26.3673 112.433 0
1787 29.8112 112.435 0
1788 33.3762 112.137 0
1789 36.8923 112.419 0
1790 40.4954 112.253 0
1791 44.0684 112.42 0
1792 47.6743 112.275 0
1793 51.2584 112.382 0
1794 54.8143 112.317 0
1795 58.3208 112.473 0
1796 61.9145 112.205 0
1797 65.3869 112.289 0
1798 68.907 112.023 0
1799 72.5755 112.302 0
1800 76.0714 112.082 0
1801 79.5164 112.021 0
1802 83.0986 112.201 0
1803 86.5482 112.343 0
1804 90.1568 112.228 0
1805 93.651 112.513 0
1806 97.2413 112.247 0
1807 100.756 112.574 0
1808 104.27 112.242 0
1809 107.808 112.033 0
1810 111.291 112.309 0
1811 114.779 111.993 0
1812 118.262 112.282 0
1813 121.843 112.058 0
1814 125.275 112.526 0
1815 128.773 112.151 0
1816 132.318 112.374 0
1817 135.862 112.028 0
1818 139.355 112.282 0
1819 142.978 112.079 0
1820 146.519 112.195 0
1821 150.168 112.023 0
1822 153.81 112.313 0
1823 157.349 112.17 0
1824 160.812 112.39 0
1825 -3.866 114.991 0
1826 -0.255912 115.249 0
1827 3.24941 114.955 0
1828 6.755 115.245 0
1829 10.3328 114.873 0
1830 13.8798 115.155 0
1831 17.4482 115.036 0
1832 20.9035 115.323 0
1833 24.4357 114.966 0
1834 27.9275 115.316 0
1835 31.4814 115.11 0
1836 34.9427 114.948 0
1837 38.5362 115.092 0
1838 42.1521 114.905 0
1839 45.7192 115.219 0
1840 49.2818 114.922 0
1841 52.8305 115.182 0
1842 56.398 115.045 0
1843 59.9938 115.107 0
1844 63.4701 114.917 0
1845 67.0263 115.099 0
1846 70.5951 114.874 0
1847 74.072 115.18 0
1848 77.5845 114.981 0
1849 81.1863 114.708 0
1850 84.7144 114.999 0
1851 88.2247 114.959 0
1852 91.7462 114.976 0
1853 95.244 115.187 0
1854 98.7782 115.052 0
1855 102.344 115.286 0
1856 105.883 114.951 0
1857 109.332 114.884 0
1858 112.831 114.986 0
1859 116.32 114.812 0
1860 119.821 115.122 0
1861 123.344 114.934 0
1862 126.906 115.243 0
1863 130.428 114.874 0
1864 133.955 115.111 0
1865 137.493 114.808 0
1866 141.074 115.016 0
1867 144.603 114.858 0
1868 148.162 114.936 0
1869 151.837 114.764 0
1870 155.33 115.077 0
1871 158.917 114.895 0
1872 162.356 115.113 0
1873 -5.43885 117.743 0
1874 -1.86542 117.965 0
1875 1.71782 117.73 0
1876 5.2545 118.05 0
1877 8.75548 117.676 0
1878 12.2131 117.895 0
1879 15.775 117.677 0
1880 19.2786 118.055 0
1881 22.8477 117.763 0
1882 26.3983 118.088 0
1883 29.8887 117.863 0
1884 33.3371 117.645 0
1885 36.9631 117.876 0
1886 40.5203 117.618 0
1887 44.108 117.923 0
1888 47.6094 117.686 0
1889 51.1625 117.911 0
1890 54.8309 117.829 0
1891 58.2781 117.767 0
1892 61.8674 117.713 0
1893 65.4023 117.863 0
1894 68.9443 117.545 0
1895 72.4641 117.954 0
1896 76.0247 117.753 0
1897 79.5569 117.522 0
1898 83.1216 117.808 0
1899 86.6723 117.905 0
1900 90.1266 117.7 0
1901 93.63 117.95 0
1902 97.1276 117.792 0
1903 100.702 117.997 0
1904 104.26 117.718 0
1905 107.707 117.557 0
1906 111.218 117.772 0
1907 114.695 117.524 0
1908 118.253 117.807 0
1909 121.687 117.651 0
1910 125.261 117.988 0
1911 128.799 117.693 0
1912 132.38 117.935 0
1913 135.902 117.603 0
1914 139.473 117.785 0
1915 142.985 117.59 0
1916 146.578 117.695 0
1917 150.105 117.435 0
1918 153.692 117.778 0
1919 157.166 117.576 0
1920 160.737 117.925 0
1921 -3.76946 120.518 0
1922 -0.201046 120.71 0
1923 3.24127 120.566 0
1924 6.87378 120.838 0
1925 10.3791 120.566 0
1926 13.8538 120.776 0
1927 17.2559 120.561 0
1928 20.895 120.844 0
1929 24.4333 120.514 0
1930 27.9644 120.869 0
1931 31.4409 120.578 0
1932 35.0335 120.317 0
1933 38.5807 120.629 0
1934 42.0831 120.379 0
1935 45.6676 120.692 0
1936 49.2644 120.491 0
1937 52.8663 120.463 0
1938 56.3512 120.688 0
1939 59.8606 120.519 0
1940 63.4846 120.429 0
1941 67.0074 120.59 0
1942 70.4853 120.321 0
1943 74.0021 120.801 0
1944 77.5629 120.569 0
1945 81.1098 120.296 0
1946 84.7064 120.598 0
1947 88.1942 120.705 0
1948 91.7029 120.467 0
1949 95.2786 120.695 0
1950 98.8309 120.497 0
1951 102.337 120.708 0
1952 105.794 120.529 0
1953 109.323 120.301 0
1954 112.772 120.503 0
1955 116.279 120.309 0
1956 119.782 120.63 0
1957 123.309 120.352 0
1958 126.935 120.71 0
1959 130.456 120.385 0
1960 134.044 120.585 0
1961 137.578 120.359 0
1962 141.105 120.51 0
1963 144.649 120.216 0
1964 148.23 120.399 0
1965 151.726 120.235 0
1966 155.193 120.581 0
1967 158.751 120.359 0
1968 162.355 120.659 0
1969 -5.46447 123.196 0
1970 -1.92944 123.503 0
1971 1.53027 123.288 0
1972 5.0986 123.522 0
1973 8.65684 123.344 0
1974 12.184 123.648 0
1975 15.7409 123.362 0
1976 19.2955 123.6 0
1977 22.8711 123.336 0
1978 26.3323 123.561 0
1979 29.8745 123.36 0
1980 33.4204 123.009 0
1981 36.9424 123.355 0
1982 40.4685 123.125 0
1983 44.0151 123.403 0
1984 47.6052 123.204 0
1985 51.2268 123.116 0
1986 54.7531 123.432 0
1987 58.3153 123.266 0
1988 61.9013 123.094 0
1989 65.3801 123.35 0
1990 68.8962 123.149 0
1991 72.3779 123.469 0
1992 75.9737 123.26 0
1993 79.6427 123.25 0
1994 82.9415 123.225 0
1995 86.585 123.52 0
1996 90.1165 123.18 0
1997 93.5792 123.442 0
1998 97.1164 123.192 0
1999 100.672 123.429 0
2000 104.191 123.256 0
2001 107.705 123.031 0
2002 111.255 123.278 0
2003 114.691 123.119 0
2004 118.169 123.405 0
2005 121.734 123.126 0
2006 125.3 123.382 0
2007 128.834 123.148 0
2008 132.435 123.324 0
2009 135.989 123.079 0
2010 139.58 123.232 0
2011 143.065 123.019 0
2012 146.597 123.175 0
2013 150.107 123.036 0
2014 153.529 123.36 0
2015 157.093 123.065 0
2016 160.646 123.377 0
2017 -3.95869 126.038 0
2018 -0.415783 126.249 0
2019 3.08367 125.994 0
2020 6.62518 126.359 0
2021 10.1651 126.103 0
2022 13.7957 126.254 0
2023 17.3151 126.107 0
2024 20.8603 126.299 0
2025 24.418 126.27 0
2026 27.9559 126.343 0
2027 31.5479 126.032 0
2028 35.0433 125.822 0
2029 38.5326 126.106 0
2030 42.1138 125.897 0
2031 45.613 126.168 0
2032 49.3069 125.887 0
2033 52.7245 125.885 0
2034 56.3746 126.088 0
2035 59.8376 126.073 0
2036 63.4139 125.898 0
2037 66.8786 126.217 0
2038 70.4177 125.905 0
2039 73.9887 126.177 0
2040 77.6203 125.978 0
2041 81.0184 126.261 0
2042 84.602 125.988 0
2043 88.1831 126.184 0
2044 91.6338 126.01 0
2045 95.1455 126.164 0
2046 98.6828 125.998 0
2047 102.154 126.257 0
2048 105.764 126.052 0
2049 109.277 125.769 0
2050 112.791 126.188 0
2051 116.243 125.865 0
2052 119.806 126.18 0
2053 123.356 125.855 0
2054 126.813 126.124 0
2055 130.48 125.853 0
2056 134.099 126.047 0
2057 137.628 125.723 0
2058 141.173 125.969 0
2059 144.726 125.655 0
2060 148.182 125.883 0
2061 151.622 125.843 0
2062 155.175 126.124 0
2063 158.699 125.855 0
2064 162.24 126.207 0
2065 -5.55723 128.852 0
2066 -2.07507 128.957 0
2067 1.45944 128.754 0
2068 5.02347 129.019 0
2069 8.56579 128.882 0
2070 12.1502 128.948 0
2071 15.6559 128.77 0
2072 19.1469 129.05 0
2073 22.6637 128.872 0
2074 26.2954 128.983 0
2075 29.8733 128.807 0
2076 33.5126 128.622 0
2077 37.0134 128.896 0
2078 40.5303 128.667 0
2079 44.0488 128.857 0
2080 47.607 128.605 0
2081 51.2198 128.834 0
2082 54.6634 128.719 0
2083 58.2262 128.827 0
2084 61.7001 128.612 0
2085 65.2711 128.973 0
2086 68.7554 128.729 0
2087 72.3473 128.92 0
2088 75.8984 128.67 0
2089 79.3775 129.011 0
2090 82.9777 128.716 0
2091 86.5448 128.907 0
2092 90.0383 128.727 0
2093 93.5434 128.944 0
2094 96.9958 128.691 0
2095 100.568 129.033 0
2096 104.117 128.713 0
2097 107.62 128.581 0
2098 111.171 128.932 0
2099 114.642 128.65 0
2100 118.174 128.849 0
2101 121.758 128.635 0
2102 125.232 128.882 0
2103 128.866 128.657 0
2104 132.395 128.829 0
2105 136.081 128.546 0
2106 139.558 128.704 0
2107 143.14 128.44 0
2108 146.664 128.719 0
2109 150.096 128.686 0
2110 153.573 128.85 0
2111 157.114 128.532 0
2112 160.601 128.834 0
2113 -3.95446 131.519 0
2114 -0.502697 131.803 0
2115 3.07541 131.543 0
2116 6.50663 131.781 0
2117 10.1028 131.671 0
2118 13.7025 131.745 0
2119 17.1684 131.615 0
2120 20.7372 131.804 0
2121 24.3822 131.531 0
2122 27.8054 131.721 0
2123 31.5315 131.549 0
2124 35.0972 131.438 0
2125 38.6206 131.624 0
2126 42.0908 131.389 0
2127 45.6892 131.576 0
2128 49.2615 131.326 0
2129 52.7634 131.676 0
2130 56.3615 131.442 0
2131 59.7653 131.588 0
2132 63.309 131.378 0
2133 66.8331 131.756 0
2134 70.4085 131.537 0
2135 73.9275 131.723 0
2136 77.4646 131.474 0
2137 81.0333 131.686 0
2138 84.5534 131.402 0
2139 88.0869 131.737 0
2140 91.6142 131.565 0
2141 95.1429 131.696 0
2142 98.6103 131.511 0
2143 102.123 131.809 0
2144 105.643 131.501 0
2145 109.181 131.412 0
2146 112.729 131.666 0
2147 116.297 131.295 0
2148 119.793 131.584 0
2149 123.405 131.364 0
2150 126.901 131.609 0
2151 130.471 131.479 0
2152 134.041 131.622 0
2153 137.592 131.349 0
2154 141.196 131.465 0
2155 144.633 131.252 0
2156 148.064 131.628 0
2157 151.609 131.421 0
2158 155.122 131.592 0
2159 158.595 131.272 0
2160 162.075 131.624 0
2161 -5.67294 134.161 0
2162 -2.1361 134.529 0
2163 1.47105 134.257 0
2164 4.93778 134.558 0
2165 8.41662 134.422 0
2166 12.0518 134.374 0
2167 15.6277 134.346 0
2168 19.1568 134.528 0
2169 22.8027 134.357 0
2170 26.3535 134.578 0
2171 29.869 134.287 0
2172 33.4854 134.116 0
2173 36.9763 134.415 0
2174 40.5385 134.087 0
2175 44.0679 134.418 0
2176 47.645 134.154 0
2177 51.1617 134.392 0
2178 54.7086 134.095 0
2179 58.2001 134.482 0
2180 61.6955 134.179 0
2181 65.2072 134.482 0
2182 68.7783 134.256 0
2183 72.3696 134.527 0
2184 75.8789 134.202 0
2185 79.4181 134.46 0
2186 82.9395 134.176 0
2187 86.3741 134.434 0
2188 89.9114 134.257 0
2189 93.4548 134.375 0
2190 96.9613 134.202 0
2191 100.519 134.511 0
2192 104.111 134.291 0
2193 107.533 134.123 0
2194 111.08 134.374 0
2195 114.645 134.11 0
2196 118.232 134.3 0
2197 121.854 134.2 0
2198 125.36 134.42 0
2199 128.866 134.194 0
2200 132.382 134.346 0
2201 135.89 134.083 0
2202 139.44 134.2 0
2203 142.986 134.024 0
2204 146.427 134.396 0
2205 149.958 134.124 0
2206 153.551 134.348 0
2207 156.992 134.095 0
2208 160.432 134.419 0
2209 -4.1005 136.987 0
2210 -0.560904 137.178 0
2211 2.95822 137.125 0
2212 6.54844 137.322 0
2213 10.1016 137.056 0
2214 13.6738 137.135 0
2215 17.3357 137.114 0
2216 20.8342 137.268 0
2217 24.4533 137.12 0
2218 27.948 137.372 0
2219 31.5244 137.057 0
2220 35.0799 136.853 0
2221 38.5791 137.059 0
2222 42.1009 136.834 0
2223 45.663 137.089 0
2224 49.1632 136.951 0
2225 52.6701 137.124 0
2226 56.2013 136.986 0
2227 59.742 137.239 0
2228 63.2267 136.975 0
2229 66.771 137.244 0
2230 70.4262 137.06 0
2231 74.0454 137.288 0
2232 77.4893 136.955 0
2233 80.9676 137.25 0
2234 84.4383 137.011 0
2235 87.8701 137.282 0
2236 91.4344 137.04 0
2237 94.9579 137.159 0
2238 98.536 136.96 0
2239 102.087 137.279 0
2240 105.572 137.114 0
2241 109.085 136.914 0
2242 112.667 137.088 0
2243 116.203 136.935 0
2244 119.812 137.141 0
2245 123.449 136.958 0
2246 126.956 137.21 0
2247 130.444 136.862 0
2248 133.941 137.086 0
2249 137.483 136.746 0
2250 141.011 136.967 0
2251 144.434 136.97 0
2252 148.053 137.216 0
2253 151.675 136.883 0
2254 155.108 137.194 0
2255 158.512 136.92 0
2256 162.054 137.149 0
2257 -5.67917 139.674 0
2258 -2.05935 140.028 0
2259 1.38509 139.91 0
2260 5.02496 140.061 0
2261 8.5253 139.718 0
2262 12.1356 139.978 0
2263 15.6232 139.742 0
2264 19.1927 140.013 0
2265 22.7871 139.86 0
2266 26.3521 140.095 0
2267 29.9062 139.848 0
2268 33.451 139.592 0
2269 36.9973 139.836 0
2270 40.5165 139.661 0
2271 43.983 139.781 0
2272 47.4712 139.725 0
2273 51.0116 139.785 0
2274 54.6074 139.638 0
2275 58.0835 140.054 0
2276 61.6197 139.751 0
2277 65.1144 139.932 0
2278 68.7007 139.737 0
2279 72.3831 140.038 0
2280 75.9297 139.749 0
2281 79.3854 140.034 0
2282 82.8945 139.83 0
2283 86.3678 140.096 0
2284 89.8553 139.779 0
2285 93.438 139.935 0
2286 96.8716 139.653 0
2287 100.426 139.985 0
2288 103.942 139.922 0
2289 107.508 139.662 0
2290 111.108 139.873 0
2291 114.607 139.716 0
2292 118.214 139.878 0
2293 121.77 139.705 0
2294 125.347 139.973 0
2295 128.935 139.763 0
2296 132.356 139.871 0
2297 135.909 139.646 0
2298 139.354 139.81 0
2299 142.949 139.792 0
2300 146.487 139.953 0
2301 150.075 139.624 0
2302 153.541 139.967 0
2303 157.073 139.775 0
2304 160.471 139.929 0
2305 -4.08582 142.55 0
2306 -0.504788 142.859 0
2307 3.07983 142.532 0
2308 6.65825 142.859 0
2309 10.1148 142.48 0
2310 13.7274 142.717 0
2311 17.2622 142.464 0
2312 20.8026 142.721 0
2313 24.3809 142.554 0
2314 27.867 142.889 0
2315 31.4365 142.56 0
2316 34.97 142.333 0
2317 38.4903 142.659 0
2318 42.0421 142.442 0
2319 45.5086 142.597 0
2320 49.0585 142.48 0
2321 52.636 142.588 0
2322 56.1413 142.494 0
2323 59.7227 142.803 0
2324 63.2575 142.512 0
2325 66.774 142.587 0
2326 70.3013 142.445 0
2327 73.9747 142.748 0
2328 77.3792 142.519 0
2329 80.9357 142.845 0
2330 84.4825 142.644 0
2331 87.9738 142.808 0
2332 91.477 142.579 0
2333 94.9593 142.944 0
2334 98.4176 142.489 0
2335 101.949 142.864 0
2336 105.614 142.626 0
2337 109.182 142.37 0
2338 112.727 142.63 0
2339 116.305 142.374 0
2340 119.815 142.624 0
2341 123.327 142.471 0
2342 126.943 142.764 0
2343 130.463 142.48 0
2344 133.91 142.693 0
2345 137.456 142.426 0
2346 140.982 142.609 0
2347 144.585 142.446 0
2348 148.097 142.621 0
2349 151.638 142.455 0
2350 155.136 142.872 0
2351 158.613 142.602 0
2352 162.05 142.756 0
2353 -5.67426 145.346 0
2354 -2.13809 145.519 0
2355 1.42487 145.274 0
2356 4.97198 145.478 0
2357 8.5752 145.331 0
2358 12.0061 145.484 0
2359 15.657 145.201 0
2360 19.1625 145.414 0
2361 22.7328 145.212 0
2362 26.2705 145.504 0
2363 29.8474 145.368 0
2364 33.3736 145.079 0
2365 36.8583 145.458 0
2366 40.4326 145.223 0
2367 44.0021 145.379 0
2368 47.5001 145.226 0
2369 51.1311 145.414 0
2370 54.6278 145.283 0
2371 58.0862 145.465 0
2372 61.6932 145.273 0
2373 65.2626 145.479 0
2374 68.6991 145.092 0
2375 72.2814 145.526 0
2376 75.8821 145.421 0
2377 79.2902 145.54 0
2378 82.851 145.343 0
2379 86.4026 145.547 0
2380 89.8377 145.314 0
2381 93.3735 145.662 0
2382 96.9111 145.407 0
2383 100.343 145.651 0
2384 103.985 145.312 0
2385 107.524 145.128 0
2386 111.166 145.36 0
2387 114.726 145.124 0
2388 118.203 145.359 0
2389 121.711 145.253 0
2390 125.262 145.488 0
2391 128.835 145.254 0
2392 132.379 145.45 0
2393 135.81 145.16 0
2394 139.43 145.44 0
2395 142.996 145.127 0
2396 146.541 145.424 0
2397 149.992 145.236 0
2398 153.4 145.576 0
2399 157.027 145.348 0
2400 160.513 145.546 0
2401 -3.98015 148.059 0
2402 -0.461371 148.364 0
2403 2.99772 147.947 0
2404 6.53701 148.184 0
2405 10.1479 148.084 0
2406 13.741 148.201 0
2407 17.2519 148.001 0
2408 20.6583 148.164 0
2409 24.3076 147.951 0
2410 27.8761 148.244 0
2411 31.4806 148.124 0
2412 34.9083 147.92 0
2413 38.509 148.183 0
2414 42.1063 147.901 0
2415 45.6191 148.166 0
2416 49.1591 147.933 0
2417 52.6813 148.216 0
2418 56.1246 148.186 0
2419 59.7352 148.166 0
2420 63.3292 147.972 0
2421 66.8672 148.213 0
2422 70.3411 147.957 0
2423 73.8817 148.317 0
2424 77.4226 148.111 0
2425 80.9031 148.279 0
2426 84.4141 148.063 0
2427 87.9221 148.326 0
2428 91.367 148.182 0
2429 94.8905 148.475 0
2430 98.4068 148.252 0
2431 102.085 148.33 0
2432 105.695 148.066 0
2433 109.153 147.891 0
2434 112.715 148.092 0
2435 116.293 147.868 0
2436 119.754 148.126 0
2437 123.345 147.958 0
2438 126.833 148.199 0
2439 130.439 147.938 0
2440 133.915 148.239 0
2441 137.436 147.877 0
2442 141.097 148.093 0
2443 144.593 147.94 0
2444 148.02 148.156 0
2445 151.461 148.152 0
2446 155.021 148.331 0
2447 158.612 148.061 0
2448 162.179 148.298 0
2449 -5.60619 150.783 0
2450 -2.0697 151.086 0
2451 1.48258 150.799 0
2452 4.91575 150.985 0
2453 8.43137 150.83 0
2454 12.1214 150.916 0
2455 15.6769 150.793 0
2456 19.2029 151.029 0
2457 22.6335 150.616 0
2458 26.1974 150.93 0
2459 29.8055 150.718 0
2460 33.4532 150.821 0
2461 36.9826 150.916 0
2462 40.4616 150.677 0
2463 44.0198 150.901 0
2464 47.5816 150.732 0
2465 51.0263 151.01 0
2466 54.5432 150.902 0
2467 58.1328 150.806 0
2468 61.6145 150.631 0
2469 65.2179 150.903 0
2470 68.8477 150.858 0
2471 72.3186 151.053 0
2472 75.8318 150.819 0
2473 79.3269 151.04 0
2474 82.8048 150.842 0
2475 86.2797 151.068 0
2476 89.7625 150.952 0
2477 93.2405 151.259 0
2478 96.8197 150.951 0
2479 100.503 151.008 0
2480 104.133 150.807 0
2481 107.68 150.788 0
2482 111.092 150.889 0
2483 114.598 150.561 0
2484 118.133 150.872 0
2485 121.674 150.667 0
2486 125.245 150.964 0
2487 128.755 150.694 0
2488 132.332 151.027 0
2489 135.889 150.659 0
2490 139.365 150.763 0
2491 142.946 150.623 0
2492 146.461 151.026 0
2493 149.949 150.849 0
2494 153.449 151.149 0
2495 157.021 150.82 0
2496 160.506 150.993 0
