1 1.22164
2 0.0430419
3 1.22333
4 0.019998
5 1.20302
6 0.0495875
7 1.22568
8 0.00647265
9 1.19676
10 0.0244349
11 0.000706159
12 0.0172084
13 1.20543
14 1.23604
15 0.0603221
16 1.24063
17 0.0333732
18 1.24781
19 0.00550049
20 0.00806904
21 1.23165
22 0.0311188
23 0.026452
24 1.16069
25 0.0650096
26 1.2255
27 1.23958
28 1.20767
29 0.0686948
30 0.0628991
31 0.035884
32 0.0620781
33 1.24532
34 0.0541592
35 1.19933
36 1.25586
37 0.00160656
38 0.033295
39 0.000639061
40 1.21265
41 1.2162
42 0.0383943
43 1.23581
44 0.0148311
45 1.20625
46 0.0123721
47 1.21807
48 0.0457457
49 0.639372
50 0.591265
51 0.613919
52 0.578386
53 0.657608
54 0.577495
55 0.652547
56 0.648739
57 0.666212
58 0.6215
59 0.628785
60 0.646947
61 0.607087
62 0.716282
63 0.580501
64 0.628712
65 0.590641
66 0.653954
67 0.55277
68 0.592411
69 0.554177
70 0.628632
71 0.664026
72 0.666517
73 0.618887
74 0.697775
75 0.600726
76 0.652216
77 0.614987
78 0.676837
79 0.619175
80 0.652258
81 0.561308
82 0.658982
83 0.67037
84 0.581123
85 0.688231
86 0.642335
87 0.583714
88 0.67453
89 0.712467
90 0.61177
91 0.657773
92 0.59171
93 0.609709
94 0.590079
95 0.628864
96 0.628709
97 1.24369
98 0.0499805
99 1.24823
100 1.2272
101 1.18535
102 0.0400099
103 1.2491
104 0.011357
105 0.0419517
106 0.0131592
107 0.0366108
108 0.037643
109 0.060065
110 0.0292971
111 0.0155905
112 0.00684382
113 1.23989
114 0.00618517
115 1.25617
116 1.19582
117 1.24202
118 1.18877
119 0.0283224
120 1.19734
121 0.0470881
122 1.20123
123 0.0241586
124 1.19892
125 1.21397
126 1.1731
127 1.24276
128 1.24803
129 1.23346
130 0.0518644
131 1.22669
132 0.0243721
133 1.19033
134 0.0105177
135 1.19353
136 0.0262982
137 0.0168084
138 1.24581
139 1.1825
140 0.0872583
141 0.0129202
142 0.0196222
143 0.00761367
144 0.0823705
145 0.639927
146 0.596973
147 0.63795
148 0.567998
149 0.634485
150 0.624893
151 0.587285
152 0.592788
153 0.678528
154 0.614825
155 0.686122
156 0.613836
157 0.61613
158 0.66139
159 0.622642
160 0.609912
161 0.649669
162 0.733402
163 0.552569
164 0.65807
165 0.606349
166 0.635985
167 0.570215
168 0.622758
169 0.584159
170 0.593581
171 0.617406
172 0.584196
173 0.579339
174 0.598292
175 0.601379
176 0.63773
177 0.619178
178 0.640599
179 0.614201
180 0.64115
181 0.682095
182 0.592
183 0.657029
184 0.628319
185 0.664375
186 0.586545
187 0.618436
188 0.60961
189 0.658884
190 0.618776
191 0.707587
192 0.593062
193 1.21955
194 7.77927e-05
195 1.22711
196 0.0499376
197 1.23481
198 1.22026
199 1.23914
200 0.00744617
201 0.0548791
202 0.0505956
203 0.0154591
204 1.24951
205 0.0254077
206 1.23762
207 0.0410115
208 1.24108
209 0.0142163
210 1.22674
211 0.00328689
212 1.20473
213 0.0741245
214 0.018596
215 1.22666
216 0.0139273
217 0.0483267
218 1.17178
219 1.25507
220 0.0217475
221 1.2542
222 1.22777
223 0.0449814
224 1.24109
225 1.24952
226 0.00664572
227 1.17812
228 0.0490173
229 1.21931
230 1.25389
231 1.23436
232 0.0238865
233 1.21983
234 0.0301095
235 0.00302794
236 0.0235159
237 1.24535
238 0.00731119
239 1.22121
240 0.0458759
241 0.621067
242 0.543769
243 0.696151
244 0.593417
245 0.658339
246 0.627768
247 0.711545
248 0.604823
249 0.700016
250 0.652978
251 0.633915
252 0.585025
253 0.563969
254 0.654292
255 0.599808
256 0.636426
257 0.577993
258 0.581568
259 0.611767
260 0.675827
261 0.610881
262 0.665389
263 0.604138
264 0.619414
265 0.595087
266 0.648706
267 0.672329
268 0.701085
269 0.62785
270 0.644013
271 0.620602
272 0.62425
273 0.60026
274 0.606135
275 0.645854
276 0.626199
277 0.608883
278 0.595703
279 0.694079
280 0.666905
281 0.708646
282 0.565929
283 0.664388
284 0.574488
285 0.683381
286 0.536397
287 0.623583
288 0.591978
289 1.23606
290 1.24551
291 1.2415
292 0.0178461
293 1.22604
294 0.0508809
295 0.0240608
296 0.0487341
297 1.255
298 0.133683
299 0.0229989
300 0.0246835
301 1.24812
302 1.21786
303 0.0831477
304 1.23762
305 0.0130547
306 0.0103574
307 0.0508288
308 0.00265458
309 0.00795181
310 1.24999
311 1.21873
312 1.22582
313 1.21387
314 1.17067
315 0.0277945
316 1.24871
317 0.0173379
318 1.23435
319 0.02416
320 1.19722
321 1.23089
322 0.015577
323 1.23154
324 0.00234009
325 1.25012
326 0.0230668
327 1.20375
328 0.0186353
329 1.24687
330 0.0246999
331 1.22272
332 1.23701
333 1.21908
334 1.20851
335 0.0169929
336 0.0181047
337 0.647529
338 0.607146
339 0.65737
340 0.637844
341 0.670193
342 0.593094
343 0.681621
344 0.648266
345 0.659055
346 0.616305
347 0.661888
348 0.57102
349 0.614613
350 0.621153
351 0.584878
352 0.66242
353 0.681173
354 0.685165
355 0.583055
356 0.626017
357 0.60702
358 0.6795
359 0.637636
360 0.595594
361 0.665225
362 0.613306
363 0.585575
364 0.642343
365 0.608444
366 0.631996
367 0.614024
368 0.562667
369 0.570194
370 0.638428
371 0.609947
372 0.567117
373 0.655271
374 0.54605
375 0.654744
376 0.589562
377 0.653944
378 0.580542
379 0.671093
380 0.588418
381 0.620975
382 0.605065
383 0.6581
384 0.578282
385 1.16918
386 0.0496093
387 1.22475
388 0.0502765
389 1.22639
390 1.23902
391 1.24968
392 0.0551781
393 0.0041419
394 0.0330006
395 1.21935
396 1.2194
397 0.0159886
398 1.24577
399 1.20819
400 1.22751
401 0.0791854
402 1.22816
403 0.0653188
404 1.21711
405 1.2396
406 1.18293
407 1.23318
408 0.0188522
409 1.24183
410 1.25015
411 1.22751
412 1.19972
413 1.20612
414 1.17702
415 0.00718177
416 0.010296
417 1.25352
418 0.0813249
419 1.22363
420 0.0612037
421 1.23094
422 1.20215
423 1.24628
424 0.00362203
425 0.0175584
426 0.04854
427 1.25326
428 0.0280807
429 0.00748232
430 0.0150183
431 1.20141
432 0.021077
433 0.635095
434 0.595857
435 0.681107
436 0.636131
437 0.652327
438 0.611528
439 0.67376
440 0.553761
441 0.630664
442 0.61228
443 0.672471
444 0.622508
445 0.599013
446 0.663338
447 0.588667
448 0.637302
449 0.571302
450 0.620349
451 0.598693
452 0.655545
453 0.656118
454 0.665467
455 0.65525
456 0.6796
457 0.644732
458 0.637343
459 0.619174
460 0.594387
461 0.593831
462 0.646937
463 0.626751
464 0.65668
465 0.624018
466 0.628792
467 0.612839
468 0.572014
469 0.61363
470 0.577652
471 0.71075
472 0.629264
473 0.664503
474 0.626668
475 0.674416
476 0.557235
477 0.656692
478 0.552911
479 0.580758
480 0.550914
481 0.00219963
482 0.00242677
483 1.2353
484 0.0476048
485 0.0116708
486 0.0422163
487 0.00405677
488 1.2433
489 1.20524
490 1.21102
491 1.23654
492 0.0113064
493 0.0300868
494 1.22042
495 0.00510357
496 0.00755296
497 0.0166807
498 1.22558
499 0.0341962
500 1.18365
501 0.0488745
502 1.24963
503 0.00974123
504 0.0234369
505 1.24206
506 0.0518002
507 0.0413169
508 0.0499076
509 0.0510077
510 1.17614
511 0.0394905
512 1.23964
513 1.25531
514 0.0173316
515 1.18256
516 0.0531381
517 1.19094
518 1.22363
519 1.18719
520 0.0307052
521 0.000866824
522 0.0427751
523 0.0289434
524 0.0484589
525 1.23694
526 0.0137814
527 1.2248
528 0.0302515
529 0.657374
530 0.564596
531 0.583675
532 0.599263
533 0.591044
534 0.551462
535 0.61807
536 0.599121
537 0.62958
538 0.560035
539 0.604324
540 0.640077
541 0.639692
542 0.606535
543 0.617853
544 0.677584
545 0.612153
546 0.679702
547 0.615876
548 0.605622
549 0.62521
550 0.598409
551 0.660245
552 0.595496
553 0.601396
554 0.619021
555 0.595708
556 0.690922
557 0.588032
558 0.625107
559 0.533007
560 0.609963
561 0.648835
562 0.618461
563 0.682696
564 0.599383
565 0.663873
566 0.605787
567 0.659416
568 0.58606
569 0.626134
570 0.546668
571 0.642338
572 0.562298
573 0.639758
574 0.641812
575 0.651379
576 0.622702
577 1.25079
578 0.0340312
579 1.24488
580 0.0394521
581 1.24902
582 0.0547666
583 1.18305
584 0.0387912
585 1.25009
586 0.017668
587 1.1756
588 1.24977
589 0.0409902
590 1.23424
591 0.0716759
592 1.24002
593 0.0263077
594 1.2234
595 0.0455119
596 0.031268
597 0.030671
598 1.18984
599 1.21803
600 0.0442902
601 1.2091
602 1.24365
603 1.22175
604 1.22026
605 0.0973778
606 0.0259365
607 1.2341
608 1.21153
609 1.24507
610 0.02335
611 1.25594
612 1.24974
613 1.24052
614 0.0216984
615 1.19944
616 0.0241171
617 1.23951
618 0.0278668
619 1.22254
620 0.00392771
621 0.0174201
622 0.0355319
623 1.21776
624 0.0262165
625 0.642664
626 0.596754
627 0.613643
628 0.577258
629 0.645249
630 0.594948
631 0.658888
632 0.606419
633 0.600591
634 0.588243
635 0.622149
636 0.679691
637 0.605565
638 0.633018
639 0.624245
640 0.650915
641 0.627848
642 0.655085
643 0.645461
644 0.674908
645 0.605196
646 0.636092
647 0.637729
648 0.663724
649 0.64112
650 0.653958
651 0.62933
652 0.605331
653 0.650018
654 0.673337
655 0.665438
656 0.689816
657 0.668799
658 0.625067
659 0.658489
660 0.591369
661 0.672821
662 0.585868
663 0.619569
664 0.587207
665 0.634675
666 0.621714
667 0.678355
668 0.625515
669 0.626747
670 0.571992
671 0.648064
672 0.601181
673 1.22473
674 0.0343683
675 1.24165
676 0.00906324
677 1.2499
678 1.22984
679 1.20452
680 1.22405
681 1.19265
682 0.0384335
683 0.00133302
684 1.18195
685 0.00155436
686 1.24178
687 1.24298
688 1.23334
689 1.25067
690 1.21815
691 0.0215197
692 1.23347
693 0.0696308
694 0.0156348
695 0.0150288
696 0.0108388
697 0.0107463
698 0.0173532
699 0.000855631
700 0.0461846
701 0.00850545
702 0.0324781
703 0.0260194
704 0.0180373
705 1.20436
706 0.0478817
707 0.0530579
708 0.0403071
709 1.21334
710 0.0321262
711 0.00830051
712 0.0127436
713 1.24231
714 0.00388197
715 1.25445
716 0.0178245
717 1.25436
718 0.00288082
719 1.17732
720 0.0313224
721 0.703512
722 0.56536
723 0.6324
724 0.60723
725 0.652936
726 0.629264
727 0.648213
728 0.63722
729 0.661925
730 0.639265
731 0.634836
732 0.670698
733 0.587851
734 0.613248
735 0.586621
736 0.642266
737 0.582269
738 0.63439
739 0.582913
740 0.655074
741 0.637937
742 0.680338
743 0.65938
744 0.675059
745 0.603239
746 0.676685
747 0.692195
748 0.651076
749 0.678793
750 0.684051
751 0.647166
752 0.6927
753 0.687107
754 0.650754
755 0.644775
756 0.615361
757 0.657285
758 0.652627
759 0.637488
760 0.616762
761 0.589888
762 0.581488
763 0.680343
764 0.613977
765 0.680029
766 0.59229
767 0.653566
768 0.626755
769 1.19846
770 1.25013
771 1.16377
772 0.063065
773 1.19232
774 0.0228956
775 1.1994
776 0.0936251
777 1.18836
778 1.24816
779 0.0447895
780 1.20953
781 1.25009
782 0.00102629
783 1.25162
784 1.25564
785 0.0491728
786 1.23416
787 0.00894431
788 1.22944
789 0.0570623
790 1.20705
791 0.0126467
792 0.0109067
793 0.0292292
794 1.22241
795 0.0644796
796 0.0622727
797 0.0423223
798 1.23085
799 0.0246213
800 0.00390928
801 1.20004
802 0.0700403
803 1.25414
804 0.0701313
805 1.20866
806 0.0562984
807 0.0350015
808 1.23131
809 1.22389
810 0.0739217
811 1.23954
812 1.24402
813 1.24904
814 0.0131964
815 1.21677
816 1.21169
817 0.681396
818 0.615106
819 0.672588
820 0.578493
821 0.566442
822 0.607266
823 0.63153
824 0.693642
825 0.662815
826 0.596674
827 0.607886
828 0.615048
829 0.588155
830 0.662168
831 0.572846
832 0.666873
833 0.630125
834 0.653932
835 0.603287
836 0.63316
837 0.624221
838 0.653591
839 0.53482
840 0.621716
841 0.620741
842 0.641532
843 0.720572
844 0.58483
845 0.60299
846 0.664413
847 0.607283
848 0.645927
849 0.648781
850 0.64736
851 0.669923
852 0.621357
853 0.653318
854 0.625357
855 0.688278
856 0.629651
857 0.732166
858 0.65622
859 0.675652
860 0.576253
861 0.586205
862 0.532531
863 0.621976
864 0.60271
865 1.2244
866 0.0720657
867 1.22536
868 0.0612972
869 1.21655
870 0.0340101
871 1.24032
872 0.0410024
873 1.23021
874 0.0022779
875 0.0382666
876 1.24907
877 1.22484
878 0.023083
879 0.0313135
880 1.24139
881 0.0415146
882 0.0139938
883 0.0611202
884 1.22511
885 1.24668
886 1.21247
887 0.017657
888 1.21353
889 1.25413
890 1.21504
891 0.00470069
892 1.20412
893 1.21437
894 1.241
895 0.0146426
896 1.22225
897 1.2242
898 0.0327241
899 0.0117873
900 1.24378
901 0.0643815
902 0.0321683
903 0.0829048
904 1.24789
905 1.24966
906 0.0193096
907 1.24557
908 1.24657
909 1.21988
910 0.024738
911 1.23935
912 1.24504
913 0.610158
914 0.595774
915 0.647786
916 0.644084
917 0.641699
918 0.639372
919 0.578172
920 0.563778
921 0.646454
922 0.608323
923 0.609173
924 0.622849
925 0.591098
926 0.588198
927 0.553236
928 0.659841
929 0.575706
930 0.645022
931 0.560491
932 0.646275
933 0.629437
934 0.65123
935 0.57713
936 0.625578
937 0.580048
938 0.638533
939 0.633751
940 0.619005
941 0.623485
942 0.650886
943 0.575662
944 0.661588
945 0.623784
946 0.625593
947 0.65734
948 0.591239
949 0.688528
950 0.572005
951 0.595761
952 0.596142
953 0.614247
954 0.64414
955 0.609087
956 0.580495
957 0.679024
958 0.584807
959 0.714493
960 0.644181
961 1.20249
962 0.0485908
963 1.16917
964 0.0615335
965 1.22564
966 0.0925017
967 1.18595
968 0.0221907
969 1.24816
970 1.23423
971 0.100263
972 1.25314
973 0.049142
974 0.0191496
975 1.25204
976 0.0226431
977 0.0312965
978 1.19359
979 1.24971
980 0.00439914
981 0.000313652
982 0.00803854
983 0.0644522
984 1.2134
985 1.21345
986 1.15614
987 0.0379991
988 1.25193
989 0.0118649
990 0.0744401
991 0.0273088
992 1.21088
993 0.00886053
994 1.25389
995 1.23697
996 0.0314115
997 0.0246032
998 0.0359529
999 1.25577
1000 1.21956
1001 1.1723
1002 0.0429976
1003 1.21895
1004 0.0479818
1005 1.25189
1006 0.0150782
1007 1.24606
1008 0.0492697
1009 0.620258
1010 0.594683
1011 0.606547
1012 0.623052
1013 0.606867
1014 0.619123
1015 0.604642
1016 0.612501
1017 0.60932
1018 0.625834
1019 0.639524
1020 0.647143
1021 0.597159
1022 0.674341
1023 0.619837
1024 0.640218
1025 0.606114
1026 0.612187
1027 0.583369
1028 0.646124
1029 0.567391
1030 0.674919
1031 0.614175
1032 0.643596
1033 0.583306
1034 0.604175
1035 0.624399
1036 0.641077
1037 0.593576
1038 0.602042
1039 0.594086
1040 0.625876
1041 0.608196
1042 0.543104
1043 0.670288
1044 0.55151
1045 0.641488
1046 0.686886
1047 0.614089
1048 0.670883
1049 0.609747
1050 0.578693
1051 0.623709
1052 0.538638
1053 0.656882
1054 0.652344
1055 0.62526
1056 0.581534
1057 0.0228751
1058 0.0575506
1059 0.0179378
1060 0.0649153
1061 1.21528
1062 1.25304
1063 1.21485
1064 0.0368292
1065 1.21944
1066 0.0193002
1067 1.24776
1068 0.00227237
1069 0.018414
1070 0.013518
1071 0.0300821
1072 1.23789
1073 1.23303
1074 1.24843
1075 0.0363609
1076 1.21844
1077 1.22803
1078 0.00736722
1079 1.25381
1080 1.23544
1081 1.21908
1082 1.25162
1083 0.0496036
1084 1.2344
1085 0.0139621
1086 1.23798
1087 0.0202494
1088 0.0110497
1089 1.25467
1090 1.24421
1091 1.19254
1092 0.00626951
1093 1.19694
1094 0.000703125
1095 0.0127052
1096 1.25625
1097 0.00337518
1098 0.0355822
1099 1.25446
1100 1.22474
1101 1.14437
1102 1.15138
1103 1.22204
1104 1.2311
1105 0.6592
1106 0.617126
1107 0.657804
1108 0.626667
1109 0.643591
1110 0.609168
1111 0.616019
1112 0.634548
1113 0.624878
1114 0.597189
1115 0.621212
1116 0.687051
1117 0.632471
1118 0.655546
1119 0.598757
1120 0.669638
1121 0.6139
1122 0.648997
1123 0.573792
1124 0.678306
1125 0.65686
1126 0.624804
1127 0.612219
1128 0.60883
1129 0.626837
1130 0.647262
1131 0.560417
1132 0.622604
1133 0.612472
1134 0.655127
1135 0.645237
1136 0.676173
1137 0.596882
1138 0.604577
1139 0.613899
1140 0.564555
1141 0.619458
1142 0.590275
1143 0.625718
1144 0.618951
1145 0.633578
1146 0.616476
1147 0.688075
1148 0.62313
1149 0.610775
1150 0.653705
1151 0.61285
1152 0.673749
1153 0.00400246
1154 1.24247
1155 1.19814
1156 0.0106079
1157 1.25087
1158 0.0491497
1159 1.23826
1160 0.0336689
1161 1.23919
1162 0.0250496
1163 1.25429
1164 1.23276
1165 0.0477072
1166 0.0113969
1167 0.00956795
1168 1.20164
1169 0.0086612
1170 1.23864
1171 1.25411
1172 1.254
1173 1.2448
1174 1.24184
1175 0.0882996
1176 1.20046
1177 1.17906
1178 0.0247416
1179 1.24386
1180 1.20175
1181 0.0359788
1182 1.23304
1183 0.0696128
1184 0.0351271
1185 1.2329
1186 0.0460728
1187 1.24108
1188 1.22042
1189 1.16701
1190 1.24222
1191 1.23617
1192 1.22472
1193 1.23855
1194 0.0195116
1195 0.0167347
1196 0.0199044
1197 0.00140515
1198 1.21442
1199 0.0432671
1200 1.24389
1201 0.59485
1202 0.523424
1203 0.661458
1204 0.613098
1205 0.628632
1206 0.613803
1207 0.612628
1208 0.570669
1209 0.645041
1210 0.566338
1211 0.613001
1212 0.665982
1213 0.585595
1214 0.603357
1215 0.564864
1216 0.664953
1217 0.61855
1218 0.657309
1219 0.620242
1220 0.655312
1221 0.636698
1222 0.632138
1223 0.612954
1224 0.664183
1225 0.613997
1226 0.644631
1227 0.60559
1228 0.680872
1229 0.635836
1230 0.686149
1231 0.615817
1232 0.599856
1233 0.590828
1234 0.628478
1235 0.5985
1236 0.591469
1237 0.660888
1238 0.615348
1239 0.659887
1240 0.604678
1241 0.642748
1242 0.536194
1243 0.613237
1244 0.64331
1245 0.614293
1246 0.677459
1247 0.625423
1248 0.632864
1249 0.0227404
1250 1.25563
1251 1.20485
1252 1.25113
1253 1.22291
1254 0.0690357
1255 1.22779
1256 0.025595
1257 1.20913
1258 1.21424
1259 0.0372498
1260 1.23857
1261 0.0135031
1262 1.18758
1263 1.21127
1264 0.0061243
1265 0.0248693
1266 1.22873
1267 0.0658439
1268 1.23828
1269 1.24693
1270 1.20234
1271 1.22253
1272 0.00522127
1273 0.0363661
1274 1.24033
1275 0.0215657
1276 1.20429
1277 0.0411919
1278 1.24059
1279 0.0127675
1280 1.24187
1281 1.20915
1282 1.25368
1283 0.0192284
1284 1.25403
1285 1.25288
1286 0.0118282
1287 0.0383041
1288 1.24325
1289 0.00506226
1290 1.24056
1291 1.25312
1292 0.0375315
1293 0.0904556
1294 1.23592
1295 0.0666462
1296 1.21978
1297 0.627537
1298 0.605811
1299 0.669545
1300 0.585169
1301 0.683339
1302 0.617109
1303 0.649045
1304 0.583848
1305 0.633266
1306 0.618384
1307 0.649514
1308 0.613492
1309 0.574363
1310 0.642202
1311 0.647066
1312 0.711486
1313 0.507844
1314 0.672931
1315 0.657738
1316 0.634158
1317 0.591643
1318 0.648721
1319 0.6394
1320 0.685992
1321 0.580776
1322 0.590124
1323 0.569457
1324 0.672509
1325 0.572984
1326 0.638249
1327 0.591298
1328 0.629185
1329 0.581446
1330 0.604466
1331 0.586327
1332 0.602951
1333 0.653373
1334 0.582839
1335 0.676787
1336 0.608447
1337 0.659866
1338 0.577848
1339 0.629877
1340 0.495039
1341 0.607439
1342 0.649625
1343 0.633361
1344 0.634938
1345 1.24187
1346 0.0329419
1347 0.00416501
1348 0.0596177
1349 1.25514
1350 0.0245775
1351 1.18076
1352 0.0284059
1353 1.19923
1354 0.0504192
1355 0.0276625
1356 0.0079898
1357 0.00489165
1358 1.25017
1359 0.0472478
1360 0.00933746
1361 1.20492
1362 1.22292
1363 0.0471113
1364 0.0135559
1365 1.25335
1366 1.25193
1367 0.0526158
1368 0.00730254
1369 0.0177159
1370 1.23128
1371 0.00968169
1372 1.21225
1373 0.0268455
1374 0.00857011
1375 0.0138815
1376 1.2445
1377 1.20841
1378 0.00329669
1379 1.22888
1380 0.0385267
1381 1.21995
1382 0.0334253
1383 1.18554
1384 0.0158792
1385 1.21956
1386 0.0409825
1387 1.25609
1388 0.0580419
1389 1.19124
1390 1.24907
1391 0.0419467
1392 1.21393
1393 0.645257
1394 0.661401
1395 0.648579
1396 0.669507
1397 0.656193
1398 0.601562
1399 0.592826
1400 0.584466
1401 0.701237
1402 0.650572
1403 0.613118
1404 0.630509
1405 0.592227
1406 0.671158
1407 0.618907
1408 0.657603
1409 0.596307
1410 0.646861
1411 0.642778
1412 0.599052
1413 0.548268
1414 0.715877
1415 0.60079
1416 0.647913
1417 0.591982
1418 0.599022
1419 0.624305
1420 0.636978
1421 0.60408
1422 0.591988
1423 0.585811
1424 0.636586
1425 0.60385
1426 0.616065
1427 0.66385
1428 0.596257
1429 0.61332
1430 0.585185
1431 0.622317
1432 0.627848
1433 0.606316
1434 0.596704
1435 0.625192
1436 0.62132
1437 0.603327
1438 0.632027
1439 0.552227
1440 0.630966
1441 1.23322
1442 0.0174823
1443 1.22368
1444 0.0612729
1445 1.25625
1446 0.0231191
1447 0.0149772
1448 1.25274
1449 0.00959392
1450 0.0363165
1451 0.0155569
1452 1.21608
1453 0.048807
1454 1.20185
1455 0.0125814
1456 1.2227
1457 1.25092
1458 1.18047
1459 1.25336
1460 0.00994207
1461 0.00307959
1462 1.23823
1463 0.0414347
1464 1.23983
1465 1.24201
1466 1.22739
1467 0.0328163
1468 0.00141788
1469 1.23157
1470 1.22481
1471 0.0203085
1472 1.25444
1473 0.0308794
1474 0.0626245
1475 1.24409
1476 0.0149558
1477 1.2557
1478 0.00852208
1479 1.20805
1480 0.0480414
1481 1.22989
1482 0.0148394
1483 1.24092
1484 0.0369953
1485 1.24977
1486 1.24792
1487 0.0792202
1488 1.17211
1489 0.587405
1490 0.577335
1491 0.671894
1492 0.634414
1493 0.612893
1494 0.562781
1495 0.688094
1496 0.611057
1497 0.692289
1498 0.623186
1499 0.569645
1500 0.651976
1501 0.601814
1502 0.657067
1503 0.575901
1504 0.618862
1505 0.593882
1506 0.6964
1507 0.597283
1508 0.653823
1509 0.629029
1510 0.593805
1511 0.557932
1512 0.601006
1513 0.704952
1514 0.647115
1515 0.575773
1516 0.644325
1517 0.61923
1518 0.664483
1519 0.61962
1520 0.660226
1521 0.688701
1522 0.616667
1523 0.659748
1524 0.614192
1525 0.643932
1526 0.604706
1527 0.64011
1528 0.613269
1529 0.679924
1530 0.610678
1531 0.669975
1532 0.567202
1533 0.564002
1534 0.63584
1535 0.602975
1536 0.594946
1537 1.19599
1538 0.0299109
1539 1.23879
1540 0.0358801
1541 1.25162
1542 0.0114075
1543 1.21404
1544 0.00375145
1545 0.00344314
1546 1.24466
1547 0.036369
1548 1.24774
1549 0.0292611
1550 1.21855
1551 0.0138121
1552 1.22935
1553 0.0123296
1554 0.00959783
1555 0.0129131
1556 1.2487
1557 0.0233341
1558 1.24378
1559 0.0352039
1560 1.21345
1561 1.19553
1562 0.00732645
1563 1.24514
1564 0.000395351
1565 0.0312819
1566 1.18475
1567 0.100136
1568 1.22993
1569 0.0323555
1570 0.0118665
1571 1.24366
1572 0.0175489
1573 1.22365
1574 1.2035
1575 1.2473
1576 0.0796577
1577 1.21617
1578 0.0533038
1579 0.0124797
1580 0.0568473
1581 0.0651864
1582 1.21334
1583 0.0724356
1584 1.21996
1585 0.632239
1586 0.573516
1587 0.651763
1588 0.572291
1589 0.651077
1590 0.594035
1591 0.675247
1592 0.595525
1593 0.657428
1594 0.643903
1595 0.596313
1596 0.597812
1597 0.630678
1598 0.627537
1599 0.574586
1600 0.691351
1601 0.572995
1602 0.676279
1603 0.632233
1604 0.618338
1605 0.633276
1606 0.649212
1607 0.643752
1608 0.63997
1609 0.582885
1610 0.617377
1611 0.623628
1612 0.674169
1613 0.64012
1614 0.628319
1615 0.602383
1616 0.617381
1617 0.68859
1618 0.65648
1619 0.583072
1620 0.633032
1621 0.650538
1622 0.600679
1623 0.689371
1624 0.618929
1625 0.640073
1626 0.634583
1627 0.690495
1628 0.664241
1629 0.66531
1630 0.68308
1631 0.598617
1632 0.666671
1633 1.25426
1634 1.2543
1635 1.24648
1636 0.0289747
1637 0.0339254
1638 0.0197665
1639 1.22848
1640 1.21041
1641 1.19166
1642 0.0315154
1643 0.0244573
1644 1.24564
1645 0.0457419
1646 0.0244527
1647 0
1648 1.23377
1649 1.23172
1650 1.19317
1651 1.23376
1652 1.24096
1653 0.016482
1654 1.24721
1655 0.0569918
1656 1.25195
1657 0.0185293
1658 1.16503
1659 1.22007
1660 1.23946
1661 0.00627541
1662 1.20661
1663 0.0157343
1664 1.23705
1665 1.24583
1666 1.25585
1667 0.0266186
1668 0.0155267
1669 1.2253
1670 0.0116364
1671 1.20528
1672 0.0433141
1673 1.24025
1674 0.0233967
1675 1.24164
1676 1.24957
1677 1.21703
1678 0.00861373
1679 0.0141056
1680 1.2088
1681 0.627541
1682 0.599571
1683 0.64232
1684 0.621288
1685 0.687522
1686 0.611941
1687 0.608712
1688 0.624071
1689 0.656359
1690 0.62439
1691 0.676268
1692 0.709994
1693 0.604178
1694 0.701744
1695 0.629097
1696 0.634538
1697 0.566606
1698 0.5899
1699 0.540012
1700 0.640011
1701 0.620885
1702 0.640015
1703 0.545353
1704 0.638544
1705 0.617373
1706 0.612703
1707 0.615799
1708 0.592903
1709 0.644782
1710 0.633016
1711 0.593042
1712 0.590846
1713 0.644584
1714 0.561854
1715 0.65349
1716 0.593067
1717 0.622824
1718 0.589276
1719 0.732175
1720 0.632973
1721 0.625171
1722 0.626768
1723 0.692373
1724 0.585958
1725 0.618155
1726 0.634633
1727 0.576802
1728 0.621309
1729 1.23239
1730 0.0133508
1731 1.23696
1732 0.0323586
1733 0.00524184
1734 1.25036
1735 1.17937
1736 0.0460145
1737 1.23708
1738 0.01653
1739 1.25121
1740 0.026675
1741 0.0338108
1742 0.00551697
1743 0.0213154
1744 0.01726
1745 0.00773499
1746 1.25351
1747 1.22535
1748 1.19768
1749 1.23634
1750 0.0109473
1751 1.23056
1752 1.17901
1753 1.23624
1754 1.25274
1755 0.0249889
1756 1.18704
1757 0.0179837
1758 1.19794
1759 0.0244037
1760 0.00313971
1761 1.22545
1762 0.0408257
1763 1.25271
1764 0.0338187
1765 0.00942627
1766 0.0392263
1767 1.24647
1768 0.0179668
1769 1.24716
1770 0.0374532
1771 1.23714
1772 0.0561908
1773 1.21901
1774 1.15054
1775 1.25508
1776 1.23919
1777 0.635437
1778 0.651864
1779 0.661106
1780 0.638545
1781 0.638492
1782 0.604013
1783 0.633763
1784 0.587779
1785 0.708418
1786 0.557376
1787 0.634555
1788 0.648732
1789 0.619691
1790 0.643091
1791 0.665565
1792 0.671996
1793 0.625966
1794 0.659595
1795 0.57971
1796 0.62596
1797 0.529514
1798 0.604114
1799 0.549722
1800 0.646302
1801 0.659612
1802 0.605627
1803 0.606404
1804 0.602392
1805 0.608524
1806 0.627532
1807 0.614919
1808 0.643869
1809 0.611052
1810 0.635411
1811 0.625171
1812 0.579843
1813 0.682767
1814 0.662546
1815 0.605595
1816 0.641662
1817 0.670125
1818 0.583002
1819 0.611927
1820 0.630664
1821 0.596956
1822 0.662111
1823 0.700126
1824 0.596248
1825 1.17396
1826 0.0279515
1827 1.20675
1828 1.2355
1829 1.2261
1830 0.0249092
1831 1.22446
1832 1.2355
1833 1.24028
1834 1.24178
1835 0.0211385
1836 1.18662
1837 1.25506
1838 1.25198
1839 0.0369532
1840 0.0157294
1841 1.25427
1842 0
1843 0.00859891
1844 0.0140605
1845 0.00311283
1846 1.23863
1847 1.2465
1848 0.0360713
1849 1.19957
1850 1.17855
1851 0.0135792
1852 1.19449
1853 0.064743
1854 0.0165235
1855 0.0384125
1856 0.0608622
1857 1.24098
1858 0.0487419
1859 1.23882
1860 0.0221133
1861 1.2219
1862 0.0210577
1863 1.19294
1864 0.0330069
1865 1.20053
1866 0.0326986
1867 1.18918
1868 1.23793
1869 1.2086
1870 0.0720884
1871 0.0109628
1872 0.0774626
1873 0.596348
1874 0.572232
1875 0.594387
1876 0.57248
1877 0.627538
1878 0.584305
1879 0.703642
1880 0.715505
1881 0.656864
1882 0.640781
1883 0.685794
1884 0.679512
1885 0.639248
1886 0.628319
1887 0.628859
1888 0.677494
1889 0.576669
1890 0.641623
1891 0.668969
1892 0.694981
1893 0.593755
1894 0.664342
1895 0.656664
1896 0.695789
1897 0.661884
1898 0.668931
1899 0.62676
1900 0.688817
1901 0.588938
1902 0.64714
1903 0.592884
1904 0.640009
1905 0.671395
1906 0.607833
1907 0.681275
1908 0.573771
1909 0.638498
1910 0.654236
1911 0.662031
1912 0.568781
1913 0.622064
1914 0.588246
1915 0.640083
1916 0.642491
1917 0.647832
1918 0.60556
1919 0.629887
1920 0.602462
1921 0
1922 0.0778073
1923 1.24961
1924 0.0454055
1925 1.18751
1926 0.104852
1927 1.18889
1928 0.0163703
1929 0.00156262
1930 0.00551306
1931 1.2432
1932 1.22254
1933 0.00313823
1934 1.24647
1935 1.2278
1936 1.23382
1937 1.23556
1938 0.00311963
1939 0.0179374
1940 1.25273
1941 0.046365
1942 1.23952
1943 0.0212767
1944 1.2305
1945 1.24955
1946 0.0391588
1947 0.0690723
1948 1.24349
1949 0.0113459
1950 1.20688
1951 0.0189252
1952 0.0390426
1953 0.00543895
1954 0.00777589
1955 0.013343
1956 0.0498399
1957 1.25198
1958 1.2526
1959 1.2404
1960 0.0100788
1961 1.24101
1962 0.00156617
1963 1.2409
1964 0.0389515
1965 1.2543
1966 0.0934768
1967 0.00543895
1968 0.0555525
1969 0.676409
1970 0.644774
1971 0.704134
1972 0.624402
1973 0.726603
1974 0.619728
1975 0.631373
1976 0.640099
1977 0.666967
1978 0.57355
1979 0.609239
1980 0.629097
1981 0.616513
1982 0.643512
1983 0.597847
1984 0.703372
1985 0.642528
1986 0.621504
1987 0.651003
1988 0.623608
1989 0.605515
1990 0.673788
1991 0.605861
1992 0.639335
1993 0.596258
1994 0.664081
1995 0.622093
1996 0.607099
1997 0.636034
1998 0.675236
1999 0.679391
2000 0.698338
2001 0.645653
2002 0.563892
2003 0.680118
2004 0.573685
2005 0.605719
2006 0.628319
2007 0.646935
2008 0.609438
2009 0.623605
2010 0.593687
2011 0.62196
2012 0.590777
2013 0.680819
2014 0.586806
2015 0.62293
2016 0.625194
2017 1.25044
2018 0.0444722
2019 0.00780362
2020 0.0225673
2021 0.0415838
2022 0.0238446
2023 0.00238955
2024 0.0914295
2025 0.0394715
2026 1.24566
2027 0.0305835
2028 1.22633
2029 0.0126127
2030 1.25349
2031 0.0105605
2032 1.20846
2033 0.0289638
2034 0.0264736
2035 0.0525007
2036 0.000786411
2037 0.0417475
2038 0.0334616
2039 1.24806
2040 0.0398009
2041 0.0421395
2042 1.19673
2043 0.0492098
2044 1.23763
2045 0.0689966
2046 1.23548
2047 0.0313869
2048 0.0724853
2049 0.000789266
2050 0.0619786
2051 1.24012
2052 0.0282943
2053 1.24172
2054 0.0135792
2055 1.23471
2056 0.0109115
2057 0.0015674
2058 0.00313479
2059 1.19618
2060 0.0266395
2061 0.0181655
2062 0
2063 1.24174
2064 0.0271287
2065 0.668796
2066 0.605362
2067 0.638525
2068 0.631433
2069 0.65622
2070 0.627529
2071 0.670278
2072 0.662027
2073 0.627165
2074 0.648722
2075 0.680314
2076 0.618136
2077 0.626756
2078 0.652589
2079 0.582535
2080 0.649025
2081 0.582828
2082 0.633802
2083 0.617279
2084 0.651847
2085 0.623639
2086 0.643974
2087 0.586594
2088 0.723588
2089 0.586735
2090 0.64069
2091 0.626754
2092 0.641647
2093 0.597721
2094 0.645507
2095 0.612774
2096 0.639281
2097 0.699073
2098 0.591379
2099 0.685977
2100 0.593795
2101 0.642293
2102 0.593707
2103 0.629102
2104 0.628319
2105 0.679215
2106 0.608698
2107 0.672281
2108 0.64714
2109 0.64248
2110 0.596882
2111 0.646427
2112 0.626745
2113 1.24562
2114 0.0410766
2115 1.25351
2116 0.0580695
2117 0.0746114
2118 0.0538793
2119 1.24254
2120 1.25531
2121 1.19478
2122 0.0212617
2123 0.0430465
2124 1.21464
2125 0.0438144
2126 1.25034
2127 0.0607946
2128 1.2503
2129 1.24575
2130 1.18183
2131 0.0186952
2132 1.24406
2133 0.0306411
2134 1.24424
2135 0.0039047
2136 1.22765
2137 0.0305284
2138 1.22826
2139 0.0741811
2140 1.22616
2141 0.0515469
2142 1.24961
2143 1.21503
2144 0.0321887
2145 0.0503511
2146 0.0202622
2147 1.244
2148 0.0179528
2149 1.1705
2150 0.0101243
2151 1.20236
2152 0.0502721
2153 0.0574623
2154 0.108506
2155 1.24967
2156 0.0440659
2157 0.0365312
2158 0.0071145
2159 0.0117274
2160 0.047828
2161 0.65545
2162 0.64236
2163 0.676351
2164 0.644876
2165 0.634548
2166 0.659986
2167 0.632252
2168 0.564675
2169 0.61817
2170 0.608799
2171 0.637744
2172 0.669299
2173 0.607173
2174 0.652675
2175 0.575391
2176 0.624384
2177 0.645538
2178 0.664535
2179 0.615705
2180 0.692969
2181 0.564258
2182 0.653259
2183 0.554345
2184 0.657847
2185 0.632262
2186 0.666758
2187 0.65262
2188 0.704845
2189 0.686026
2190 0.653445
2191 0.636412
2192 0.65506
2193 0.653796
2194 0.607079
2195 0.641568
2196 0.607228
2197 0.661935
2198 0.608605
2199 0.634357
2200 0.622624
2201 0.687196
2202 0.643979
2203 0.693325
2204 0.56096
2205 0.667637
2206 0.610943
2207 0.692194
2208 0.609453
2209 1.22223
2210 0.0400323
2211 1.22533
2212 1.23788
2213 1.22423
2214 1.23936
2215 0.00392124
2216 0.0148997
2217 1.2283
2218 0
2219 1.24649
2220 1.24641
2221 0.0272922
2222 0.0425208
2223 0.0894362
2224 0.0139245
2225 0.0369213
2226 0.0108506
2227 0.0535006
2228 0.0187625
2229 0.0685693
2230 0.00238019
2231 0.0173334
2232 1.22363
2233 0.0729091
2234 1.23172
2235 0.03055
2236 1.24495
2237 0.0207031
2238 0.0196655
2239 0.0833815
2240 0.0489436
2241 1.25576
2242 0.0463469
2243 0.0015625
2244 0.0354171
2245 1.21999
2246 1.24804
2247 1.24029
2248 0.039113
2249 1.23913
2250 0.0291256
2251 1.22537
2252 0.00704214
2253 1.20776
2254 0.0395676
2255 1.23217
2256 0.0366226
2257 0.641329
2258 0.657663
2259 0.615808
2260 0.633026
2261 0.629101
2262 0.602446
2263 0.691485
2264 0.68964
2265 0.636149
2266 0.588555
2267 0.628319
2268 0.700103
2269 0.657497
2270 0.688206
2271 0.613613
2272 0.665983
2273 0.636972
2274 0.642429
2275 0.588863
2276 0.686695
2277 0.610345
2278 0.641535
2279 0.639286
2280 0.671636
2281 0.63383
2282 0.6565
2283 0.599352
2284 0.65349
2285 0.527052
2286 0.693493
2287 0.647948
2288 0.680118
2289 0.649518
2290 0.633912
2291 0.634053
2292 0.594259
2293 0.702842
2294 0.593104
2295 0.663488
2296 0.590307
2297 0.717437
2298 0.572128
2299 0.594393
2300 0.592676
2301 0.587461
2302 0.568281
2303 0.625978
2304 0.577848
2305 1.24719
2306 0.00391043
2307 1.22847
2308 0.00314989
2309 1.25354
2310 0.00706647
2311 1.21972
2312 0.0156702
2313 0.025148
2314 0.0219969
2315 0.058106
2316 1.24886
2317 0.0977269
2318 1.23011
2319 1.24248
2320 1.2002
2321 0.0281858
2322 1.23865
2323 0.0365056
2324 1.15198
2325 0.0203494
2326 0.0388452
2327 1.24172
2328 0.0285455
2329 0.0330023
2330 1.24954
2331 0.031235
2332 0.00156238
2333 7.51619e-05
2334 1.24902
2335 1.23376
2336 0.0180314
2337 1.18178
2338 0.00532404
2339 1.22668
2340 0.023838
2341 0.00624182
2342 0.0148543
2343 0.0100928
2344 0.0256306
2345 1.22863
2346 0.000784929
2347 1.23082
2348 0.0602717
2349 1.2213
2350 0.0469139
2351 1.22141
2352 0.0267479
2353 0.609451
2354 0.582967
2355 0.637725
2356 0.643175
2357 0.684898
2358 0.570121
2359 0.661694
2360 0.662788
2361 0.661053
2362 0.595353
2363 0.603198
2364 0.627533
2365 0.601646
2366 0.600223
2367 0.579932
2368 0.641627
2369 0.61663
2370 0.630665
2371 0.583251
2372 0.618935
2373 0.588287
2374 0.640106
2375 0.623656
2376 0.677554
2377 0.541178
2378 0.668664
2379 0.597833
2380 0.678094
2381 0.606954
2382 0.680094
2383 0.610918
2384 0.623954
2385 0.655655
2386 0.608267
2387 0.65043
2388 0.61821
2389 0.675014
2390 0.613181
2391 0.676854
2392 0.573472
2393 0.642502
2394 0.652364
2395 0.610422
2396 0.662031
2397 0.683208
2398 0.636192
2399 0.627535
2400 0.607945
2401 1.20919
2402 0.0132837
2403 1.25033
2404 0.0443824
2405 0.0194679
2406 1.24653
2407 1.20598
2408 0.0235011
2409 1.23859
2410 0.0446656
2411 0.053158
2412 1.24401
2413 0.0385332
2414 1.24022
2415 0.0288892
2416 1.21281
2417 0.087509
2418 1.23477
2419 0.0211385
2420 0.0187011
2421 1.24732
2422 1.25194
2423 0.00941222
2424 0.00626166
2425 0.0298442
2426 0.0274915
2427 0.0630377
2428 0.0458039
2429 0.0558737
2430 1.21134
2431 1.23
2432 1.23416
2433 0.0172939
2434 0.0162899
2435 1.23164
2436 0.0173896
2437 1.23805
2438 0.0126176
2439 1.21075
2440 0.00859659
2441 1.25038
2442 0.0195288
2443 1.20594
2444 0.0637433
2445 1.18892
2446 0.0109972
2447 1.21716
2448 0.0162012
2449 0.636355
2450 0.618015
2451 0.655873
2452 0.55438
2453 0.615051
2454 0.613486
2455 0.659068
2456 0.585629
2457 0.656509
2458 0.657158
2459 0.611026
2460 0.610317
2461 0.558382
2462 0.61505
2463 0.568141
2464 0.651138
2465 0.603265
2466 0.593199
2467 0.609325
2468 0.67637
2469 0.604913
2470 0.703712
2471 0.534725
2472 0.632215
2473 0.583765
2474 0.679092
2475 0.575276
2476 0.696409
2477 0.6244
2478 0.633013
2479 0.612669
2480 0.640877
2481 0.688043
2482 0.566142
2483 0.683644
2484 0.606583
2485 0.651203
2486 0.606995
2487 0.694054
2488 0.60631
2489 0.635366
2490 0.62668
2491 0.672315
2492 0.687957
2493 0.557957
2494 0.625977
2495 0.588277
2496 0.614902
