1 1.21198
2 0.0494268
3 1.22904
4 0.0224268
5 1.21352
6 0.00500689
7 1.23852
8 0.000866961
9 1.22343
10 0.054274
11 1.20396
12 0.032257
13 1.20008
14 1.23802
15 0.0164652
16 1.20097
17 0.090448
18 1.19271
19 0.0179424
20 0.0479515
21 1.23045
22 1.21554
23 1.22227
24 0.0204912
25 1.24802
26 1.21236
27 0.00559217
28 1.18613
29 0.0062597
30 0.0329019
31 0.0540843
32 0.0266603
33 1.22305
34 0.0122427
35 1.21886
36 0.0197924
37 1.19998
38 0.0181941
39 1.21485
40 0.00141844
41 1.23162
42 1.24359
43 1.15864
44 0.0177828
45 1.19883
46 1.22526
47 1.20167
48 1.22722
49 0.659418
50 0.616987
51 0.677956
52 0.598558
53 0.652339
54 0.635233
55 0.599539
56 0.591668
57 0.614708
58 0.628475
59 0.599695
60 0.613943
61 0.616843
62 0.630524
63 0.562077
64 0.630835
65 0.609022
66 0.691174
67 0.652786
68 0.596846
69 0.634243
70 0.640086
71 0.548672
72 0.692798
73 0.554258
74 0.561703
75 0.605634
76 0.64354
77 0.613776
78 0.635842
79 0.606562
80 0.6558
81 0.683295
82 0.615799
83 0.647315
84 0.55422
85 0.63498
86 0.608555
87 0.692773
88 0.610181
89 0.667903
90 0.617417
91 0.659563
92 0.595285
93 0.679364
94 0.606065
95 0.692366
96 0.562222
97 1.15363
98 1.24718
99 0.0102779
100 0.0335215
101 1.24205
102 0.0411069
103 1.25413
104 1.25601
105 1.2318
106 0.0312398
107 1.21415
108 0.0209364
109 1.18459
110 0.00173024
111 0.0213967
112 1.232
113 1.23094
114 1.24527
115 0.0392972
116 1.22652
117 0.0225148
118 0.0341888
119 1.20665
120 1.19242
121 0.0278684
122 1.1846
123 0.0298594
124 1.17329
125 1.25351
126 1.2084
127 0.0153233
128 1.2535
129 1.24493
130 0.0591218
131 0.00695845
132 0.0201383
133 1.24562
134 0.00972301
135 1.15904
136 0.0565762
137 1.19533
138 0.0682443
139 0.0456017
140 0.083557
141 1.24543
142 0.0448758
143 0.0858094
144 1.19717
145 0.656555
146 0.619966
147 0.627928
148 0.56412
149 0.637402
150 0.579361
151 0.631704
152 0.621032
153 0.632494
154 0.577069
155 0.635324
156 0.629811
157 0.656471
158 0.641255
159 0.617222
160 0.656251
161 0.622429
162 0.703609
163 0.571835
164 0.653464
165 0.607
166 0.652485
167 0.62325
168 0.675428
169 0.642179
170 0.664825
171 0.604959
172 0.625492
173 0.622775
174 0.677907
175 0.628631
176 0.652528
177 0.675061
178 0.635388
179 0.686482
180 0.586839
181 0.638853
182 0.624256
183 0.634881
184 0.624155
185 0.615238
186 0.614569
187 0.593984
188 0.620012
189 0.640954
190 0.567569
191 0.630901
192 0.64936
193 0.047321
194 0.0645015
195 1.24148
196 1.20785
197 1.24168
198 0.0303147
199 1.2128
200 1.25446
201 0.0260647
202 0.03545
203 1.20007
204 0.0367874
205 1.22967
206 1.22055
207 1.23143
208 1.17024
209 1.22166
210 1.23035
211 0.0914287
212 1.24454
213 1.24683
214 1.21829
215 0.0207439
216 1.24436
217 0.0404586
218 0.00576273
219 0.0541258
220 1.22241
221 1.20973
222 1.22127
223 0.0582738
224 0.0486356
225 1.2248
226 0.0347686
227 1.23247
228 1.24555
229 1.21302
230 0.0498403
231 1.23017
232 0.0531782
233 1.2285
234 0.0197291
235 1.16793
236 0.0751322
237 1.22957
238 1.2437
239 1.1878
240 0.059396
241 0.631521
242 0.660743
243 0.665633
244 0.666616
245 0.713476
246 0.575985
247 0.66883
248 0.643114
249 0.667722
250 0.636167
251 0.675716
252 0.622289
253 0.649993
254 0.60739
255 0.582111
256 0.654297
257 0.599591
258 0.643284
259 0.593078
260 0.617414
261 0.571672
262 0.649737
263 0.609127
264 0.646842
265 0.618159
266 0.623062
267 0.562528
268 0.679732
269 0.587225
270 0.660411
271 0.610205
272 0.653936
273 0.624862
274 0.646313
275 0.631207
276 0.624454
277 0.692733
278 0.601217
279 0.646182
280 0.610288
281 0.659801
282 0.589276
283 0.652901
284 0.658897
285 0.594292
286 0.628474
287 0.687111
288 0.631789
289 1.20743
290 0.0552448
291 0.00642066
292 0.0599535
293 1.25586
294 0.014502
295 0.00914585
296 0.0437702
297 0.00109546
298 1.24074
299 1.22799
300 0.0276948
301 1.22912
302 1.22288
303 1.23666
304 1.22406
305 0.013736
306 1.23778
307 0.00825713
308 1.23038
309 1.25423
310 0.0100691
311 0.0339171
312 1.24014
313 0.108872
314 0.0437923
315 0.0290666
316 1.2252
317 0.0557543
318 1.21509
319 0.000628931
320 0.0574698
321 1.21856
322 0.0154619
323 1.21267
324 0.0259346
325 1.2496
326 0.0564753
327 1.23359
328 0.0359535
329 1.22321
330 0.0849684
331 1.1896
332 0.0157634
333 1.21012
334 0.0598965
335 1.23186
336 0.00657197
337 0.610408
338 0.567604
339 0.634074
340 0.681773
341 0.656344
342 0.627137
343 0.659683
344 0.615533
345 0.625974
346 0.625892
347 0.670918
348 0.598288
349 0.645295
350 0.627622
351 0.624912
352 0.693462
353 0.567087
354 0.683374
355 0.589705
356 0.59478
357 0.641592
358 0.683111
359 0.614873
360 0.670108
361 0.646158
362 0.642384
363 0.61649
364 0.633525
365 0.619083
366 0.667991
367 0.637259
368 0.694471
369 0.626906
370 0.617594
371 0.604033
372 0.58507
373 0.65512
374 0.609985
375 0.662729
376 0.622301
377 0.65918
378 0.612232
379 0.681045
380 0.604405
381 0.656771
382 0.62666
383 0.659701
384 0.585645
385 1.2358
386 0.0133938
387 1.22991
388 0.0117963
389 0.013876
390 0.00560349
391 1.17773
392 0.015756
393 1.25555
394 0.0716927
395 0.0223167
396 0.0730064
397 1.24389
398 0.0165081
399 0.0359343
400 1.22524
401 0.0131386
402 1.18799
403 0.0210939
404 0.00960533
405 0.00702126
406 1.25412
407 0.039932
408 1.25421
409 0.021797
410 1.25476
411 0.0457612
412 0.00716749
413 0.0631743
414 1.24185
415 1.24992
416 1.23803
417 1.22001
418 0.0182226
419 0.0247404
420 0.0445469
421 1.21293
422 0.0212517
423 1.23481
424 0.0681297
425 0.0462778
426 0.030405
427 0.0276409
428 0.0502711
429 0.00699125
430 0.0660443
431 1.18028
432 0.0310728
433 0.605656
434 0.562086
435 0.68583
436 0.627065
437 0.65222
438 0.651303
439 0.662228
440 0.632713
441 0.649723
442 0.6361
443 0.651596
444 0.615859
445 0.66079
446 0.636526
447 0.641283
448 0.683325
449 0.615322
450 0.645969
451 0.58229
452 0.696548
453 0.593828
454 0.591003
455 0.596348
456 0.632004
457 0.647238
458 0.632795
459 0.64298
460 0.670396
461 0.63477
462 0.706296
463 0.625963
464 0.652547
465 0.660208
466 0.612457
467 0.664425
468 0.622322
469 0.615215
470 0.589266
471 0.650801
472 0.622284
473 0.653702
474 0.596565
475 0.65813
476 0.5791
477 0.650756
478 0.628319
479 0.640318
480 0.630435
481 0.0220064
482 0.0166569
483 1.23198
484 1.22223
485 1.16942
486 1.23102
487 1.24317
488 1.24708
489 1.22947
490 0.0560925
491 0.00970236
492 0.0579494
493 0.0168176
494 1.23082
495 1.22918
496 1.19944
497 0.0643813
498 0.0156482
499 0.0307195
500 1.1857
501 0.0122382
502 1.22566
503 1.23767
504 1.25507
505 0.0407411
506 0.00749752
507 1.24963
508 0.00343641
509 0.0189905
510 1.18676
511 0.00164062
512 0.0100621
513 1.23001
514 0.00693676
515 1.24892
516 0.0371392
517 1.23849
518 0.0238761
519 0.0150577
520 0.050895
521 1.24747
522 0.0423276
523 1.23799
524 0.0218691
525 1.22622
526 0.0509332
527 0.033688
528 0.0474146
529 0.707257
530 0.550663
531 0.605938
532 0.590739
533 0.650615
534 0.609818
535 0.610477
536 0.603507
537 0.632537
538 0.54663
539 0.611276
540 0.599671
541 0.632384
542 0.580309
543 0.634173
544 0.613746
545 0.609973
546 0.641083
547 0.642195
548 0.686444
549 0.582573
550 0.609547
551 0.645336
552 0.663116
553 0.554678
554 0.627242
555 0.599537
556 0.71025
557 0.575964
558 0.669195
559 0.601106
560 0.655478
561 0.660374
562 0.577184
563 0.689888
564 0.667067
565 0.693239
566 0.633883
567 0.636186
568 0.621804
569 0.666317
570 0.658263
571 0.651445
572 0.630759
573 0.678789
574 0.655734
575 0.709821
576 0.604834
577 1.22471
578 1.22366
579 0.00676021
580 0.056149
581 1.23533
582 0.0426163
583 1.20725
584 0.0158323
585 1.21928
586 0.00179169
587 1.15138
588 1.25648
589 1.19139
590 1.21185
591 0.0590384
592 1.21349
593 0.0253976
594 0.0142667
595 0.00502114
596 1.24202
597 1.23405
598 1.22047
599 0.00320412
600 1.21639
601 0.00631953
602 1.18411
603 0.0519467
604 1.22693
605 0.013433
606 1.24099
607 0.00718177
608 0.0276225
609 1.20435
610 0.0028081
611 1.25068
612 0.0469172
613 0.00924014
614 0.0223409
615 1.25358
616 1.25499
617 1.1865
618 1.24334
619 1.19407
620 0.041734
621 1.24972
622 0.0161705
623 1.20111
624 0.0175932
625 0.630801
626 0.587494
627 0.711358
628 0.640885
629 0.666204
630 0.626278
631 0.706846
632 0.669548
633 0.676474
634 0.658014
635 0.67489
636 0.617654
637 0.662281
638 0.607826
639 0.606289
640 0.643198
641 0.605704
642 0.661734
643 0.601887
644 0.599681
645 0.573557
646 0.586145
647 0.575212
648 0.704521
649 0.598277
650 0.665539
651 0.580976
652 0.614435
653 0.566429
654 0.647687
655 0.641706
656 0.635945
657 0.679924
658 0.575072
659 0.674032
660 0.619776
661 0.696494
662 0.668993
663 0.676169
664 0.618186
665 0.697595
666 0.61065
667 0.687387
668 0.610225
669 0.650027
670 0.511022
671 0.596927
672 0.545034
673 1.23594
674 0.10592
675 1.24877
676 0.039644
677 1.23265
678 0.0483874
679 1.22621
680 0.0433585
681 0.0212651
682 1.23056
683 1.23344
684 0.0490327
685 1.23101
686 0.00976379
687 0.0251289
688 1.21351
689 1.25648
690 1.23137
691 1.23232
692 1.19945
693 0.0682477
694 1.2186
695 0.00408738
696 1.25648
697 0.0260062
698 0.0181498
699 1.25006
700 1.21202
701 1.24946
702 1.22349
703 0.0570474
704 1.25179
705 1.23468
706 0.0413203
707 1.23209
708 0.0574581
709 0.00210937
710 0.0424705
711 0.0656514
712 0.0254276
713 1.2373
714 0.0326431
715 1.21005
716 0.0283076
717 7.85546e-05
718 1.21002
719 1.23025
720 1.24621
721 0.694432
722 0.618782
723 0.623066
724 0.618584
725 0.628474
726 0.629019
727 0.616228
728 0.534908
729 0.63506
730 0.59777
731 0.714763
732 0.614325
733 0.653339
734 0.570206
735 0.633409
736 0.651588
737 0.642617
738 0.63839
739 0.623132
740 0.672419
741 0.623601
742 0.597225
743 0.565339
744 0.677963
745 0.62447
746 0.677011
747 0.636004
748 0.65702
749 0.627537
750 0.659349
751 0.594829
752 0.649645
753 0.672309
754 0.609423
755 0.662035
756 0.601299
757 0.62199
758 0.60961
759 0.668548
760 0.610132
761 0.639229
762 0.60418
763 0.628787
764 0.593666
765 0.62509
766 0.653762
767 0.664488
768 0.694861
769 1.2292
770 1.2407
771 1.20438
772 0.0136585
773 1.25225
774 1.23098
775 1.23757
776 0.0532923
777 0.031566
778 0.0293391
779 1.19321
780 1.23169
781 1.23226
782 1.24985
783 0.0391559
784 1.19532
785 0.0196401
786 1.21962
787 0.0209279
788 0.00978136
789 0.0534984
790 1.22195
791 1.2251
792 1.21868
793 0.0659591
794 1.22614
795 0.0323837
796 1.17129
797 0.0598685
798 0.00453016
799 1.24932
800 0.0249356
801 1.23991
802 0.0294355
803 1.20691
804 1.24361
805 1.18941
806 0.0567234
807 1.22166
808 0.0568569
809 0
810 0.0858405
811 1.23923
812 1.2508
813 1.23485
814 0.0588062
815 0.0493163
816 0.0141246
817 0.611208
818 0.606896
819 0.612162
820 0.625528
821 0.593346
822 0.64665
823 0.653476
824 0.632033
825 0.646761
826 0.581751
827 0.639273
828 0.604901
829 0.658456
830 0.592939
831 0.61732
832 0.625421
833 0.594397
834 0.668776
835 0.638636
836 0.654655
837 0.619114
838 0.664698
839 0.646132
840 0.687492
841 0.586846
842 0.58812
843 0.58987
844 0.619567
845 0.572383
846 0.608033
847 0.550656
848 0.636784
849 0.613989
850 0.546484
851 0.61695
852 0.594714
853 0.685832
854 0.63012
855 0.570268
856 0.571517
857 0.662893
858 0.639793
859 0.690924
860 0.606308
861 0.623105
862 0.669444
863 0.542024
864 0.626659
865 0.00439513
866 0.0364523
867 1.2341
868 0.0214792
869 1.17097
870 0.0438986
871 1.24809
872 0.0174191
873 1.21089
874 1.21185
875 1.21928
876 0.0328936
877 0.0205456
878 1.22425
879 0.0307526
880 0.00895672
881 0.0117378
882 1.21037
883 0.0475026
884 0.0227025
885 0.0943363
886 0.0147999
887 0.0687612
888 1.19814
889 0.00455399
890 1.2238
891 0.0579073
892 1.22174
893 0.0530958
894 0.00180251
895 0.0337922
896 1.21986
897 1.22777
898 0.0317216
899 1.18546
900 0.0942342
901 1.22978
902 0.0196683
903 1.23032
904 0.0147761
905 1.22789
906 1.25364
907 1.23186
908 0.0371483
909 1.18213
910 1.22339
911 0.0199037
912 1.23369
913 0.593754
914 0.652289
915 0.634384
916 0.59704
917 0.651076
918 0.598966
919 0.646586
920 0.607725
921 0.654878
922 0.574726
923 0.681381
924 0.618613
925 0.666442
926 0.649937
927 0.655718
928 0.630937
929 0.582595
930 0.63115
931 0.580709
932 0.65255
933 0.617318
934 0.619431
935 0.612406
936 0.61935
937 0.631051
938 0.652122
939 0.606983
940 0.584373
941 0.570035
942 0.698991
943 0.617197
944 0.648849
945 0.668234
946 0.603284
947 0.68026
948 0.616463
949 0.581094
950 0.607115
951 0.636645
952 0.604067
953 0.624884
954 0.635266
955 0.663566
956 0.59675
957 0.606787
958 0.538862
959 0.51388
960 0.62326
961 1.25563
962 0.020018
963 1.21588
964 0.00710647
965 1.21711
966 0.0752421
967 1.2176
968 0.0197215
969 1.24461
970 0.0187786
971 1.20516
972 0.0181955
973 1.23148
974 1.24359
975 1.25421
976 0.00311568
977 0.0341868
978 0.00260663
979 0.00400029
980 1.16952
981 1.2373
982 1.15895
983 1.209
984 0.0591131
985 1.22463
986 0.0237122
987 0.0192359
988 0.0100542
989 1.22695
990 1.20879
991 0.0371866
992 1.2395
993 1.21799
994 1.18783
995 1.23205
996 0.0560044
997 1.24952
998 0.0202025
999 1.22661
1000 0.0180798
1001 1.25417
1002 0.037581
1003 1.2066
1004 0.0288096
1005 0.0308864
1006 1.23296
1007 0.0627991
1008 1.23838
1009 0.521277
1010 0.617923
1011 0.654043
1012 0.634296
1013 0.663656
1014 0.567506
1015 0.636065
1016 0.645876
1017 0.667681
1018 0.587084
1019 0.637746
1020 0.585289
1021 0.686709
1022 0.654027
1023 0.605047
1024 0.653893
1025 0.611122
1026 0.682162
1027 0.578135
1028 0.625802
1029 0.574205
1030 0.649541
1031 0.609598
1032 0.590407
1033 0.591237
1034 0.614864
1035 0.592441
1036 0.644039
1037 0.593757
1038 0.672001
1039 0.576628
1040 0.627693
1041 0.654195
1042 0.641459
1043 0.716731
1044 0.647368
1045 0.666961
1046 0.601486
1047 0.635037
1048 0.589918
1049 0.67733
1050 0.665443
1051 0.606195
1052 0.610609
1053 0.71016
1054 0.677754
1055 0.627545
1056 0.643364
1057 0.0229359
1058 1.21581
1059 1.21663
1060 0.0108589
1061 0.00759757
1062 0.0220762
1063 1.15986
1064 0.00465223
1065 1.2375
1066 0.00455685
1067 0.0106371
1068 0.0103113
1069 1.239
1070 0.0256354
1071 0.0575106
1072 0.0316612
1073 0.0132034
1074 1.22549
1075 1.24056
1076 1.24831
1077 0.0290917
1078 1.20965
1079 1.22741
1080 0.0244237
1081 1.20437
1082 1.24126
1083 0.0193026
1084 1.23654
1085 0.018446
1086 0.000860922
1087 0.021
1088 1.2319
1089 0.0615336
1090 0.123327
1091 0.00941606
1092 0.0524849
1093 0.00360218
1094 0.0299988
1095 1.19985
1096 1.22482
1097 1.16626
1098 0.037052
1099 1.25656
1100 1.25286
1101 1.2077
1102 1.2532
1103 0.0343959
1104 1.20819
1105 0.606871
1106 0.625321
1107 0.691485
1108 0.595844
1109 0.6773
1110 0.598783
1111 0.635623
1112 0.581581
1113 0.640465
1114 0.570704
1115 0.655111
1116 0.667372
1117 0.678367
1118 0.622393
1119 0.581711
1120 0.669183
1121 0.629997
1122 0.609277
1123 0.606583
1124 0.629944
1125 0.616501
1126 0.650158
1127 0.612007
1128 0.558147
1129 0.653446
1130 0.639231
1131 0.540182
1132 0.632165
1133 0.641506
1134 0.702629
1135 0.589388
1136 0.624972
1137 0.722284
1138 0.595679
1139 0.642869
1140 0.592748
1141 0.623755
1142 0.617735
1143 0.666923
1144 0.62073
1145 0.679769
1146 0.65749
1147 0.653644
1148 0.586267
1149 0.625569
1150 0.617312
1151 0.565282
1152 0.629026
1153 0.0569292
1154 1.22214
1155 1.22571
1156 0.0301902
1157 0.0104212
1158 0.0880305
1159 1.22977
1160 0.0658234
1161 0.00413813
1162 0.0633116
1163 1.22452
1164 1.19266
1165 0.0492685
1166 1.22165
1167 0.0137911
1168 1.24815
1169 0.023932
1170 0.00968417
1171 1.23213
1172 1.24935
1173 0.052838
1174 1.23005
1175 0.0237582
1176 1.22895
1177 1.20274
1178 1.25089
1179 1.24446
1180 1.19488
1181 0.0834198
1182 0.00707004
1183 0.0161808
1184 0.0249561
1185 1.22572
1186 0.0607844
1187 1.22585
1188 0.0479569
1189 1.2532
1190 1.25283
1191 1.19907
1192 1.22869
1193 1.21164
1194 1.25491
1195 1.22058
1196 0.0144434
1197 1.24912
1198 1.2393
1199 0.0484612
1200 0.0263916
1201 0.658646
1202 0.616932
1203 0.690189
1204 0.612205
1205 0.65305
1206 0.622876
1207 0.651092
1208 0.585096
1209 0.630754
1210 0.630748
1211 0.592144
1212 0.614858
1213 0.61511
1214 0.660601
1215 0.601976
1216 0.622972
1217 0.586911
1218 0.652886
1219 0.585824
1220 0.656994
1221 0.536694
1222 0.570981
1223 0.625967
1224 0.655789
1225 0.656405
1226 0.639676
1227 0.664861
1228 0.672829
1229 0.599326
1230 0.682369
1231 0.615321
1232 0.683696
1233 0.677159
1234 0.531547
1235 0.637072
1236 0.586106
1237 0.677085
1238 0.575454
1239 0.616407
1240 0.608725
1241 0.679608
1242 0.618976
1243 0.683558
1244 0.588792
1245 0.647263
1246 0.588058
1247 0.644788
1248 0.627158
1249 0.0119356
1250 1.24155
1251 1.21101
1252 0.013406
1253 0.0299153
1254 0.0741964
1255 0.00699399
1256 0.0456322
1257 1.24201
1258 0.0136978
1259 0.0260708
1260 1.16304
1261 1.25436
1262 1.16487
1263 1.23513
1264 1.24456
1265 0.037919
1266 0.00588321
1267 0.0346244
1268 0.0214294
1269 0.044212
1270 1.17547
1271 0.0432252
1272 0.0768558
1273 0.00468783
1274 0.0122211
1275 0.0342332
1276 0.0177945
1277 0.0258658
1278 1.24202
1279 1.24798
1280 0.026476
1281 0.0159362
1282 0.0341222
1283 1.24886
1284 0.0125568
1285 1.25388
1286 0.00793758
1287 1.22402
1288 0.0755444
1289 1.19585
1290 0.0441537
1291 1.21537
1292 1.24591
1293 0.00412449
1294 1.19137
1295 0.0512492
1296 0.0229456
1297 0.67499
1298 0.601748
1299 0.656339
1300 0.602027
1301 0.63019
1302 0.598261
1303 0.654068
1304 0.571504
1305 0.659226
1306 0.590117
1307 0.630065
1308 0.621283
1309 0.653054
1310 0.668998
1311 0.52876
1312 0.664617
1313 0.589192
1314 0.643802
1315 0.625443
1316 0.66212
1317 0.635232
1318 0.643039
1319 0.582853
1320 0.648339
1321 0.640751
1322 0.631053
1323 0.662877
1324 0.636782
1325 0.639643
1326 0.656689
1327 0.589052
1328 0.657893
1329 0.693815
1330 0.586369
1331 0.653547
1332 0.55163
1333 0.626757
1334 0.582696
1335 0.63514
1336 0.60562
1337 0.641656
1338 0.592409
1339 0.667409
1340 0.640847
1341 0.682511
1342 0.611312
1343 0.634303
1344 0.58386
1345 1.20987
1346 1.21867
1347 1.18959
1348 0.0530013
1349 1.22581
1350 0.0122289
1351 1.23908
1352 0.0290251
1353 1.22657
1354 0.0234277
1355 1.24463
1356 1.23718
1357 0.0478127
1358 1.22446
1359 0.00039093
1360 1.24368
1361 0.0192117
1362 0.0197963
1363 0.022477
1364 0.0201242
1365 0.0126476
1366 0.00675718
1367 1.24399
1368 1.22325
1369 1.22819
1370 0.0123519
1371 0.0906669
1372 1.24712
1373 0.0393712
1374 0.0320348
1375 0.0253279
1376 1.21961
1377 1.20186
1378 0.040512
1379 1.24413
1380 0.0302724
1381 1.2004
1382 0.0129101
1383 1.21248
1384 0.0407328
1385 0.0079214
1386 0.0160519
1387 1.19606
1388 0.000250316
1389 1.21221
1390 1.2325
1391 0.027621
1392 1.24173
1393 0.652177
1394 0.598617
1395 0.67678
1396 0.617015
1397 0.631
1398 0.57362
1399 0.667423
1400 0.631351
1401 0.663894
1402 0.591621
1403 0.62199
1404 0.690645
1405 0.624203
1406 0.676488
1407 0.629351
1408 0.636143
1409 0.593469
1410 0.61856
1411 0.579047
1412 0.65423
1413 0.634221
1414 0.633943
1415 0.589098
1416 0.637792
1417 0.646276
1418 0.703586
1419 0.646787
1420 0.725772
1421 0.65942
1422 0.672433
1423 0.592853
1424 0.57683
1425 0.623142
1426 0.61418
1427 0.621013
1428 0.589588
1429 0.645982
1430 0.605347
1431 0.64558
1432 0.63654
1433 0.607169
1434 0.568609
1435 0.642235
1436 0.627547
1437 0.65584
1438 0.581517
1439 0.537049
1440 0.587022
1441 1.17585
1442 1.25507
1443 1.20227
1444 1.23496
1445 1.20203
1446 1.23694
1447 1.21531
1448 1.25279
1449 1.23714
1450 1.25127
1451 0.0450174
1452 1.18473
1453 0.0698774
1454 0.0517051
1455 0.0540736
1456 0.0320016
1457 1.18629
1458 0.0394131
1459 1.20912
1460 1.20591
1461 0
1462 1.24466
1463 0.0597197
1464 0.00571557
1465 0.0388497
1466 0.046793
1467 0.0454698
1468 0.00400029
1469 1.21867
1470 0.0227817
1471 0.0898048
1472 0.0628482
1473 1.15019
1474 0.0342096
1475 0.0422884
1476 0.00290423
1477 1.20342
1478 0.0042486
1479 1.22223
1480 1.25562
1481 1.15338
1482 0.00279068
1483 1.22194
1484 1.23173
1485 1.20319
1486 1.19187
1487 1.20565
1488 1.24608
1489 0.602025
1490 0.627927
1491 0.607826
1492 0.599475
1493 0.616643
1494 0.556323
1495 0.672339
1496 0.583288
1497 0.651898
1498 0.63157
1499 0.659415
1500 0.685321
1501 0.613053
1502 0.626514
1503 0.597812
1504 0.619527
1505 0.696592
1506 0.660075
1507 0.624493
1508 0.617315
1509 0.603776
1510 0.631198
1511 0.586389
1512 0.672406
1513 0.703541
1514 0.587826
1515 0.599925
1516 0.636065
1517 0.627689
1518 0.623636
1519 0.597937
1520 0.638318
1521 0.608055
1522 0.583777
1523 0.619541
1524 0.624675
1525 0.64844
1526 0.633252
1527 0.615711
1528 0.600904
1529 0.632231
1530 0.549973
1531 0.612196
1532 0.580591
1533 0.615202
1534 0.593132
1535 0.578754
1536 0.583246
1537 1.21179
1538 0.0502891
1539 0.00227148
1540 0.0076299
1541 0.0347023
1542 0.0456157
1543 1.20386
1544 1.24642
1545 1.21496
1546 0.0434067
1547 0.0254354
1548 1.24489
1549 0.0047452
1550 1.15772
1551 1.21558
1552 1.19493
1553 1.19424
1554 1.19962
1555 1.22516
1556 1.22275
1557 0.0115975
1558 1.19768
1559 0.0484569
1560 1.20611
1561 0.00463069
1562 1.25208
1563 1.24958
1564 1.23619
1565 1.18713
1566 1.24804
1567 1.22198
1568 0.0211492
1569 0.04015
1570 0.0336359
1571 1.22562
1572 0.00688565
1573 1.2061
1574 1.25368
1575 0.0330601
1576 0.0571931
1577 0.0267751
1578 0.0207135
1579 0.015668
1580 0.0577803
1581 1.19327
1582 1.191
1583 0.0053233
1584 1.2566
1585 0.678267
1586 0.585583
1587 0.61661
1588 0.582693
1589 0.644745
1590 0.588925
1591 0.674244
1592 0.616471
1593 0.671335
1594 0.58068
1595 0.606196
1596 0.654289
1597 0.608721
1598 0.630695
1599 0.581272
1600 0.625194
1601 0.645512
1602 0.539901
1603 0.685637
1604 0.634094
1605 0.605917
1606 0.666569
1607 0.663583
1608 0.648923
1609 0.621386
1610 0.636107
1611 0.642317
1612 0.641617
1613 0.669873
1614 0.659752
1615 0.613361
1616 0.662111
1617 0.640808
1618 0.65367
1619 0.645504
1620 0.65038
1621 0.682123
1622 0.570795
1623 0.631456
1624 0.62989
1625 0.708149
1626 0.620512
1627 0.670746
1628 0.64
1629 0.653352
1630 0.654094
1631 0.699404
1632 0.604589
1633 0
1634 1.23554
1635 1.19967
1636 0.0546882
1637 1.24324
1638 0.0227447
1639 1.18725
1640 0.0419562
1641 1.22758
1642 1.22008
1643 1.24803
1644 1.23639
1645 0.0265916
1646 0.0179416
1647 0.049675
1648 0.00234521
1649 0.0273604
1650 1.25117
1651 1.25119
1652 1.22379
1653 0.0412763
1654 1.22026
1655 0.0502484
1656 1.22701
1657 0.0600184
1658 1.20724
1659 0.0451407
1660 1.25352
1661 1.2504
1662 0.0157405
1663 0.042842
1664 0.0310942
1665 0.0243964
1666 0.0265355
1667 1.23237
1668 0.00629417
1669 1.2543
1670 0.0226701
1671 1.25273
1672 1.25506
1673 1.24728
1674 0.0227234
1675 1.25507
1676 1.22613
1677 0.00703663
1678 1.21988
1679 1.21111
1680 0.0155237
1681 0.648594
1682 0.591889
1683 0.58967
1684 0.600974
1685 0.586528
1686 0.579538
1687 0.661505
1688 0.593175
1689 0.626737
1690 0.67483
1691 0.680585
1692 0.666075
1693 0.649368
1694 0.655651
1695 0.607308
1696 0.622087
1697 0.639218
1698 0.588981
1699 0.636104
1700 0.597462
1701 0.613779
1702 0.65667
1703 0.655681
1704 0.633815
1705 0.618108
1706 0.615845
1707 0.581239
1708 0.643851
1709 0.556634
1710 0.670537
1711 0.639309
1712 0.672654
1713 0.618178
1714 0.614965
1715 0.668549
1716 0.640798
1717 0.665136
1718 0.607784
1719 0.629099
1720 0.592199
1721 0.643967
1722 0.614955
1723 0.64714
1724 0.647893
1725 0.670424
1726 0.619678
1727 0.631451
1728 0.608667
1729 0.0141808
1730 0.036934
1731 1.17445
1732 1.24096
1733 1.23034
1734 0.0401865
1735 1.23936
1736 0.034572
1737 0.0197213
1738 0.0378876
1739 0.00235441
1740 1.18832
1741 0.0218835
1742 1.24328
1743 0.0242462
1744 1.23643
1745 0.0179542
1746 0.0340436
1747 0.0610239
1748 0.00935062
1749 0.136683
1750 1.16397
1751 1.23835
1752 1.2527
1753 0.0430296
1754 1.24018
1755 0.021904
1756 0.000782228
1757 0.0352463
1758 1.19905
1759 0.0273073
1760 0.0284508
1761 1.18965
1762 0.029057
1763 0.00703113
1764 1.2543
1765 0.0212399
1766 0.0421296
1767 0.0217188
1768 1.23551
1769 1.25428
1770 0.0645281
1771 0.0203415
1772 0.0102278
1773 1.19369
1774 0.0258563
1775 0.0133117
1776 1.24277
1777 0.643194
1778 0.584434
1779 0.655136
1780 0.651907
1781 0.712066
1782 0.578655
1783 0.609563
1784 0.556044
1785 0.690485
1786 0.571965
1787 0.610349
1788 0.622046
1789 0.650342
1790 0.631447
1791 0.616587
1792 0.622792
1793 0.644762
1794 0.650238
1795 0.638463
1796 0.689467
1797 0.652544
1798 0.576685
1799 0.585978
1800 0.657515
1801 0.607894
1802 0.622837
1803 0.588465
1804 0.655332
1805 0.575326
1806 0.656487
1807 0.596381
1808 0.632219
1809 0.661769
1810 0.614976
1811 0.627538
1812 0.590422
1813 0.647786
1814 0.58286
1815 0.64797
1816 0.609512
1817 0.694106
1818 0.576478
1819 0.625166
1820 0.645626
1821 0.604029
1822 0.654916
1823 0.663653
1824 0.620476
1825 0.00784765
1826 0.0290614
1827 0.0260038
1828 0.0520326
1829 1.23406
1830 1.21025
1831 1.211
1832 1.23399
1833 1.18438
1834 1.21992
1835 0.0353571
1836 1.20663
1837 1.25034
1838 0.00548154
1839 0.0194377
1840 1.22837
1841 0.0306604
1842 0.0354266
1843 0.0453204
1844 1.24414
1845 0.0179907
1846 1.25267
1847 0.0390305
1848 1.23392
1849 0.0509962
1850 1.25261
1851 0.0306885
1852 1.20281
1853 1.24169
1854 1.20429
1855 0.0329035
1856 1.24403
1857 0.00315456
1858 0.0110493
1859 1.25507
1860 0.059584
1861 1.2048
1862 0
1863 0.0133745
1864 1.25196
1865 1.24879
1866 1.20972
1867 0.029057
1868 0.001554
1869 1.2095
1870 0.069344
1871 1.23088
1872 0.0115793
1873 0.684432
1874 0.59618
1875 0.669753
1876 0.593786
1877 0.602471
1878 0.596961
1879 0.671807
1880 0.55732
1881 0.629102
1882 0.546573
1883 0.62518
1884 0.610859
1885 0.592967
1886 0.64873
1887 0.588002
1888 0.640931
1889 0.601671
1890 0.684105
1891 0.597862
1892 0.679025
1893 0.667297
1894 0.682316
1895 0.589003
1896 0.627527
1897 0.619624
1898 0.633843
1899 0.661341
1900 0.691689
1901 0.604805
1902 0.674162
1903 0.615767
1904 0.654958
1905 0.666185
1906 0.636926
1907 0.666432
1908 0.618155
1909 0.706236
1910 0.622049
1911 0.675864
1912 0.573472
1913 0.607112
1914 0.593522
1915 0.609258
1916 0.602462
1917 0.608589
1918 0.645437
1919 0.607178
1920 0.657467
1921 1.2543
1922 0.0335908
1923 1.23257
1924 0.0331336
1925 1.25114
1926 1.2535
1927 1.22688
1928 0.0164665
1929 0.00707591
1930 0.0117191
1931 1.25545
1932 1.215
1933 0
1934 1.23323
1935 1.23238
1936 0.0180443
1937 0.0162928
1938 0.0148149
1939 0.0623745
1940 1.22688
1941 0.0470241
1942 0.00709655
1943 1.24174
1944 1.20189
1945 1.25584
1946 1.23866
1947 0.0453346
1948 1.22675
1949 0.0143229
1950 1.2093
1951 0.0288757
1952 1.24329
1953 1.24567
1954 0.0325214
1955 0.018704
1956 0.0227948
1957 0.0281616
1958 0.0615324
1959 1.22442
1960 0.039679
1961 1.25194
1962 0.059266
1963 0.0109713
1964 1.20648
1965 0.0156482
1966 0.019698
1967 1.21254
1968 0.0167973
1969 0.592979
1970 0.576653
1971 0.626757
1972 0.626756
1973 0.673628
1974 0.658723
1975 0.673449
1976 0.63849
1977 0.650442
1978 0.642722
1979 0.645616
1980 0.66386
1981 0.607223
1982 0.622213
1983 0.573758
1984 0.718476
1985 0.654875
1986 0.700995
1987 0.63846
1988 0.641726
1989 0.567995
1990 0.608669
1991 0.600939
1992 0.653337
1993 0.594706
1994 0.609662
1995 0.618748
1996 0.644029
1997 0.650944
1998 0.647975
1999 0.598502
2000 0.607079
2001 0.646979
2002 0.643046
2003 0.670415
2004 0.605506
2005 0.673241
2006 0.603027
2007 0.640877
2008 0.615151
2009 0.668953
2010 0.65951
2011 0.616529
2012 0.650173
2013 0.599868
2014 0.583747
2015 0.66147
2016 0.57923
2017 0.0397253
2018 0.0244954
2019 1.23715
2020 0.01923
2021 0.0210249
2022 0.0696331
2023 0.0178542
2024 0.0516014
2025 1.25507
2026 0.0712573
2027 0.0540184
2028 1.23553
2029 1.24561
2030 1.23919
2031 0.033455
2032 1.20796
2033 0.0450431
2034 1.21729
2035 1.22492
2036 1.21715
2037 1.25115
2038 1.21504
2039 0.0109448
2040 0.020367
2041 0.0731806
2042 1.23794
2043 1.22058
2044 1.21818
2045 1.24952
2046 1.23232
2047 0.0194679
2048 0.018009
2049 1.20062
2050 0.0266603
2051 0.00702017
2052 0.0140946
2053 1.23076
2054 0.0122676
2055 1.22867
2056 0.018009
2057 0.00783069
2058 0.0533246
2059 0.0338453
2060 0
2061 0.0222186
2062 1.22765
2063 0.0304593
2064 1.22324
2065 0.670021
2066 0.580576
2067 0.633839
2068 0.595797
2069 0.698827
2070 0.607195
2071 0.675273
2072 0.661146
2073 0.658524
2074 0.596418
2075 0.640958
2076 0.718222
2077 0.573407
2078 0.69731
2079 0.586161
2080 0.662009
2081 0.629097
2082 0.636949
2083 0.611188
2084 0.666477
2085 0.620446
2086 0.659656
2087 0.6848
2088 0.679767
2089 0.548326
2090 0.587395
2091 0.604896
2092 0.637674
2093 0.586034
2094 0.647726
2095 0.604111
2096 0.682064
2097 0.667361
2098 0.597795
2099 0.638562
2100 0.627537
2101 0.636966
2102 0.63964
2103 0.68127
2104 0.629871
2105 0.694939
2106 0.65351
2107 0.688216
2108 0.655297
2109 0.590323
2110 0.556505
2111 0.615038
2112 0.598312
2113 0.0234673
2114 0.0171133
2115 1.2143
2116 0.0383806
2117 0.0172275
2118 0.0149137
2119 1.25586
2120 0.0311
2121 1.25195
2122 1.24562
2123 0.0369329
2124 1.2543
2125 0.01414
2126 1.25349
2127 0.0858659
2128 1.22609
2129 1.24729
2130 0.0139054
2131 1.24723
2132 1.20977
2133 0.0441597
2134 0.0187069
2135 0.0518444
2136 0.00866393
2137 0.0372341
2138 1.20656
2139 0.0976812
2140 1.20309
2141 1.25338
2142 1.21275
2143 0.0492175
2144 1.24855
2145 1.2175
2146 0.0538962
2147 1.18841
2148 0.0472461
2149 0.0090757
2150 0.026143
2151 1.25585
2152 0.0421954
2153 1.21305
2154 0.0282499
2155 1.20961
2156 0.0210906
2157 1.22192
2158 0.00699289
2159 1.23319
2160 0.0493996
2161 0.614146
2162 0.651022
2163 0.68296
2164 0.623592
2165 0.667545
2166 0.588142
2167 0.674749
2168 0.671657
2169 0.620414
2170 0.583579
2171 0.693001
2172 0.6634
2173 0.636921
2174 0.679892
2175 0.579307
2176 0.569392
2177 0.624367
2178 0.615038
2179 0.6557
2180 0.683709
2181 0.565851
2182 0.624393
2183 0.584508
2184 0.640976
2185 0.653356
2186 0.667999
2187 0.62753
2188 0.656566
2189 0.622056
2190 0.683589
2191 0.615233
2192 0.626165
2193 0.621133
2194 0.572339
2195 0.662111
2196 0.601824
2197 0.704425
2198 0.682639
2199 0.651172
2200 0.613813
2201 0.667432
2202 0.589725
2203 0.661873
2204 0.611133
2205 0.695041
2206 0.601742
2207 0.665772
2208 0.629887
2209 1.23313
2210 0.0943168
2211 1.1968
2212 0.0244071
2213 1.23698
2214 1.25585
2215 1.23858
2216 0.0259172
2217 1.2386
2218 0.0654311
2219 0.0396741
2220 1.22503
2221 0.057861
2222 1.24724
2223 0
2224 1.19178
2225 1.25585
2226 1.24332
2227 0.0047214
2228 0.0133137
2229 0.0125602
2230 1.19675
2231 0.0283366
2232 0.0223884
2233 0.0666777
2234 1.2371
2235 0.067837
2236 1.25393
2237 0.0106281
2238 1.24088
2239 0.0251225
2240 0.0473713
2241 0.00745815
2242 1.22937
2243 1.227
2244 0.0392594
2245 1.20223
2246 0.0422284
2247 1.19334
2248 0.00469311
2249 0.00783778
2250 0.0249364
2251 1.241
2252 1.24566
2253 1.24647
2254 0.0532829
2255 0.0102198
2256 0.0202238
2257 0.649517
2258 0.645066
2259 0.631444
2260 0.586222
2261 0.604137
2262 0.539638
2263 0.648609
2264 0.662915
2265 0.65447
2266 0.687001
2267 0.669948
2268 0.67818
2269 0.586126
2270 0.582795
2271 0.613439
2272 0.658243
2273 0.626748
2274 0.632999
2275 0.563565
2276 0.67852
2277 0.579794
2278 0.686044
2279 0.643193
2280 0.702304
2281 0.606635
2282 0.68281
2283 0.580598
2284 0.628956
2285 0.654109
2286 0.706005
2287 0.574683
2288 0.670613
2289 0.614247
2290 0.608621
2291 0.679106
2292 0.612658
2293 0.647575
2294 0.601407
2295 0.622014
2296 0.603377
2297 0.606481
2298 0.547772
2299 0.638404
2300 0.653451
2301 0.694576
2302 0.642446
2303 0.634603
2304 0.571731
2305 1.16234
2306 0.023436
2307 1.20652
2308 0.0291027
2309 1.22858
2310 0.0148974
2311 1.23635
2312 0.0266269
2313 1.23062
2314 0.0401012
2315 1.25111
2316 0.00547426
2317 1.2535
2318 0
2319 0.0367309
2320 1.20527
2321 1.23563
2322 1.23548
2323 1.24416
2324 1.23159
2325 0.0220177
2326 0.00711172
2327 0.0370376
2328 1.20772
2329 1.24553
2330 0.0116835
2331 0.0360656
2332 0.000777786
2333 0.0151371
2334 1.20309
2335 1.23316
2336 0.0116036
2337 1.23753
2338 1.25154
2339 1.21263
2340 1.24461
2341 1.14605
2342 0.0494879
2343 1.21766
2344 0.058583
2345 1.25429
2346 1.25037
2347 1.21032
2348 0.024328
2349 1.21047
2350 0.00703113
2351 0.0197291
2352 0.0578201
2353 0.683643
2354 0.654816
2355 0.662182
2356 0.668388
2357 0.633818
2358 0.586097
2359 0.660469
2360 0.519312
2361 0.669263
2362 0.572049
2363 0.654543
2364 0.613499
2365 0.672253
2366 0.710045
2367 0.61027
2368 0.695028
2369 0.581598
2370 0.636093
2371 0.61428
2372 0.663515
2373 0.633771
2374 0.703112
2375 0.567919
2376 0.633928
2377 0.666545
2378 0.646292
2379 0.605565
2380 0.672085
2381 0.579821
2382 0.634619
2383 0.565448
2384 0.64044
2385 0.655914
2386 0.592644
2387 0.670996
2388 0.590748
2389 0.66441
2390 0.614951
2391 0.625504
2392 0.624366
2393 0.596097
2394 0.577699
2395 0.647081
2396 0.578007
2397 0.658044
2398 0.560348
2399 0.670947
2400 0.657082
2401 1.23859
2402 0.0429774
2403 1.22211
2404 0.00313184
2405 0.00475093
2406 0.0265936
2407 0.0211286
2408 1.25585
2409 1.16858
2410 1.25507
2411 1.23472
2412 0.0575936
2413 1.23614
2414 0.0109791
2415 0.0124847
2416 1.20325
2417 0.0603567
2418 0.0334688
2419 0.0417508
2420 1.19656
2421 0.015789
2422 0
2423 0.01477
2424 1.22447
2425 0.0382895
2426 1.22209
2427 0.0180189
2428 1.23526
2429 0.0250869
2430 0.0267274
2431 0.0456017
2432 0.0072776
2433 1.19751
2434 0.00403897
2435 1.24721
2436 0.0439278
2437 0.000781861
2438 0.0610526
2439 1.18404
2440 1.25226
2441 1.25036
2442 0.0677196
2443 1.19853
2444 1.25037
2445 1.23706
2446 0.047061
2447 1.22608
2448 1.23453
2449 0.575079
2450 0.561566
2451 0.649271
2452 0.604884
2453 0.651106
2454 0.592842
2455 0.670474
2456 0.600994
2457 0.649444
2458 0.603127
2459 0.673252
2460 0.594805
2461 0.67311
2462 0.601671
2463 0.571828
2464 0.665676
2465 0.642441
2466 0.635368
2467 0.629923
2468 0.644668
2469 0.528172
2470 0.706364
2471 0.634587
2472 0.617264
2473 0.57405
2474 0.650171
2475 0.627056
2476 0.62914
2477 0.579802
2478 0.629102
2479 0.597142
2480 0.631451
2481 0.636088
2482 0.563108
2483 0.655741
2484 0.671735
2485 0.657951
2486 0.59998
2487 0.58103
2488 0.552753
2489 0.715294
2490 0.661062
2491 0.650432
2492 0.584622
2493 0.668172
2494 0.612028
2495 0.570811
2496 0.605719
