# Time-averaged data for fix 3
# TimeStep Number-of-rows
# Row c_center[1] c_center[2] c_center[3]
4000 2496
1 3.15486 -0.0697381 0
2 6.79728 0.0133749 0
3 10.4802 0.106743 0
4 14.1643 0.20442 0
5 17.8538 0.23541 0
6 21.5993 0.305354 0
7 25.2822 0.394289 0
8 29.0124 0.393489 0
9 32.6936 0.544682 0
10 36.4476 0.599192 0
11 40.2117 0.710423 0
12 43.8785 0.666707 0
13 47.5671 0.785709 0
14 51.2656 0.913028 0
15 54.944 0.853295 0
16 58.677 0.910134 0
17 62.3851 0.919972 0
18 66.1139 0.947677 0
19 69.8049 1.0625 0
20 73.5348 1.07584 0
21 77.3242 1.21409 0
22 80.9915 1.25273 0
23 84.6955 1.28248 0
24 88.3746 1.43285 0
25 92.1223 1.533 0
26 95.8094 1.54364 0
27 99.5331 1.58953 0
28 103.198 1.67495 0
29 106.859 1.7161 0
30 110.512 1.81754 0
31 114.246 1.88167 0
32 118.017 1.94457 0
33 121.641 2.03828 0
34 125.399 2.00517 0
35 129.044 2.17197 0
36 132.795 2.21006 0
37 136.439 2.2439 0
38 140.171 2.30428 0
39 143.993 2.38131 0
40 147.675 2.43126 0
41 151.387 2.45194 0
42 155.136 2.63502 0
43 158.809 2.67848 0
44 162.421 2.76619 0
45 166.144 2.86371 0
46 169.913 2.85477 0
47 173.656 2.87224 0
48 177.363 3.00194 0
49 1.16704 3.05942 0
50 4.84215 3.14449 0
51 8.55744 3.26759 0
52 12.3028 3.3623 0
53 15.9953 3.3956 0
54 19.7258 3.48408 0
55 23.4102 3.5649 0
56 27.1 3.69374 0
57 30.7691 3.69915 0
58 34.4921 3.7947 0
59 38.1568 3.86544 0
60 41.9221 3.96478 0
61 45.6733 3.92851 0
62 49.3667 3.97424 0
63 53.0973 4.08456 0
64 56.7575 4.09602 0
65 60.4761 4.15667 0
66 64.1106 4.09511 0
67 67.8705 4.21291 0
68 71.5373 4.18238 0
69 75.3597 4.3623 0
70 79.0359 4.36626 0
71 82.7652 4.54749 0
72 86.4606 4.56742 0
73 90.1416 4.64396 0
74 93.8404 4.71201 0
75 97.5512 4.83524 0
76 101.259 4.86845 0
77 104.969 4.92914 0
78 108.638 5.0345 0
79 112.307 5.09028 0
80 116.043 5.13897 0
81 119.771 5.15899 0
82 123.448 5.25261 0
83 127.184 5.3305 0
84 130.866 5.44889 0
85 134.533 5.43275 0
86 138.304 5.47181 0
87 142.07 5.5696 0
88 145.743 5.68851 0
89 149.455 5.72567 0
90 153.221 5.76908 0
91 156.916 5.84458 0
92 160.582 6.00116 0
93 164.27 6.01956 0
94 167.981 6.00462 0
95 171.677 6.12633 0
96 175.436 6.15315 0
97 -0.775541 6.25969 0
98 2.87738 6.35193 0
99 6.61366 6.43348 0
100 10.3497 6.54784 0
101 14.1074 6.59708 0
102 17.7742 6.66209 0
103 21.4305 6.7741 0
104 25.187 6.83347 0
105 28.8567 6.84855 0
106 32.532 6.95597 0
107 36.2971 7.0511 0
108 39.9428 7.06143 0
109 43.7594 7.09958 0
110 47.4896 7.14059 0
111 51.1857 7.17129 0
112 54.862 7.29963 0
113 58.4888 7.38507 0
114 62.1896 7.39615 0
115 65.9538 7.40723 0
116 69.6888 7.45977 0
117 73.3172 7.47491 0
118 77.1043 7.54681 0
119 80.7377 7.65632 0
120 84.5047 7.81004 0
121 88.2071 7.8723 0
122 91.9076 7.9537 0
123 95.6074 8.04306 0
124 99.318 8.0034 0
125 103.045 8.11195 0
126 106.667 8.14187 0
127 110.425 8.22374 0
128 114.063 8.29286 0
129 117.832 8.29325 0
130 121.486 8.37831 0
131 125.21 8.49181 0
132 128.938 8.48769 0
133 132.69 8.57884 0
134 136.451 8.65158 0
135 140.073 8.76604 0
136 143.847 8.82655 0
137 147.572 8.92399 0
138 151.236 8.91929 0
139 154.937 8.98759 0
140 158.637 9.13305 0
141 162.38 9.18876 0
142 166.07 9.23377 0
143 169.704 9.24875 0
144 173.416 9.39872 0
145 -2.6606 9.42746 0
146 1.02613 9.50512 0
147 4.69066 9.60325 0
148 8.41635 9.71107 0
149 12.0928 9.75751 0
150 15.8357 9.82366 0
151 19.513 9.90871 0
152 23.215 10.0241 0
153 26.9807 10.0198 0
154 30.6577 10.0994 0
155 34.355 10.1685 0
156 38.0613 10.2044 0
157 41.7612 10.2878 0
158 45.5436 10.3304 0
159 49.3166 10.4016 0
160 52.9617 10.4226 0
161 56.6317 10.478 0
162 60.3298 10.5532 0
163 64.0246 10.6204 0
164 67.6919 10.6806 0
165 71.4747 10.6583 0
166 75.0894 10.6899 0
167 78.8104 10.7829 0
168 82.5036 10.9301 0
169 86.2628 11.0085 0
170 89.9273 11.1659 0
171 93.6516 11.1815 0
172 97.317 11.2888 0
173 101.026 11.2601 0
174 104.761 11.3766 0
175 108.427 11.462 0
176 112.114 11.4608 0
177 115.945 11.5415 0
178 119.605 11.5453 0
179 123.279 11.6063 0
180 126.99 11.691 0
181 130.766 11.731 0
182 134.495 11.7885 0
183 138.176 11.9331 0
184 141.952 11.9702 0
185 145.574 12.0983 0
186 149.302 12.2157 0
187 153.025 12.248 0
188 156.71 12.3413 0
189 160.455 12.3612 0
190 164.144 12.4227 0
191 167.851 12.4407 0
192 171.516 12.5539 0
193 -4.65972 12.6038 0
194 -0.938085 12.6626 0
195 2.73885 12.7412 0
196 6.42879 12.7975 0
197 10.1574 12.9676 0
198 13.8559 13.0429 0
199 17.5821 13.1003 0
200 21.3383 13.1385 0
201 25.0453 13.2122 0
202 28.8225 13.2276 0
203 32.5232 13.3442 0
204 36.2449 13.4119 0
205 39.8697 13.4499 0
206 43.5888 13.4809 0
207 47.3374 13.5799 0
208 51.0276 13.6107 0
209 54.7123 13.6841 0
210 58.4197 13.7082 0
211 62.1239 13.8152 0
212 65.8112 13.8458 0
213 69.4838 13.9258 0
214 73.19 13.9163 0
215 76.9826 13.9516 0
216 80.6104 14.05 0
217 84.3269 14.1506 0
218 87.9791 14.2889 0
219 91.785 14.3442 0
220 95.4553 14.3704 0
221 99.0831 14.408 0
222 102.816 14.5295 0
223 106.559 14.6241 0
224 110.228 14.6936 0
225 113.908 14.6971 0
226 117.658 14.7556 0
227 121.374 14.8471 0
228 125.057 14.8187 0
229 128.835 14.8676 0
230 132.465 15.0492 0
231 136.215 15.0811 0
232 139.923 15.114 0
233 143.665 15.2669 0
234 147.359 15.3462 0
235 151.033 15.4588 0
236 154.785 15.4826 0
237 158.526 15.5097 0
238 162.227 15.6094 0
239 165.959 15.5851 0
240 169.587 15.7298 0
241 -6.63566 15.735 0
242 -2.85259 15.813 0
243 0.847548 15.9133 0
244 4.58802 15.9974 0
245 8.30075 16.1147 0
246 11.9627 16.2083 0
247 15.647 16.233 0
248 19.401 16.2649 0
249 23.1381 16.333 0
250 26.8724 16.4318 0
251 30.5861 16.4411 0
252 34.2544 16.6455 0
253 37.9152 16.668 0
254 41.6624 16.7808 0
255 45.3646 16.8064 0
256 49.1603 16.7671 0
257 52.8132 16.8769 0
258 56.5292 16.9518 0
259 60.2773 16.9777 0
260 63.9559 17.009 0
261 67.6608 17.067 0
262 71.3465 17.1719 0
263 75.0647 17.1865 0
264 78.7465 17.3109 0
265 82.4026 17.2901 0
266 86.0945 17.4294 0
267 89.7619 17.4471 0
268 93.4778 17.5307 0
269 97.1938 17.5796 0
270 100.845 17.671 0
271 104.536 17.7822 0
272 108.282 17.9136 0
273 111.952 17.9347 0
274 115.806 17.9687 0
275 119.478 18.0303 0
276 123.173 18.0225 0
277 126.859 18.0303 0
278 130.555 18.2017 0
279 134.248 18.2709 0
280 137.938 18.3377 0
281 141.695 18.4093 0
282 145.399 18.5134 0
283 149.122 18.5746 0
284 152.84 18.6456 0
285 156.563 18.6575 0
286 160.298 18.7102 0
287 164.028 18.8386 0
288 167.688 18.879 0
289 -8.48995 18.8797 0
290 -4.77315 18.9479 0
291 -1.04988 19.0016 0
292 2.71009 19.1382 0
293 6.36366 19.2177 0
294 10.099 19.3345 0
295 13.7188 19.3776 0
296 17.446 19.4761 0
297 21.1896 19.4736 0
298 24.9412 19.5705 0
299 28.605 19.6387 0
300 32.2892 19.7786 0
301 35.9888 19.8691 0
302 39.6864 19.9713 0
303 43.3866 19.9998 0
304 47.1618 19.9301 0
305 50.8289 20.0354 0
306 54.5389 20.1398 0
307 58.2167 20.2513 0
308 61.967 20.2653 0
309 65.6704 20.2736 0
310 69.3698 20.4016 0
311 73.0402 20.4857 0
312 76.7823 20.4743 0
313 80.5681 20.5009 0
314 84.1893 20.5299 0
315 87.9329 20.6248 0
316 91.6063 20.6817 0
317 95.2777 20.7478 0
318 99.0238 20.8032 0
319 102.658 20.9625 0
320 106.381 21.054 0
321 110.068 21.1072 0
322 113.798 21.1406 0
323 117.524 21.2465 0
324 121.216 21.2661 0
325 124.88 21.3267 0
326 128.68 21.3248 0
327 132.371 21.4052 0
328 136.032 21.4861 0
329 139.774 21.568 0
330 143.484 21.6792 0
331 147.19 21.6919 0
332 150.935 21.7772 0
333 154.67 21.7803 0
334 158.352 21.8579 0
335 162.045 21.9964 0
336 165.742 22.1398 0
337 -10.3152 22.0713 0
338 -6.62284 22.0843 0
339 -2.93525 22.2167 0
340 0.724243 22.323 0
341 4.39123 22.3668 0
342 8.10155 22.4786 0
343 11.8292 22.609 0
344 15.6066 22.6475 0
345 19.2739 22.6749 0
346 22.97 22.7729 0
347 26.6763 22.787 0
348 30.4194 22.9882 0
349 34.0936 22.9873 0
350 37.8148 23.1159 0
351 41.4592 23.1948 0
352 45.2076 23.1899 0
353 48.8887 23.2004 0
354 52.5833 23.2562 0
355 56.2916 23.335 0
356 60.0118 23.4189 0
357 63.6836 23.4883 0
358 67.3919 23.5878 0
359 71.1517 23.6678 0
360 74.9273 23.6282 0
361 78.6445 23.6752 0
362 82.2794 23.7735 0
363 85.9674 23.736 0
364 89.6932 23.8874 0
365 93.324 23.9106 0
366 97.0109 23.9988 0
367 100.688 24.0609 0
368 104.422 24.247 0
369 108.2 24.2974 0
370 111.851 24.3583 0
371 115.634 24.3468 0
372 119.296 24.4396 0
373 123.058 24.5096 0
374 126.705 24.4977 0
375 130.442 24.5922 0
376 134.079 24.6359 0
377 137.809 24.7481 0
378 141.489 24.8835 0
379 145.337 24.9759 0
380 149.073 25.0116 0
381 152.699 24.959 0
382 156.4 25.0967 0
383 160.159 25.2014 0
384 163.874 25.2528 0
385 -12.3072 25.2932 0
386 -8.59557 25.3613 0
387 -4.82206 25.383 0
388 -1.16653 25.5006 0
389 2.56248 25.5053 0
390 6.20428 25.6291 0
391 9.91365 25.7138 0
392 13.59 25.737 0
393 17.377 25.8473 0
394 21.0995 25.9332 0
395 24.7902 25.9888 0
396 28.5146 26.0972 0
397 32.2172 26.1737 0
398 35.8775 26.2523 0
399 39.5741 26.3396 0
400 43.3396 26.3599 0
401 46.9863 26.5224 0
402 50.628 26.4952 0
403 54.3207 26.4891 0
404 58.0414 26.5799 0
405 61.7449 26.6384 0
406 65.4534 26.7262 0
407 69.1776 26.862 0
408 72.9664 26.8437 0
409 76.6028 26.8447 0
410 80.3188 26.943 0
411 84.012 26.9913 0
412 87.7322 27.0623 0
413 91.4208 27.1615 0
414 95.0811 27.2066 0
415 98.7278 27.2368 0
416 102.463 27.3448 0
417 106.3 27.4539 0
418 109.965 27.516 0
419 113.593 27.6105 0
420 117.374 27.5767 0
421 121.07 27.6733 0
422 124.742 27.7719 0
423 128.476 27.7469 0
424 132.196 27.8315 0
425 135.922 27.9305 0
426 139.667 28.0186 0
427 143.38 28.0846 0
428 147.122 28.1881 0
429 150.814 28.2115 0
430 154.492 28.2381 0
431 158.185 28.3388 0
432 161.904 28.4065 0
433 -14.239 28.5296 0
434 -10.4925 28.5465 0
435 -6.82128 28.6185 0
436 -2.99371 28.5688 0
437 0.662129 28.6915 0
438 4.29435 28.7907 0
439 7.99529 28.8287 0
440 11.6942 28.9491 0
441 15.3696 29.0606 0
442 19.2061 29.1085 0
443 22.9087 29.1717 0
444 26.6141 29.2757 0
445 30.2883 29.3828 0
446 34.0094 29.4281 0
447 37.696 29.5059 0
448 41.3061 29.6051 0
449 45.0364 29.6275 0
450 48.7332 29.6747 0
451 52.4435 29.7349 0
452 56.1465 29.8419 0
453 59.8548 29.8015 0
454 63.5492 29.8534 0
455 67.262 29.9629 0
456 70.9759 29.9889 0
457 74.7371 30.0816 0
458 78.3888 30.0895 0
459 82.0775 30.1838 0
460 85.8166 30.2115 0
461 89.5212 30.3449 0
462 93.2374 30.4067 0
463 96.9341 30.4299 0
464 100.582 30.4242 0
465 104.325 30.58 0
466 108.055 30.7352 0
467 111.722 30.7282 0
468 115.456 30.8399 0
469 119.132 30.8406 0
470 122.849 30.8837 0
471 126.607 31.0367 0
472 130.325 31.0365 0
473 134.06 31.1072 0
474 137.732 31.171 0
475 141.396 31.2315 0
476 145.139 31.3366 0
477 148.892 31.4262 0
478 152.548 31.4779 0
479 156.257 31.5262 0
480 160.043 31.5183 0
481 -16.1353 31.668 0
482 -12.43 31.7332 0
483 -8.72414 31.7961 0
484 -4.95356 31.7773 0
485 -1.34176 31.8344 0
486 2.36565 31.936 0
487 6.03897 32.0115 0
488 9.78108 32.1098 0
489 13.442 32.1939 0
490 17.2441 32.2749 0
491 20.9147 32.3747 0
492 24.6336 32.5598 0
493 28.4152 32.5369 0
494 32.0717 32.644 0
495 35.7287 32.7387 0
496 39.3837 32.7955 0
497 43.0498 32.8317 0
498 46.7437 32.8662 0
499 50.5028 32.8973 0
500 54.2498 32.9645 0
501 57.9676 32.9896 0
502 61.58 33.0671 0
503 65.3252 33.1315 0
504 69.0637 33.1344 0
505 72.7802 33.2342 0
506 76.5187 33.2872 0
507 80.1844 33.3875 0
508 83.8633 33.4438 0
509 87.6265 33.5126 0
510 91.2948 33.5708 0
511 94.9674 33.6861 0
512 98.6613 33.7025 0
513 102.415 33.7726 0
514 106.09 33.8661 0
515 109.82 33.9234 0
516 113.461 33.9768 0
517 117.27 34.0792 0
518 120.935 34.099 0
519 124.59 34.1666 0
520 128.325 34.2967 0
521 132.035 34.2859 0
522 135.815 34.3386 0
523 139.507 34.4996 0
524 143.17 34.5213 0
525 146.856 34.5714 0
526 150.603 34.682 0
527 154.337 34.7413 0
528 158.096 34.7412 0
529 -18.0492 34.8239 0
530 -14.2919 34.8727 0
531 -10.5866 34.9716 0
532 -6.87898 34.9618 0
533 -3.21234 35.09 0
534 0.489612 35.1568 0
535 4.19327 35.2379 0
536 7.84913 35.2454 0
537 11.5089 35.4212 0
538 15.2116 35.5044 0
539 18.9336 35.5395 0
540 22.6967 35.7024 0
541 26.4436 35.7539 0
542 30.1479 35.8519 0
543 33.8521 35.8924 0
544 37.495 35.9616 0
545 41.221 36.0006 0
546 44.845 36.0631 0
547 48.5647 36.0738 0
548 52.2472 36.0894 0
549 56.0975 36.2024 0
550 59.7735 36.261 0
551 63.4553 36.327 0
552 67.1962 36.3501 0
553 70.8331 36.393 0
554 74.5684 36.5291 0
555 78.2855 36.5587 0
556 81.991 36.6471 0
557 85.6586 36.6383 0
558 89.434 36.7143 0
559 93.0868 36.8374 0
560 96.6879 36.8441 0
561 100.483 36.9332 0
562 104.205 37.0186 0
563 107.894 37.0473 0
564 111.609 37.1316 0
565 115.246 37.1958 0
566 118.956 37.3301 0
567 122.645 37.402 0
568 126.346 37.5014 0
569 130.084 37.4417 0
570 133.796 37.5292 0
571 137.515 37.6049 0
572 141.24 37.7502 0
573 144.983 37.7295 0
574 148.668 37.8042 0
575 152.416 37.9333 0
576 156.096 38.012 0
577 -19.9818 38.0234 0
578 -16.2072 38.0576 0
579 -12.5165 38.1664 0
580 -8.82254 38.2301 0
581 -5.07362 38.2306 0
582 -1.38514 38.2709 0
583 2.23675 38.3842 0
584 5.96859 38.3926 0
585 9.63747 38.5566 0
586 13.2977 38.672 0
587 16.9083 38.753 0
588 20.6254 38.8389 0
589 24.4104 38.9629 0
590 28.2205 38.9756 0
591 31.876 39.0771 0
592 35.5834 39.1182 0
593 39.3139 39.2246 0
594 42.987 39.228 0
595 46.7115 39.2955 0
596 50.3631 39.2902 0
597 53.9976 39.3202 0
598 57.8154 39.3752 0
599 61.5822 39.4767 0
600 65.3153 39.5517 0
601 68.9944 39.7191 0
602 72.6157 39.6669 0
603 76.3126 39.7554 0
604 79.9981 39.7809 0
605 83.7847 39.8633 0
606 87.4901 39.9205 0
607 91.155 39.9925 0
608 94.8314 40.077 0
609 98.4893 40.0912 0
610 102.218 40.148 0
611 105.948 40.2777 0
612 109.641 40.2924 0
613 113.306 40.3844 0
614 117.07 40.4622 0
615 120.751 40.6012 0
616 124.449 40.6199 0
617 128.159 40.6939 0
618 131.845 40.6272 0
619 135.605 40.7436 0
620 139.301 40.9132 0
621 143.01 40.9391 0
622 146.761 40.9604 0
623 150.488 41.0571 0
624 154.202 41.1193 0
625 -21.9935 41.2312 0
626 -18.246 41.3124 0
627 -14.4815 41.3164 0
628 -10.7585 41.4105 0
629 -7.02745 41.4275 0
630 -3.34256 41.5553 0
631 0.35693 41.5238 0
632 4.03509 41.6256 0
633 7.69917 41.7054 0
634 11.4256 41.8428 0
635 15.0947 41.9662 0
636 18.7776 42.0662 0
637 22.5333 42.1187 0
638 26.2694 42.1678 0
639 29.9879 42.2656 0
640 33.6901 42.3182 0
641 37.4335 42.3902 0
642 41.0785 42.4482 0
643 44.7759 42.4741 0
644 48.5307 42.4444 0
645 52.1372 42.4967 0
646 55.8839 42.5779 0
647 59.6276 42.6529 0
648 63.3041 42.7392 0
649 66.9665 42.8866 0
650 70.7262 42.8376 0
651 74.4025 42.9333 0
652 78.0693 43.015 0
653 81.7803 43.0531 0
654 85.5804 43.1232 0
655 89.2227 43.1813 0
656 92.8898 43.3158 0
657 96.6715 43.3273 0
658 100.363 43.2812 0
659 104.01 43.47 0
660 107.692 43.493 0
661 111.383 43.5514 0
662 115.168 43.6276 0
663 118.841 43.7229 0
664 122.5 43.8049 0
665 126.319 43.9174 0
666 129.994 43.9261 0
667 133.596 43.9702 0
668 137.332 44.0716 0
669 141.083 44.0724 0
670 144.837 44.1032 0
671 148.507 44.2431 0
672 152.249 44.3292 0
673 -23.8699 44.4374 0
674 -20.1586 44.4162 0
675 -16.4019 44.4583 0
676 -12.7648 44.5835 0
677 -8.951 44.6334 0
678 -5.31002 44.6963 0
679 -1.6086 44.6667 0
680 2.14002 44.8061 0
681 5.80268 44.8919 0
682 9.47372 44.9662 0
683 13.1703 45.0874 0
684 16.8447 45.1969 0
685 20.5993 45.26 0
686 24.3527 45.3494 0
687 28.0393 45.457 0
688 31.7715 45.5426 0
689 35.4315 45.5889 0
690 39.1211 45.5752 0
691 42.8221 45.6254 0
692 46.5554 45.697 0
693 50.2539 45.6945 0
694 53.9355 45.8585 0
695 57.7011 45.889 0
696 61.3755 46.0176 0
697 65.0267 46.0787 0
698 68.7305 46.0975 0
699 72.4027 46.1617 0
700 76.1751 46.1917 0
701 79.8873 46.2705 0
702 83.5761 46.2951 0
703 87.2776 46.4485 0
704 90.9831 46.5136 0
705 94.7361 46.5512 0
706 98.4139 46.5645 0
707 102.038 46.5736 0
708 105.746 46.6888 0
709 109.476 46.6985 0
710 113.146 46.7585 0
711 116.841 46.8519 0
712 120.582 46.924 0
713 124.33 47.068 0
714 128.032 47.1046 0
715 131.686 47.1947 0
716 135.42 47.222 0
717 139.159 47.241 0
718 142.809 47.2608 0
719 146.62 47.3646 0
720 150.292 47.412 0
721 -25.8124 47.5646 0
722 -22.0613 47.6043 0
723 -18.3979 47.66 0
724 -14.5906 47.7361 0
725 -10.9395 47.8392 0
726 -7.18732 47.8667 0
727 -3.52814 47.886 0
728 0.176662 47.9615 0
729 3.83439 48.1079 0
730 7.54093 48.1293 0
731 11.328 48.2344 0
732 15.0387 48.432 0
733 18.7141 48.4342 0
734 22.4058 48.4367 0
735 26.086 48.6071 0
736 29.7957 48.7369 0
737 33.5077 48.7867 0
738 37.247 48.7791 0
739 40.9298 48.8086 0
740 44.701 48.8691 0
741 48.3526 48.8826 0
742 52.0356 49.0304 0
743 55.7344 49.1167 0
744 59.4078 49.1956 0
745 63.1105 49.219 0
746 66.7829 49.2344 0
747 70.4415 49.2959 0
748 74.2087 49.2718 0
749 77.9455 49.4541 0
750 81.6968 49.512 0
751 85.3496 49.5269 0
752 89.0969 49.692 0
753 92.8422 49.7035 0
754 96.4624 49.7497 0
755 100.13 49.809 0
756 103.879 49.9 0
757 107.526 49.944 0
758 111.232 49.9792 0
759 114.863 49.9946 0
760 118.612 50.0548 0
761 122.347 50.1793 0
762 126.089 50.2891 0
763 129.768 50.4086 0
764 133.496 50.4094 0
765 137.22 50.4122 0
766 140.966 50.4299 0
767 144.647 50.5186 0
768 148.316 50.6621 0
769 -27.8595 50.7085 0
770 -24.0505 50.756 0
771 -20.3531 50.8512 0
772 -16.5366 50.911 0
773 -12.8559 50.9671 0
774 -9.16984 51.1225 0
775 -5.43093 51.2083 0
776 -1.83055 51.205 0
777 1.83444 51.267 0
778 5.57358 51.3139 0
779 9.34628 51.4058 0
780 13.0376 51.5182 0
781 16.7627 51.6635 0
782 20.536 51.7422 0
783 24.2393 51.8027 0
784 27.8856 51.8684 0
785 31.5367 51.8974 0
786 35.3126 51.9653 0
787 39.0049 51.9849 0
788 42.7043 52.0319 0
789 46.4535 52.0193 0
790 50.1403 52.1425 0
791 53.8022 52.2639 0
792 57.4988 52.3743 0
793 61.2332 52.3667 0
794 64.8974 52.4218 0
795 68.5519 52.517 0
796 72.2326 52.5021 0
797 75.9323 52.5414 0
798 79.7203 52.7014 0
799 83.4385 52.6818 0
800 87.1287 52.7994 0
801 90.8652 52.9163 0
802 94.6451 52.9409 0
803 98.2567 52.9751 0
804 101.962 53.0438 0
805 105.6 53.112 0
806 109.283 53.2133 0
807 112.976 53.2739 0
808 116.705 53.2419 0
809 120.391 53.3327 0
810 124.104 53.4602 0
811 127.722 53.5366 0
812 131.64 53.5835 0
813 135.271 53.6098 0
814 139.023 53.6092 0
815 142.696 53.7622 0
816 146.342 53.8353 0
817 -29.7867 53.8561 0
818 -26.113 54.0024 0
819 -22.2868 53.9921 0
820 -18.6451 54.1124 0
821 -14.8949 54.1846 0
822 -11.1366 54.2529 0
823 -7.4465 54.3603 0
824 -3.72082 54.401 0
825 -0.0527708 54.4591 0
826 3.65204 54.4894 0
827 7.3959 54.5237 0
828 11.1592 54.6937 0
829 14.747 54.8066 0
830 18.5243 54.8677 0
831 22.3036 54.9634 0
832 26.0397 55.0323 0
833 29.7191 55.0592 0
834 33.3777 55.0862 0
835 37.1073 55.1962 0
836 40.7717 55.2017 0
837 44.5353 55.2216 0
838 48.1752 55.2452 0
839 51.8639 55.3697 0
840 55.5121 55.5167 0
841 59.2964 55.586 0
842 62.9367 55.6083 0
843 66.6389 55.652 0
844 70.2879 55.6584 0
845 74.0477 55.6854 0
846 77.8044 55.8628 0
847 81.5108 55.9315 0
848 85.2303 55.9818 0
849 88.9279 56.0831 0
850 92.6411 56.1365 0
851 96.3383 56.1984 0
852 99.9941 56.1708 0
853 103.702 56.286 0
854 107.372 56.3482 0
855 111.075 56.4615 0
856 114.868 56.4361 0
857 118.491 56.4848 0
858 122.126 56.5497 0
859 125.917 56.6907 0
860 129.605 56.7879 0
861 133.393 56.8327 0
862 137.064 56.807 0
863 140.718 56.9477 0
864 144.444 56.968 0
865 -31.7166 57.0718 0
866 -28.053 57.2072 0
867 -24.338 57.1901 0
868 -20.6291 57.2048 0
869 -16.8846 57.3082 0
870 -13.1609 57.3452 0
871 -9.41013 57.4763 0
872 -5.67595 57.6044 0
873 -1.93627 57.6229 0
874 1.68475 57.7006 0
875 5.40718 57.7391 0
876 9.12997 57.8085 0
877 12.8384 57.9447 0
878 16.5656 58.0462 0
879 20.3144 58.0733 0
880 24.1244 58.1497 0
881 27.832 58.2472 0
882 31.5081 58.3092 0
883 35.1479 58.3223 0
884 38.8761 58.4098 0
885 42.5404 58.4115 0
886 46.1705 58.4948 0
887 49.8879 58.5081 0
888 53.6383 58.6765 0
889 57.2814 58.7459 0
890 61.0233 58.7898 0
891 64.6841 58.8475 0
892 68.3692 58.8728 0
893 72.119 58.9423 0
894 75.7829 58.9866 0
895 79.5657 59.0926 0
896 83.2936 59.2251 0
897 86.9963 59.2046 0
898 90.6805 59.315 0
899 94.4137 59.3614 0
900 98.0618 59.4137 0
901 101.726 59.5153 0
902 105.405 59.5488 0
903 109.106 59.5809 0
904 112.839 59.652 0
905 116.493 59.7535 0
906 120.214 59.7316 0
907 123.885 59.8424 0
908 127.636 59.9606 0
909 131.4 60.0105 0
910 135.098 60.0215 0
911 138.817 60.0816 0
912 142.553 60.1638 0
913 -33.6554 60.2327 0
914 -29.9254 60.3731 0
915 -26.1989 60.4129 0
916 -22.5161 60.4187 0
917 -18.8577 60.4331 0
918 -15.0704 60.5059 0
919 -11.3148 60.6508 0
920 -7.64858 60.7093 0
921 -3.93578 60.7723 0
922 -0.177025 60.9062 0
923 3.46045 60.9203 0
924 7.21089 60.9918 0
925 10.9437 61.0455 0
926 14.6504 61.171 0
927 18.4272 61.271 0
928 22.2365 61.3105 0
929 25.8949 61.4784 0
930 29.5711 61.5129 0
931 33.273 61.5131 0
932 36.894 61.5805 0
933 40.6191 61.5984 0
934 44.2656 61.6833 0
935 47.9288 61.7948 0
936 51.6216 61.8407 0
937 55.3907 61.8955 0
938 59.1 61.9757 0
939 62.7681 62.0664 0
940 66.4249 62.1503 0
941 70.1404 62.1615 0
942 73.788 62.2326 0
943 77.4286 62.3118 0
944 81.3197 62.3815 0
945 85.0822 62.3502 0
946 88.7214 62.455 0
947 92.435 62.5171 0
948 96.1141 62.6363 0
949 99.7602 62.6831 0
950 103.464 62.7877 0
951 107.115 62.7669 0
952 110.831 62.807 0
953 114.515 62.8909 0
954 118.241 62.9776 0
955 121.939 62.9937 0
956 125.661 62.9982 0
957 129.486 63.1954 0
958 133.26 63.1975 0
959 136.915 63.2829 0
960 140.591 63.3426 0
961 -35.5575 63.4542 0
962 -31.9329 63.5021 0
963 -28.1227 63.5585 0
964 -24.482 63.649 0
965 -20.7453 63.6371 0
966 -17.0422 63.7199 0
967 -13.2764 63.8419 0
968 -9.59413 63.9213 0
969 -5.94819 64.003 0
970 -2.16536 64.0195 0
971 1.67447 64.1066 0
972 5.27615 64.0747 0
973 9.07496 64.1699 0
974 12.6517 64.2718 0
975 16.4941 64.4132 0
976 20.1743 64.4567 0
977 23.9297 64.6056 0
978 27.6224 64.6955 0
979 31.2961 64.7757 0
980 34.9955 64.7496 0
981 38.6402 64.7996 0
982 42.3652 64.8098 0
983 46.0434 64.9463 0
984 49.7612 65.0429 0
985 53.4268 65.0354 0
986 57.143 65.1263 0
987 60.8461 65.2189 0
988 64.5909 65.2956 0
989 68.2127 65.317 0
990 71.8707 65.4249 0
991 75.6541 65.508 0
992 79.3234 65.5709 0
993 83.0628 65.5926 0
994 86.6959 65.6966 0
995 90.5006 65.7833 0
996 94.1437 65.8418 0
997 97.8066 65.91 0
998 101.535 65.9099 0
999 105.239 65.9827 0
1000 108.911 66.0226 0
1001 112.639 66.0942 0
1002 116.317 66.1131 0
1003 120.059 66.1937 0
1004 123.824 66.2228 0
1005 127.532 66.3297 0
1006 131.338 66.4028 0
1007 134.988 66.4877 0
1008 138.729 66.4949 0
1009 -37.5297 66.6033 0
1010 -33.8341 66.6464 0
1011 -30.0876 66.7736 0
1012 -26.4064 66.8076 0
1013 -22.7205 66.9022 0
1014 -18.9787 66.9555 0
1015 -15.3047 66.9993 0
1016 -11.5204 67.0712 0
1017 -7.80046 67.1329 0
1018 -4.16018 67.2402 0
1019 -0.35127 67.2128 0
1020 3.39558 67.3096 0
1021 7.11447 67.3241 0
1022 10.7762 67.3833 0
1023 14.4962 67.5424 0
1024 18.2363 67.6354 0
1025 21.9202 67.7447 0
1026 25.6505 67.7947 0
1027 29.3235 67.938 0
1028 33.1024 67.9351 0
1029 36.7105 68.0453 0
1030 40.4201 68.0552 0
1031 44.1241 68.0502 0
1032 47.8505 68.1566 0
1033 51.5852 68.2442 0
1034 55.3107 68.2871 0
1035 58.9735 68.3526 0
1036 62.6304 68.4798 0
1037 66.3064 68.5175 0
1038 69.9414 68.5722 0
1039 73.6544 68.6315 0
1040 77.3197 68.7618 0
1041 81.0734 68.7942 0
1042 84.7983 68.8202 0
1043 88.4553 68.9611 0
1044 92.1757 69.0508 0
1045 95.9394 69.0585 0
1046 99.6537 69.0577 0
1047 103.302 69.0935 0
1048 106.982 69.2698 0
1049 110.735 69.2507 0
1050 114.38 69.303 0
1051 118.096 69.383 0
1052 121.804 69.4181 0
1053 125.514 69.5265 0
1054 129.343 69.5478 0
1055 133.076 69.6236 0
1056 136.785 69.7128 0
1057 -39.3743 69.795 0
1058 -35.7447 69.8437 0
1059 -32.0366 69.9102 0
1060 -28.3233 69.996 0
1061 -24.5805 70.065 0
1062 -20.9024 70.105 0
1063 -17.2461 70.1533 0
1064 -13.4683 70.2412 0
1065 -9.74243 70.2814 0
1066 -6.1008 70.4492 0
1067 -2.41949 70.4458 0
1068 1.34914 70.4422 0
1069 5.09362 70.5361 0
1070 8.82931 70.6414 0
1071 12.5759 70.7277 0
1072 16.3002 70.7828 0
1073 19.9569 70.8717 0
1074 23.6281 71.008 0
1075 27.4012 71.0544 0
1076 31.1174 71.1024 0
1077 34.8538 71.2025 0
1078 38.5299 71.2401 0
1079 42.1856 71.276 0
1080 45.8745 71.3369 0
1081 49.6286 71.356 0
1082 53.3327 71.488 0
1083 57.0143 71.4857 0
1084 60.7744 71.5891 0
1085 64.4242 71.7014 0
1086 68.0843 71.7311 0
1087 71.6991 71.8038 0
1088 75.4242 71.9037 0
1089 79.175 72.0344 0
1090 82.9028 71.9917 0
1091 86.5376 72.085 0
1092 90.2279 72.1422 0
1093 93.9101 72.2491 0
1094 97.6122 72.3177 0
1095 101.468 72.3474 0
1096 105.22 72.4275 0
1097 108.831 72.5123 0
1098 112.472 72.4881 0
1099 116.179 72.5992 0
1100 119.887 72.6218 0
1101 123.57 72.6969 0
1102 127.351 72.6982 0
1103 131.151 72.7443 0
1104 134.857 72.8676 0
1105 -41.3191 72.9074 0
1106 -37.625 73.0407 0
1107 -33.9279 73.0675 0
1108 -30.2138 73.1656 0
1109 -26.5494 73.2312 0
1110 -22.8463 73.2455 0
1111 -19.1788 73.3533 0
1112 -15.4039 73.4549 0
1113 -11.7051 73.5144 0
1114 -8.01688 73.5027 0
1115 -4.35684 73.584 0
1116 -0.518112 73.5751 0
1117 3.2413 73.6769 0
1118 6.89355 73.8219 0
1119 10.6392 73.8727 0
1120 14.3469 73.9664 0
1121 18.0148 74.1205 0
1122 21.7083 74.1602 0
1123 25.4202 74.208 0
1124 29.1588 74.2822 0
1125 32.8971 74.3793 0
1126 36.5788 74.4482 0
1127 40.2745 74.473 0
1128 43.9836 74.4782 0
1129 47.6716 74.5345 0
1130 51.2974 74.5472 0
1131 55.0739 74.6407 0
1132 58.7684 74.7068 0
1133 62.4611 74.8181 0
1134 66.1793 74.9484 0
1135 69.8394 75.0546 0
1136 73.5982 75.0088 0
1137 77.2315 75.1104 0
1138 80.905 75.2472 0
1139 84.6099 75.2386 0
1140 88.3327 75.3181 0
1141 91.993 75.3572 0
1142 95.6902 75.4444 0
1143 99.4322 75.5245 0
1144 103.266 75.5763 0
1145 106.932 75.6705 0
1146 110.608 75.729 0
1147 114.274 75.7696 0
1148 118.025 75.8029 0
1149 121.764 75.8632 0
1150 125.433 75.8716 0
1151 129.165 75.9302 0
1152 132.901 75.9911 0
1153 -43.2282 76.007 0
1154 -39.5553 76.147 0
1155 -35.8246 76.2418 0
1156 -32.1966 76.2893 0
1157 -28.4639 76.4117 0
1158 -24.7604 76.4436 0
1159 -21.0791 76.5101 0
1160 -17.3781 76.6623 0
1161 -13.5697 76.6734 0
1162 -9.91433 76.766 0
1163 -6.20369 76.7323 0
1164 -2.44446 76.764 0
1165 1.31576 76.8519 0
1166 4.99228 76.9876 0
1167 8.69032 77.0678 0
1168 12.3559 77.1445 0
1169 16.0445 77.2161 0
1170 19.8232 77.325 0
1171 23.5155 77.3374 0
1172 27.275 77.4652 0
1173 30.9828 77.4997 0
1174 34.6774 77.5842 0
1175 38.4252 77.6466 0
1176 42.0765 77.6558 0
1177 45.8478 77.7129 0
1178 49.5034 77.7847 0
1179 53.2052 77.7955 0
1180 56.893 77.8798 0
1181 60.5736 77.9065 0
1182 64.2489 78.0963 0
1183 67.9969 78.2092 0
1184 71.6961 78.2341 0
1185 75.3992 78.2735 0
1186 78.9982 78.3463 0
1187 82.6902 78.3865 0
1188 86.3852 78.4714 0
1189 90.0945 78.5726 0
1190 93.7451 78.5526 0
1191 97.4744 78.69 0
1192 101.209 78.7846 0
1193 105.001 78.9204 0
1194 108.715 78.9369 0
1195 112.434 78.9565 0
1196 116.139 79.0185 0
1197 119.813 79.0876 0
1198 123.473 79.1408 0
1199 127.22 79.1455 0
1200 130.9 79.1233 0
1201 -45.2283 79.2002 0
1202 -41.5206 79.3815 0
1203 -37.7468 79.3894 0
1204 -34.0516 79.484 0
1205 -30.3656 79.5414 0
1206 -26.6943 79.6393 0
1207 -22.9827 79.7263 0
1208 -19.3083 79.7757 0
1209 -15.6083 79.8806 0
1210 -11.9036 79.9293 0
1211 -8.20762 79.919 0
1212 -4.39202 79.9341 0
1213 -0.671653 80.0171 0
1214 3.0964 80.1208 0
1215 6.81808 80.2152 0
1216 10.4764 80.3233 0
1217 14.1684 80.3884 0
1218 17.8338 80.4408 0
1219 21.5733 80.5051 0
1220 25.2728 80.5922 0
1221 29.0037 80.6264 0
1222 32.6976 80.7446 0
1223 36.406 80.754 0
1224 40.1667 80.9058 0
1225 43.8186 80.903 0
1226 47.5421 80.9172 0
1227 51.2575 80.9987 0
1228 54.8998 81.0324 0
1229 58.6458 81.1072 0
1230 62.3379 81.2017 0
1231 66.054 81.2887 0
1232 69.7533 81.3878 0
1233 73.3967 81.4817 0
1234 77.0581 81.5215 0
1235 80.7256 81.5595 0
1236 84.4255 81.6535 0
1237 88.1167 81.7664 0
1238 91.8315 81.781 0
1239 95.5684 81.9111 0
1240 99.2612 81.9182 0
1241 102.974 82.0306 0
1242 106.756 82.0079 0
1243 110.463 82.1226 0
1244 114.178 82.1642 0
1245 117.882 82.2472 0
1246 121.543 82.344 0
1247 125.266 82.4196 0
1248 129.05 82.3504 0
1249 -47.1326 82.442 0
1250 -43.4764 82.5681 0
1251 -39.7487 82.6093 0
1252 -35.9994 82.7038 0
1253 -32.317 82.7028 0
1254 -28.6269 82.7611 0
1255 -24.9571 82.8706 0
1256 -21.2398 82.899 0
1257 -17.5627 83.0454 0
1258 -13.8669 83.128 0
1259 -10.157 83.1397 0
1260 -6.39603 83.1431 0
1261 -2.67363 83.1552 0
1262 1.05413 83.2608 0
1263 4.8634 83.3543 0
1264 8.5623 83.4373 0
1265 12.2353 83.5646 0
1266 15.8806 83.5743 0
1267 19.6116 83.671 0
1268 23.3012 83.7703 0
1269 27.0493 83.7966 0
1270 30.7654 83.8612 0
1271 34.4442 83.9476 0
1272 38.1199 84.1049 0
1273 41.8565 84.0872 0
1274 45.5199 84.1114 0
1275 49.2633 84.1815 0
1276 52.9867 84.2946 0
1277 56.6067 84.3108 0
1278 60.372 84.3467 0
1279 64.0595 84.4607 0
1280 67.7509 84.4909 0
1281 71.4809 84.6011 0
1282 75.0787 84.6828 0
1283 78.8342 84.7165 0
1284 82.5082 84.8831 0
1285 86.1934 84.9162 0
1286 89.9281 84.9719 0
1287 93.6411 85.0223 0
1288 97.3501 85.1066 0
1289 101.079 85.227 0
1290 104.821 85.2285 0
1291 108.509 85.3204 0
1292 112.226 85.377 0
1293 115.959 85.5125 0
1294 119.636 85.5778 0
1295 123.299 85.5429 0
1296 126.998 85.5533 0
1297 -49.0895 85.5601 0
1298 -45.3948 85.7002 0
1299 -41.7184 85.7376 0
1300 -37.9909 85.7955 0
1301 -34.189 85.8931 0
1302 -30.5477 85.9211 0
1303 -26.9059 86.0015 0
1304 -23.1716 86.091 0
1305 -19.5109 86.2009 0
1306 -15.78 86.2452 0
1307 -12.0701 86.3123 0
1308 -8.41355 86.4256 0
1309 -4.66889 86.3859 0
1310 -0.886354 86.416 0
1311 2.75918 86.5264 0
1312 6.59009 86.586 0
1313 10.3172 86.7139 0
1314 14.032 86.8506 0
1315 17.628 86.8817 0
1316 21.4119 86.9263 0
1317 25.0877 87.0183 0
1318 28.8324 87.1215 0
1319 32.5342 87.1318 0
1320 36.1558 87.2422 0
1321 39.8956 87.2221 0
1322 43.6353 87.3363 0
1323 47.3449 87.3746 0
1324 51.0388 87.4394 0
1325 54.7594 87.4769 0
1326 58.4365 87.5681 0
1327 62.1439 87.6675 0
1328 65.8576 87.7634 0
1329 69.5206 87.8335 0
1330 73.179 87.8998 0
1331 76.9163 87.9362 0
1332 80.6918 88.032 0
1333 84.244 88.0956 0
1334 87.9703 88.158 0
1335 91.7937 88.2113 0
1336 95.3906 88.2691 0
1337 99.0736 88.4106 0
1338 102.867 88.4415 0
1339 106.579 88.4449 0
1340 110.25 88.5951 0
1341 113.933 88.64 0
1342 117.685 88.6735 0
1343 121.387 88.7515 0
1344 125.058 88.6973 0
1345 -51.1146 88.8552 0
1346 -47.3753 88.8895 0
1347 -43.6653 88.9322 0
1348 -40.0083 88.9884 0
1349 -36.2043 89.067 0
1350 -32.4491 89.1573 0
1351 -28.7653 89.2302 0
1352 -25.1035 89.2451 0
1353 -21.3935 89.3526 0
1354 -17.7581 89.4567 0
1355 -14.0132 89.5534 0
1356 -10.302 89.5652 0
1357 -6.61085 89.5771 0
1358 -2.95176 89.6905 0
1359 0.805982 89.7263 0
1360 4.53256 89.7167 0
1361 8.26869 89.8522 0
1362 12.0774 89.9861 0
1363 15.7582 90.0577 0
1364 19.4469 90.1106 0
1365 23.1545 90.1808 0
1366 26.856 90.2659 0
1367 30.5868 90.3458 0
1368 34.2945 90.3703 0
1369 37.965 90.3602 0
1370 41.649 90.5597 0
1371 45.427 90.588 0
1372 49.1189 90.6504 0
1373 52.7629 90.7205 0
1374 56.4725 90.7541 0
1375 60.2196 90.8196 0
1376 63.8663 90.8544 0
1377 67.5575 91.0403 0
1378 71.2506 91.1177 0
1379 75.0018 91.1846 0
1380 78.7479 91.2449 0
1381 82.4102 91.3227 0
1382 86.1463 91.292 0
1383 89.8501 91.3615 0
1384 93.5093 91.4749 0
1385 97.1416 91.5774 0
1386 100.842 91.5881 0
1387 104.593 91.6847 0
1388 108.293 91.7632 0
1389 112.01 91.8361 0
1390 115.712 91.8151 0
1391 119.504 91.8965 0
1392 123.156 91.9733 0
1393 -53.043 92.0488 0
1394 -49.3605 92.1149 0
1395 -45.5782 92.1417 0
1396 -41.9067 92.1648 0
1397 -38.1435 92.1919 0
1398 -34.487 92.2734 0
1399 -30.7359 92.4617 0
1400 -27.0365 92.3703 0
1401 -23.3524 92.5175 0
1402 -19.6464 92.599 0
1403 -15.9802 92.6988 0
1404 -12.272 92.7741 0
1405 -8.61817 92.8047 0
1406 -4.85705 92.8635 0
1407 -1.05241 92.8884 0
1408 2.64367 92.8929 0
1409 6.40736 93.0787 0
1410 10.0722 93.1218 0
1411 13.8232 93.1875 0
1412 17.4727 93.2531 0
1413 21.2362 93.3459 0
1414 24.9016 93.4348 0
1415 28.6246 93.5596 0
1416 32.3626 93.6479 0
1417 36.0943 93.6049 0
1418 39.7467 93.6672 0
1419 43.4588 93.7316 0
1420 47.1623 93.816 0
1421 50.8603 93.9147 0
1422 54.502 94.0041 0
1423 58.2558 94.0223 0
1424 61.9128 94.0916 0
1425 65.6783 94.1659 0
1426 69.3258 94.2835 0
1427 73.0273 94.3717 0
1428 76.8027 94.3834 0
1429 80.5172 94.4491 0
1430 84.1633 94.4897 0
1431 87.8946 94.549 0
1432 91.5669 94.6485 0
1433 95.2892 94.7068 0
1434 98.9088 94.7777 0
1435 102.714 94.8274 0
1436 106.414 94.9288 0
1437 110.092 94.938 0
1438 113.803 94.9664 0
1439 117.479 95.0584 0
1440 121.158 95.1848 0
1441 -54.9729 95.2409 0
1442 -51.2739 95.2856 0
1443 -47.5344 95.2442 0
1444 -43.8354 95.3242 0
1445 -40.1388 95.3488 0
1446 -36.4424 95.4443 0
1447 -32.6539 95.5187 0
1448 -28.9843 95.6257 0
1449 -25.2531 95.6717 0
1450 -21.5313 95.7698 0
1451 -17.9016 95.8376 0
1452 -14.2117 95.9848 0
1453 -10.4564 95.98 0
1454 -6.71305 96.0097 0
1455 -3.05085 96.0793 0
1456 0.715959 96.1329 0
1457 4.40528 96.2207 0
1458 8.22716 96.3018 0
1459 11.8388 96.4096 0
1460 15.5209 96.5138 0
1461 19.2814 96.5464 0
1462 22.9859 96.7046 0
1463 26.6862 96.6947 0
1464 30.4114 96.8025 0
1465 34.1453 96.8457 0
1466 37.8929 96.8895 0
1467 41.5165 96.9303 0
1468 45.2382 96.9972 0
1469 48.9176 97.1244 0
1470 52.6255 97.0691 0
1471 56.398 97.2371 0
1472 60.0659 97.3023 0
1473 63.7538 97.2953 0
1474 67.4133 97.3921 0
1475 71.0961 97.5544 0
1476 74.824 97.5904 0
1477 78.5519 97.6055 0
1478 82.2686 97.7593 0
1479 85.906 97.7351 0
1480 89.5622 97.8139 0
1481 93.2739 97.9174 0
1482 97.0427 97.9574 0
1483 100.756 97.9498 0
1484 104.428 98.0595 0
1485 108.185 98.0952 0
1486 111.851 98.1888 0
1487 115.593 98.2348 0
1488 119.213 98.3151 0
1489 -56.9341 98.4209 0
1490 -53.1357 98.4477 0
1491 -49.4877 98.5012 0
1492 -45.7973 98.4753 0
1493 -42.064 98.5909 0
1494 -38.4372 98.6555 0
1495 -34.7031 98.6649 0
1496 -30.8644 98.783 0
1497 -27.1843 98.8526 0
1498 -23.478 98.9176 0
1499 -19.8276 99.0344 0
1500 -16.1235 99.1636 0
1501 -12.4075 99.2252 0
1502 -8.68449 99.2107 0
1503 -5.00964 99.2635 0
1504 -1.2604 99.3228 0
1505 2.47789 99.4055 0
1506 6.1504 99.4511 0
1507 9.87262 99.5429 0
1508 13.5637 99.6512 0
1509 17.3056 99.7515 0
1510 21.0925 99.8617 0
1511 24.7535 99.9177 0
1512 28.5246 99.9936 0
1513 32.2645 100.01 0
1514 35.9516 100.118 0
1515 39.6508 100.157 0
1516 43.3163 100.206 0
1517 47.054 100.269 0
1518 50.7282 100.345 0
1519 54.4296 100.366 0
1520 58.1416 100.46 0
1521 61.869 100.547 0
1522 65.5037 100.528 0
1523 69.1786 100.688 0
1524 72.9221 100.742 0
1525 76.5758 100.81 0
1526 80.2302 100.867 0
1527 84.0009 100.909 0
1528 87.6092 101.007 0
1529 91.3831 101.136 0
1530 95.0891 101.102 0
1531 98.8181 101.212 0
1532 102.486 101.248 0
1533 106.145 101.264 0
1534 109.928 101.359 0
1535 113.597 101.46 0
1536 117.299 101.539 0
1537 -58.8202 101.532 0
1538 -55.0884 101.579 0
1539 -51.4167 101.665 0
1540 -47.746 101.731 0
1541 -44.0355 101.739 0
1542 -40.323 101.789 0
1543 -36.5928 101.806 0
1544 -32.8732 101.934 0
1545 -29.1083 101.996 0
1546 -25.4246 102.057 0
1547 -21.7793 102.214 0
1548 -18.0489 102.336 0
1549 -14.3453 102.391 0
1550 -10.5841 102.465 0
1551 -6.94209 102.498 0
1552 -3.19269 102.509 0
1553 0.510527 102.596 0
1554 4.19824 102.633 0
1555 7.88921 102.763 0
1556 11.6047 102.803 0
1557 15.4398 102.887 0
1558 19.158 102.987 0
1559 22.8932 103.093 0
1560 26.5309 103.206 0
1561 30.2619 103.178 0
1562 33.974 103.304 0
1563 37.7197 103.295 0
1564 41.4534 103.376 0
1565 45.0905 103.444 0
1566 48.8067 103.491 0
1567 52.4992 103.558 0
1568 56.28 103.665 0
1569 60.037 103.814 0
1570 63.6843 103.795 0
1571 67.3233 103.812 0
1572 71.0034 103.919 0
1573 74.7088 104.059 0
1574 78.4081 104.083 0
1575 82.0645 104.156 0
1576 85.7437 104.23 0
1577 89.4161 104.296 0
1578 93.19 104.328 0
1579 96.7941 104.343 0
1580 100.582 104.531 0
1581 104.337 104.594 0
1582 107.96 104.598 0
1583 111.719 104.592 0
1584 115.375 104.727 0
1585 -60.6905 104.723 0
1586 -57.0188 104.778 0
1587 -53.3726 104.8 0
1588 -49.6925 104.852 0
1589 -45.9407 104.949 0
1590 -42.2312 104.919 0
1591 -38.5993 104.987 0
1592 -34.8762 105.098 0
1593 -31.171 105.259 0
1594 -27.3409 105.285 0
1595 -23.7132 105.357 0
1596 -20.009 105.476 0
1597 -16.2758 105.52 0
1598 -12.52 105.645 0
1599 -8.83786 105.712 0
1600 -5.17871 105.739 0
1601 -1.47468 105.764 0
1602 2.23142 105.864 0
1603 5.93887 105.916 0
1604 9.65821 105.956 0
1605 13.4153 106.122 0
1606 17.1886 106.145 0
1607 20.9061 106.19 0
1608 24.6642 106.343 0
1609 28.3784 106.361 0
1610 32.0591 106.462 0
1611 35.7843 106.565 0
1612 39.5056 106.611 0
1613 43.2378 106.665 0
1614 46.8611 106.716 0
1615 50.528 106.734 0
1616 54.2076 106.808 0
1617 57.9489 106.906 0
1618 61.7754 106.955 0
1619 65.3709 107.038 0
1620 69.0137 107.158 0
1621 72.7435 107.213 0
1622 76.499 107.278 0
1623 80.1586 107.362 0
1624 83.8243 107.421 0
1625 87.5174 107.429 0
1626 91.3081 107.513 0
1627 94.9535 107.513 0
1628 98.6535 107.649 0
1629 102.365 107.742 0
1630 106.059 107.8 0
1631 109.772 107.766 0
1632 113.477 107.875 0
1633 -62.696 107.93 0
1634 -59.0136 107.982 0
1635 -55.2161 107.954 0
1636 -51.5419 108.041 0
1637 -47.8403 108.068 0
1638 -44.2 108.158 0
1639 -40.4318 108.207 0
1640 -36.7502 108.231 0
1641 -33.0625 108.347 0
1642 -29.3144 108.44 0
1643 -25.6189 108.581 0
1644 -21.9205 108.631 0
1645 -18.2114 108.723 0
1646 -14.4892 108.75 0
1647 -10.736 108.898 0
1648 -7.02615 108.881 0
1649 -3.41761 108.981 0
1650 0.302846 109.026 0
1651 4.03393 109.169 0
1652 7.71841 109.157 0
1653 11.5768 109.313 0
1654 15.2187 109.344 0
1655 18.9914 109.426 0
1656 22.7038 109.51 0
1657 26.455 109.609 0
1658 30.1283 109.686 0
1659 33.7941 109.713 0
1660 37.5816 109.797 0
1661 41.2611 109.841 0
1662 45.0012 109.929 0
1663 48.6232 109.983 0
1664 52.3434 109.984 0
1665 55.9675 110.092 0
1666 59.7014 110.133 0
1667 63.4555 110.177 0
1668 67.1039 110.279 0
1669 70.8483 110.376 0
1670 74.5372 110.479 0
1671 78.2108 110.553 0
1672 81.9111 110.623 0
1673 85.6223 110.616 0
1674 89.3763 110.666 0
1675 93.068 110.775 0
1676 96.7242 110.778 0
1677 100.395 110.869 0
1678 104.144 110.939 0
1679 107.83 111.06 0
1680 111.475 111.054 0
1681 -64.5955 111.114 0
1682 -60.8967 111.129 0
1683 -57.2602 111.177 0
1684 -53.5315 111.192 0
1685 -49.8415 111.234 0
1686 -46.0866 111.38 0
1687 -42.4317 111.462 0
1688 -38.6774 111.458 0
1689 -34.9416 111.53 0
1690 -31.3172 111.612 0
1691 -27.5504 111.721 0
1692 -23.8375 111.832 0
1693 -20.1304 111.896 0
1694 -16.4075 111.909 0
1695 -12.6514 112.03 0
1696 -8.99461 112.102 0
1697 -5.27878 112.151 0
1698 -1.59414 112.223 0
1699 2.00311 112.296 0
1700 5.94259 112.284 0
1701 9.60379 112.39 0
1702 13.3202 112.542 0
1703 16.9886 112.599 0
1704 20.7501 112.687 0
1705 24.4307 112.797 0
1706 28.2015 112.803 0
1707 31.9096 112.893 0
1708 35.6278 112.947 0
1709 39.3202 113.046 0
1710 42.9524 113.108 0
1711 46.7248 113.158 0
1712 50.4382 113.168 0
1713 54.1147 113.247 0
1714 57.7498 113.326 0
1715 61.4584 113.387 0
1716 65.1557 113.438 0
1717 68.8556 113.539 0
1718 72.6166 113.651 0
1719 76.2967 113.696 0
1720 79.9666 113.791 0
1721 83.7069 113.791 0
1722 87.4075 113.837 0
1723 91.1562 113.904 0
1724 94.8042 113.999 0
1725 98.5505 114.046 0
1726 102.191 114.165 0
1727 105.893 114.217 0
1728 109.608 114.276 0
1729 -66.5591 114.291 0
1730 -62.7558 114.368 0
1731 -59.1315 114.384 0
1732 -55.4533 114.451 0
1733 -51.8234 114.47 0
1734 -48.0661 114.537 0
1735 -44.3648 114.615 0
1736 -40.6731 114.614 0
1737 -36.8795 114.744 0
1738 -33.1829 114.808 0
1739 -29.5347 114.823 0
1740 -25.7553 114.974 0
1741 -22.0801 115.098 0
1742 -18.3039 115.045 0
1743 -14.6491 115.16 0
1744 -10.9455 115.305 0
1745 -7.29555 115.359 0
1746 -3.56193 115.429 0
1747 0.147479 115.457 0
1748 3.88254 115.468 0
1749 7.68073 115.559 0
1750 11.3948 115.637 0
1751 15.0636 115.745 0
1752 18.7769 115.83 0
1753 22.4707 115.941 0
1754 26.1764 116.011 0
1755 29.9541 116.01 0
1756 33.6627 116.142 0
1757 37.3742 116.247 0
1758 41.0739 116.36 0
1759 44.7542 116.314 0
1760 48.4468 116.409 0
1761 52.1365 116.492 0
1762 55.878 116.515 0
1763 59.549 116.524 0
1764 63.2489 116.593 0
1765 66.9366 116.684 0
1766 70.6391 116.845 0
1767 74.3636 116.922 0
1768 78.0722 116.903 0
1769 81.7516 116.939 0
1770 85.4321 116.979 0
1771 89.1696 117.125 0
1772 92.935 117.159 0
1773 96.5793 117.163 0
1774 100.234 117.356 0
1775 103.977 117.375 0
1776 107.712 117.47 0
1777 -68.4866 117.497 0
1778 -64.769 117.54 0
1779 -61.1027 117.603 0
1780 -57.3954 117.645 0
1781 -53.7043 117.66 0
1782 -49.967 117.685 0
1783 -46.2617 117.768 0
1784 -42.573 117.858 0
1785 -38.8949 117.881 0
1786 -35.163 117.984 0
1787 -31.4204 118.022 0
1788 -27.7263 118.079 0
1789 -24.0171 118.218 0
1790 -20.3008 118.267 0
1791 -16.5423 118.283 0
1792 -12.9467 118.429 0
1793 -9.1988 118.489 0
1794 -5.5044 118.584 0
1795 -1.72457 118.572 0
1796 1.98701 118.717 0
1797 5.66646 118.726 0
1798 9.48975 118.811 0
1799 13.1144 118.899 0
1800 16.8245 118.996 0
1801 20.5055 119.045 0
1802 24.2241 119.101 0
1803 28.0171 119.227 0
1804 31.7603 119.279 0
1805 35.4409 119.368 0
1806 39.1559 119.518 0
1807 42.8411 119.558 0
1808 46.4988 119.587 0
1809 50.2345 119.604 0
1810 53.9155 119.601 0
1811 57.6404 119.685 0
1812 61.329 119.812 0
1813 64.9936 119.851 0
1814 68.6748 119.917 0
1815 72.468 120.086 0
1816 76.2292 120.176 0
1817 79.8731 120.183 0
1818 83.5409 120.203 0
1819 87.3524 120.241 0
1820 90.9971 120.346 0
1821 94.68 120.399 0
1822 98.4297 120.488 0
1823 102.123 120.623 0
1824 105.762 120.624 0
1825 -70.413 120.692 0
1826 -66.6553 120.669 0
1827 -62.9468 120.768 0
1828 -59.3256 120.858 0
1829 -55.6012 120.899 0
1830 -51.9318 120.977 0
1831 -48.216 120.896 0
1832 -44.5277 121.005 0
1833 -40.7741 121.073 0
1834 -37.124 121.152 0
1835 -33.3596 121.17 0
1836 -29.5736 121.247 0
1837 -25.9003 121.364 0
1838 -22.1763 121.482 0
1839 -18.5161 121.483 0
1840 -14.7747 121.598 0
1841 -11.0917 121.67 0
1842 -7.39597 121.78 0
1843 -3.64385 121.756 0
1844 0.0612657 121.826 0
1845 3.8211 121.917 0
1846 7.59416 121.984 0
1847 11.231 122.042 0
1848 14.9209 122.159 0
1849 18.6719 122.185 0
1850 22.3488 122.281 0
1851 26.0839 122.334 0
1852 29.8557 122.543 0
1853 33.4529 122.577 0
1854 37.142 122.62 0
1855 40.8785 122.692 0
1856 44.5701 122.807 0
1857 48.2886 122.779 0
1858 52.0502 122.884 0
1859 55.6904 122.947 0
1860 59.4642 123.042 0
1861 63.154 123.05 0
1862 66.8075 123.114 0
1863 70.5685 123.246 0
1864 74.3272 123.318 0
1865 77.9703 123.398 0
1866 81.6631 123.38 0
1867 85.3989 123.373 0
1868 89.0539 123.538 0
1869 92.778 123.55 0
1870 96.4955 123.645 0
1871 100.188 123.77 0
1872 103.896 123.822 0
1873 -72.2627 123.827 0
1874 -68.631 123.947 0
1875 -64.8523 123.956 0
1876 -61.1846 124.041 0
1877 -57.4982 124.103 0
1878 -53.8373 124.153 0
1879 -50.0563 124.071 0
1880 -46.3946 124.255 0
1881 -42.7175 124.263 0
1882 -39.019 124.35 0
1883 -35.2759 124.36 0
1884 -31.566 124.389 0
1885 -27.8689 124.507 0
1886 -24.156 124.6 0
1887 -20.4705 124.713 0
1888 -16.7644 124.783 0
1889 -13.0013 124.798 0
1890 -9.29419 124.874 0
1891 -5.59639 124.95 0
1892 -1.89975 125.027 0
1893 1.90089 125.071 0
1894 5.62836 125.145 0
1895 9.34285 125.209 0
1896 13.0121 125.297 0
1897 16.701 125.35 0
1898 20.4822 125.409 0
1899 24.1415 125.572 0
1900 27.7849 125.699 0
1901 31.5262 125.735 0
1902 35.1937 125.746 0
1903 38.8652 125.831 0
1904 42.7083 125.936 0
1905 46.3723 126.045 0
1906 50.0787 126.031 0
1907 53.8431 126.081 0
1908 57.5378 126.155 0
1909 61.2633 126.233 0
1910 64.9227 126.292 0
1911 68.6734 126.449 0
1912 72.3548 126.513 0
1913 76.0134 126.549 0
1914 79.7862 126.677 0
1915 83.4814 126.554 0
1916 87.1754 126.659 0
1917 90.8351 126.757 0
1918 94.6033 126.826 0
1919 98.3322 126.982 0
1920 101.998 126.989 0
1921 -74.1671 127.026 0
1922 -70.4377 127.129 0
1923 -66.7621 127.181 0
1924 -63.0765 127.225 0
1925 -59.3983 127.318 0
1926 -55.7747 127.352 0
1927 -52.0572 127.393 0
1928 -48.3421 127.497 0
1929 -44.6496 127.499 0
1930 -40.9548 127.559 0
1931 -37.236 127.498 0
1932 -33.5547 127.599 0
1933 -29.8638 127.675 0
1934 -26.1751 127.765 0
1935 -22.4502 127.816 0
1936 -18.6718 128.004 0
1937 -14.9454 127.921 0
1938 -11.1268 128.049 0
1939 -7.44234 128.119 0
1940 -3.74869 128.255 0
1941 -0.0190687 128.224 0
1942 3.71257 128.251 0
1943 7.4525 128.359 0
1944 11.0936 128.426 0
1945 14.8231 128.457 0
1946 18.4897 128.596 0
1947 22.1795 128.697 0
1948 25.8969 128.818 0
1949 29.5684 128.905 0
1950 33.2666 128.969 0
1951 37.0428 129.046 0
1952 40.7934 129.077 0
1953 44.5092 129.189 0
1954 48.2182 129.179 0
1955 51.9568 129.24 0
1956 55.6273 129.355 0
1957 59.3258 129.363 0
1958 63.0293 129.478 0
1959 66.7692 129.61 0
1960 70.4841 129.71 0
1961 74.0978 129.761 0
1962 77.8008 129.829 0
1963 81.5253 129.918 0
1964 85.2236 129.952 0
1965 88.931 129.943 0
1966 92.691 129.946 0
1967 96.3308 130.105 0
1968 100.023 130.185 0
1969 -76.1342 130.207 0
1970 -72.4418 130.236 0
1971 -68.6619 130.379 0
1972 -65.0237 130.476 0
1973 -61.3401 130.458 0
1974 -57.6386 130.506 0
1975 -53.9945 130.57 0
1976 -50.2964 130.699 0
1977 -46.587 130.716 0
1978 -42.9115 130.748 0
1979 -39.2326 130.878 0
1980 -35.5363 130.832 0
1981 -31.7834 130.873 0
1982 -28.0404 130.949 0
1983 -24.3695 131.051 0
1984 -20.7189 131.111 0
1985 -16.9218 131.17 0
1986 -13.2052 131.212 0
1987 -9.46142 131.324 0
1988 -5.74212 131.407 0
1989 -1.94522 131.482 0
1990 1.78025 131.412 0
1991 5.47911 131.525 0
1992 9.13472 131.62 0
1993 12.8541 131.703 0
1994 16.5992 131.725 0
1995 20.2862 131.845 0
1996 23.9737 131.966 0
1997 27.6429 132.048 0
1998 31.4209 132.111 0
1999 35.0907 132.211 0
2000 38.7594 132.252 0
2001 42.5551 132.335 0
2002 46.3248 132.333 0
2003 50.0227 132.429 0
2004 53.7587 132.49 0
2005 57.4763 132.568 0
2006 61.1504 132.619 0
2007 64.8962 132.73 0
2008 68.5504 132.856 0
2009 72.2374 132.989 0
2010 75.9173 133.031 0
2011 79.6338 133.028 0
2012 83.3083 133.109 0
2013 86.9947 133.162 0
2014 90.712 133.232 0
2015 94.4097 133.252 0
2016 98.0934 133.336 0
2017 -78.0709 133.397 0
2018 -74.3497 133.452 0
2019 -70.6369 133.565 0
2020 -66.9638 133.617 0
2021 -63.2499 133.671 0
2022 -59.6216 133.733 0
2023 -55.8698 133.755 0
2024 -52.2301 133.809 0
2025 -48.4999 133.952 0
2026 -44.8156 133.95 0
2027 -41.1658 134.032 0
2028 -37.3809 134.02 0
2029 -33.6785 134.056 0
2030 -29.9358 134.108 0
2031 -26.2273 134.208 0
2032 -22.5415 134.232 0
2033 -18.806 134.325 0
2034 -15.0531 134.432 0
2035 -11.3468 134.498 0
2036 -7.62975 134.527 0
2037 -3.88408 134.636 0
2038 -0.123896 134.65 0
2039 3.54417 134.647 0
2040 7.20595 134.805 0
2041 10.8295 134.89 0
2042 14.6271 134.899 0
2043 18.2972 135.043 0
2044 22.0611 135.108 0
2045 25.7535 135.257 0
2046 29.4609 135.246 0
2047 33.1169 135.328 0
2048 36.9199 135.401 0
2049 40.6506 135.441 0
2050 44.3036 135.53 0
2051 48.0612 135.598 0
2052 51.74 135.669 0
2053 55.5234 135.772 0
2054 59.2244 135.792 0
2055 62.9566 135.9 0
2056 66.667 135.954 0
2057 70.3439 136.047 0
2058 73.9861 136.151 0
2059 77.6644 136.252 0
2060 81.3431 136.262 0
2061 85.0453 136.343 0
2062 88.7594 136.388 0
2063 92.3952 136.423 0
2064 96.1179 136.445 0
2065 -80.0487 136.6 0
2066 -76.3262 136.657 0
2067 -72.6015 136.712 0
2068 -68.8491 136.781 0
2069 -65.2008 136.82 0
2070 -61.5084 136.889 0
2071 -57.7844 136.993 0
2072 -54.1283 137.009 0
2073 -50.4366 137.103 0
2074 -46.7368 137.14 0
2075 -43.0162 137.177 0
2076 -39.2747 137.205 0
2077 -35.5591 137.311 0
2078 -31.9185 137.289 0
2079 -28.2005 137.363 0
2080 -24.3923 137.397 0
2081 -20.6705 137.527 0
2082 -16.956 137.553 0
2083 -13.2495 137.694 0
2084 -9.54729 137.678 0
2085 -5.7891 137.771 0
2086 -2.02379 137.846 0
2087 1.6658 137.927 0
2088 5.29374 137.975 0
2089 8.94755 138.09 0
2090 12.6816 138.122 0
2091 16.4095 138.206 0
2092 20.139 138.275 0
2093 23.8918 138.337 0
2094 27.6043 138.362 0
2095 31.2625 138.435 0
2096 34.9338 138.489 0
2097 38.6832 138.532 0
2098 42.3108 138.71 0
2099 46.1253 138.837 0
2100 49.8014 138.912 0
2101 53.5408 138.92 0
2102 57.2699 138.999 0
2103 61.0194 139.093 0
2104 64.7033 139.151 0
2105 68.4021 139.187 0
2106 72.0677 139.31 0
2107 75.7703 139.411 0
2108 79.4739 139.539 0
2109 83.1238 139.514 0
2110 86.8674 139.578 0
2111 90.576 139.577 0
2112 94.2545 139.603 0
2113 -81.9264 139.717 0
2114 -78.3125 139.788 0
2115 -74.5724 139.91 0
2116 -70.7715 139.914 0
2117 -67.045 140.118 0
2118 -63.3962 140.081 0
2119 -59.6958 140.204 0
2120 -56.024 140.259 0
2121 -52.3449 140.247 0
2122 -48.6684 140.37 0
2123 -44.9146 140.327 0
2124 -41.1819 140.441 0
2125 -37.464 140.479 0
2126 -33.8312 140.505 0
2127 -30.0934 140.516 0
2128 -26.3697 140.681 0
2129 -22.6985 140.732 0
2130 -18.9075 140.708 0
2131 -15.1237 140.91 0
2132 -11.4849 140.928 0
2133 -7.74793 140.919 0
2134 -4.04897 141.005 0
2135 -0.280997 141.124 0
2136 3.38698 141.164 0
2137 7.06105 141.263 0
2138 10.8003 141.28 0
2139 14.5247 141.36 0
2140 18.2759 141.464 0
2141 21.9605 141.495 0
2142 25.7102 141.557 0
2143 29.3792 141.591 0
2144 33.0801 141.677 0
2145 36.7742 141.664 0
2146 40.4437 141.8 0
2147 44.1848 141.947 0
2148 47.8411 142.076 0
2149 51.5809 142.109 0
2150 55.3689 142.15 0
2151 59.0802 142.218 0
2152 62.734 142.369 0
2153 66.4496 142.387 0
2154 70.1083 142.439 0
2155 73.8185 142.592 0
2156 77.5125 142.66 0
2157 81.2209 142.784 0
2158 84.899 142.79 0
2159 88.6277 142.828 0
2160 92.3674 142.879 0
2161 -83.7909 142.911 0
2162 -80.084 142.915 0
2163 -76.4347 143.035 0
2164 -72.6367 143.135 0
2165 -68.9567 143.297 0
2166 -65.2695 143.346 0
2167 -61.635 143.327 0
2168 -57.9513 143.413 0
2169 -54.2894 143.544 0
2170 -50.5901 143.579 0
2171 -46.8642 143.584 0
2172 -43.1346 143.64 0
2173 -39.4018 143.655 0
2174 -35.7043 143.751 0
2175 -32.0417 143.737 0
2176 -28.275 143.791 0
2177 -24.6142 143.883 0
2178 -20.8461 143.91 0
2179 -17.1496 143.994 0
2180 -13.384 144.159 0
2181 -9.68673 144.142 0
2182 -5.93082 144.259 0
2183 -2.19119 144.353 0
2184 1.45432 144.32 0
2185 5.13826 144.402 0
2186 8.8689 144.487 0
2187 12.5933 144.518 0
2188 16.267 144.564 0
2189 20.0122 144.682 0
2190 23.7363 144.768 0
2191 27.4518 144.745 0
2192 31.1574 144.862 0
2193 34.8461 144.926 0
2194 38.6097 144.937 0
2195 42.2938 145.082 0
2196 45.9366 145.201 0
2197 49.6829 145.282 0
2198 53.373 145.362 0
2199 57.1063 145.33 0
2200 60.8088 145.446 0
2201 64.4701 145.596 0
2202 68.1734 145.649 0
2203 71.9474 145.698 0
2204 75.6338 145.755 0
2205 79.2988 145.908 0
2206 83.0019 145.937 0
2207 86.7213 145.979 0
2208 90.4389 146.101 0
2209 -85.7325 146.052 0
2210 -82.0519 146.121 0
2211 -78.3899 146.185 0
2212 -74.6995 146.334 0
2213 -70.9469 146.442 0
2214 -67.2299 146.499 0
2215 -63.4835 146.533 0
2216 -59.8242 146.586 0
2217 -56.1933 146.631 0
2218 -52.4783 146.76 0
2219 -48.7962 146.798 0
2220 -45.092 146.836 0
2221 -41.3233 146.891 0
2222 -37.5525 146.912 0
2223 -33.9034 146.937 0
2224 -30.2365 146.972 0
2225 -26.5198 147.008 0
2226 -22.7674 147.078 0
2227 -19.0854 147.169 0
2228 -15.3488 147.307 0
2229 -11.6516 147.398 0
2230 -7.96874 147.522 0
2231 -4.20434 147.517 0
2232 -0.503592 147.605 0
2233 3.28546 147.556 0
2234 6.9634 147.71 0
2235 10.6895 147.659 0
2236 14.4014 147.742 0
2237 18.0691 147.825 0
2238 21.8269 147.992 0
2239 25.5077 147.97 0
2240 29.1671 147.953 0
2241 32.8571 148.073 0
2242 36.6077 148.083 0
2243 40.3171 148.247 0
2244 43.991 148.363 0
2245 47.6815 148.409 0
2246 51.4542 148.514 0
2247 55.125 148.55 0
2248 58.8735 148.636 0
2249 62.624 148.726 0
2250 66.2739 148.791 0
2251 70.0071 148.904 0
2252 73.6958 148.905 0
2253 77.3748 149.067 0
2254 81.0437 149.131 0
2255 84.75 149.145 0
2256 88.4862 149.238 0
2257 -87.6353 149.343 0
2258 -83.9429 149.272 0
2259 -80.2714 149.397 0
2260 -76.5568 149.477 0
2261 -72.8351 149.542 0
2262 -69.1784 149.612 0
2263 -65.4312 149.739 0
2264 -61.7026 149.757 0
2265 -58.0464 149.888 0
2266 -54.399 149.916 0
2267 -50.7218 149.948 0
2268 -46.9429 150.048 0
2269 -43.2132 150.071 0
2270 -39.5791 150.044 0
2271 -35.8337 150.119 0
2272 -32.1325 150.143 0
2273 -28.4379 150.242 0
2274 -24.7138 150.244 0
2275 -21.0286 150.398 0
2276 -17.2839 150.538 0
2277 -13.6273 150.554 0
2278 -9.89165 150.64 0
2279 -6.14638 150.674 0
2280 -2.39471 150.759 0
2281 1.37973 150.839 0
2282 5.02969 150.899 0
2283 8.64093 150.969 0
2284 12.4289 150.923 0
2285 16.1339 151.028 0
2286 19.8693 151.058 0
2287 23.5178 151.182 0
2288 27.2542 151.155 0
2289 30.9358 151.215 0
2290 34.6133 151.297 0
2291 38.2807 151.428 0
2292 41.9605 151.523 0
2293 45.7517 151.572 0
2294 49.4853 151.707 0
2295 53.2096 151.756 0
2296 56.9155 151.743 0
2297 60.6636 151.904 0
2298 64.3254 151.979 0
2299 68.0738 151.986 0
2300 71.7567 152.116 0
2301 75.4564 152.191 0
2302 79.1237 152.22 0
2303 82.8038 152.338 0
2304 86.5335 152.405 0
2305 -89.6104 152.532 0
2306 -85.8268 152.567 0
2307 -82.1339 152.522 0
2308 -78.528 152.616 0
2309 -74.8373 152.739 0
2310 -71.0755 152.809 0
2311 -67.3831 152.855 0
2312 -63.7011 152.973 0
2313 -59.9916 153.04 0
2314 -56.301 153.101 0
2315 -52.6261 153.184 0
2316 -48.8627 153.235 0
2317 -45.1596 153.253 0
2318 -41.4112 153.268 0
2319 -37.7109 153.268 0
2320 -34.0438 153.357 0
2321 -30.3733 153.378 0
2322 -26.6487 153.499 0
2323 -22.9805 153.555 0
2324 -19.247 153.663 0
2325 -15.5065 153.742 0
2326 -11.7582 153.75 0
2327 -8.0912 153.859 0
2328 -4.34351 153.873 0
2329 -0.546527 153.996 0
2330 3.11653 154.09 0
2331 6.7799 154.186 0
2332 10.4903 154.11 0
2333 14.1707 154.18 0
2334 17.876 154.236 0
2335 21.6325 154.322 0
2336 25.306 154.372 0
2337 29.037 154.397 0
2338 32.6807 154.508 0
2339 36.3471 154.587 0
2340 40.0725 154.656 0
2341 43.8193 154.758 0
2342 47.5982 154.845 0
2343 51.2999 154.966 0
2344 54.9987 154.915 0
2345 58.7036 155.021 0
2346 62.4132 155.066 0
2347 66.116 155.137 0
2348 69.7888 155.231 0
2349 73.552 155.336 0
2350 77.2173 155.423 0
2351 80.9055 155.424 0
2352 84.6272 155.551 0
2353 -91.5089 155.697 0
2354 -87.8147 155.768 0
2355 -84.0528 155.745 0
2356 -80.3645 155.774 0
2357 -76.7126 155.931 0
2358 -72.9896 155.981 0
2359 -69.2698 156.147 0
2360 -65.6308 156.209 0
2361 -61.9709 156.286 0
2362 -58.2179 156.268 0
2363 -54.5295 156.304 0
2364 -50.738 156.368 0
2365 -47.0834 156.433 0
2366 -43.3035 156.431 0
2367 -39.6731 156.52 0
2368 -35.9524 156.532 0
2369 -32.2655 156.631 0
2370 -28.5831 156.667 0
2371 -24.8368 156.724 0
2372 -21.1073 156.753 0
2373 -17.4307 156.884 0
2374 -13.7635 156.971 0
2375 -9.99721 157.02 0
2376 -6.24862 157.036 0
2377 -2.50978 157.089 0
2378 1.22424 157.215 0
2379 4.88974 157.326 0
2380 8.55305 157.329 0
2381 12.281 157.414 0
2382 15.9891 157.414 0
2383 19.7048 157.509 0
2384 23.3691 157.584 0
2385 27.0442 157.645 0
2386 30.7218 157.642 0
2387 34.4474 157.762 0
2388 38.1674 157.83 0
2389 41.9034 157.863 0
2390 45.6013 158.05 0
2391 49.3414 158.098 0
2392 53.0786 158.148 0
2393 56.7885 158.151 0
2394 60.4462 158.284 0
2395 64.1663 158.378 0
2396 67.8243 158.339 0
2397 71.5351 158.475 0
2398 75.2845 158.538 0
2399 78.9342 158.595 0
2400 82.6387 158.72 0
2401 -93.5521 158.931 0
2402 -89.8177 158.934 0
2403 -86.0926 158.963 0
2404 -82.4468 159.074 0
2405 -78.6918 159.094 0
2406 -74.8746 159.132 0
2407 -71.2638 159.286 0
2408 -67.542 159.391 0
2409 -63.8475 159.458 0
2410 -60.1349 159.48 0
2411 -56.4272 159.497 0
2412 -52.6502 159.501 0
2413 -48.9705 159.592 0
2414 -45.205 159.64 0
2415 -41.5594 159.709 0
2416 -37.8564 159.726 0
2417 -34.1523 159.755 0
2418 -30.5632 159.859 0
2419 -26.8066 159.9 0
2420 -23.0795 160 0
2421 -19.4015 159.995 0
2422 -15.6497 160.109 0
2423 -11.8727 160.207 0
2424 -8.11007 160.231 0
2425 -4.45077 160.23 0
2426 -0.772662 160.344 0
2427 2.9121 160.48 0
2428 6.64259 160.557 0
2429 10.3664 160.568 0
2430 14.0205 160.636 0
2431 17.6874 160.664 0
2432 21.4628 160.749 0
2433 25.1103 160.864 0
2434 28.809 160.909 0
2435 32.4659 160.951 0
2436 36.278 161.058 0
2437 39.9506 161.067 0
2438 43.6622 161.13 0
2439 47.3799 161.262 0
2440 51.1003 161.294 0
2441 54.8222 161.324 0
2442 58.4938 161.428 0
2443 62.2645 161.521 0
2444 65.9911 161.592 0
2445 69.6522 161.689 0
2446 73.3217 161.79 0
2447 76.9773 161.797 0
2448 80.5939 161.864 0
2449 -95.547 162.052 0
2450 -91.6913 162.127 0
2451 -88.024 162.071 0
2452 -84.3355 162.214 0
2453 -80.6253 162.279 0
2454 -76.8651 162.308 0
2455 -73.1994 162.454 0
2456 -69.4641 162.526 0
2457 -65.8133 162.62 0
2458 -62.0779 162.689 0
2459 -58.402 162.731 0
2460 -54.6737 162.767 0
2461 -50.9095 162.78 0
2462 -47.2106 162.952 0
2463 -43.5278 163 0
2464 -39.7828 162.942 0
2465 -36.1137 162.943 0
2466 -32.4184 162.969 0
2467 -28.742 163.067 0
2468 -24.9722 163.184 0
2469 -21.2571 163.165 0
2470 -17.5699 163.275 0
2471 -13.8117 163.368 0
2472 -10.052 163.417 0
2473 -6.33361 163.438 0
2474 -2.68441 163.608 0
2475 0.977324 163.67 0
2476 4.72435 163.697 0
2477 8.38351 163.76 0
2478 12.0523 163.779 0
2479 15.813 163.864 0
2480 19.5231 163.947 0
2481 23.1058 164.05 0
2482 26.8869 164.098 0
2483 30.5672 164.088 0
2484 34.2655 164.158 0
2485 38.0295 164.267 0
2486 41.6766 164.364 0
2487 45.3711 164.465 0
2488 49.0426 164.507 0
2489 52.8777 164.513 0
2490 56.5893 164.584 0
2491 60.4104 164.66 0
2492 64.0489 164.756 0
2493 67.7131 164.855 0
2494 71.4008 164.97 0
2495 75.0658 165.032 0
2496 78.7765 165.007 0
