# Time-averaged data for fix 3
# TimeStep Number-of-rows
# Row c_center[1] c_center[2] c_center[3]
6000 2496
1 3.22288 -0.195486 0
2 6.88712 -0.106824 0
3 10.5045 -0.0437328 0
4 14.1894 0.0802582 0
5 17.988 0.0443412 0
6 21.69 0.160552 0
7 25.3433 0.284623 0
8 29.0306 0.295915 0
9 32.7592 0.307078 0
10 36.4442 0.447078 0
11 40.1241 0.573879 0
12 43.8074 0.641233 0
13 47.4907 0.741686 0
14 51.2109 0.878846 0
15 54.8632 0.932671 0
16 58.6201 1.02389 0
17 62.3659 1.06428 0
18 66.0768 1.0789 0
19 69.7201 1.11202 0
20 73.4008 1.18654 0
21 77.1133 1.37819 0
22 80.8092 1.41789 0
23 84.578 1.42741 0
24 88.2938 1.53787 0
25 91.9614 1.5475 0
26 95.6923 1.63276 0
27 99.3903 1.66175 0
28 103.115 1.75826 0
29 106.901 1.77139 0
30 110.553 1.88921 0
31 114.241 1.89299 0
32 118.001 1.92086 0
33 121.656 1.99111 0
34 125.369 2.05684 0
35 129.151 2.1977 0
36 132.784 2.28673 0
37 136.493 2.24148 0
38 140.204 2.28139 0
39 143.903 2.40375 0
40 147.643 2.45636 0
41 151.367 2.49574 0
42 155.023 2.54154 0
43 158.827 2.62887 0
44 162.538 2.67185 0
45 166.206 2.78539 0
46 169.967 2.86171 0
47 173.625 2.97764 0
48 177.294 2.93071 0
49 1.15565 3.03865 0
50 4.91494 3.11422 0
51 8.6227 3.1586 0
52 12.3047 3.25292 0
53 15.9989 3.28537 0
54 19.7083 3.33082 0
55 23.4503 3.44458 0
56 27.1842 3.48419 0
57 30.8003 3.6108 0
58 34.4826 3.50943 0
59 38.1631 3.65617 0
60 41.8978 3.86325 0
61 45.5849 3.8753 0
62 49.2566 4.01545 0
63 52.9679 4.08677 0
64 56.6904 4.11322 0
65 60.3561 4.23636 0
66 64.1722 4.25228 0
67 67.8191 4.27851 0
68 71.6031 4.33314 0
69 75.2192 4.4477 0
70 78.9219 4.5585 0
71 82.6431 4.53853 0
72 86.3242 4.66469 0
73 89.9972 4.75828 0
74 93.7104 4.79922 0
75 97.4459 4.90122 0
76 101.176 4.89475 0
77 104.955 4.95114 0
78 108.6 5.06124 0
79 112.309 5.06985 0
80 115.982 5.1075 0
81 119.765 5.14379 0
82 123.431 5.23601 0
83 127.207 5.30036 0
84 130.931 5.48418 0
85 134.644 5.45605 0
86 138.31 5.4967 0
87 141.941 5.55559 0
88 145.707 5.58999 0
89 149.423 5.65266 0
90 153.153 5.70437 0
91 156.931 5.75538 0
92 160.617 5.8466 0
93 164.276 5.90503 0
94 167.975 6.00677 0
95 171.734 6.13871 0
96 175.386 6.14963 0
97 -0.693397 6.25599 0
98 3.00984 6.31099 0
99 6.69599 6.39389 0
100 10.3477 6.43001 0
101 14.0642 6.57369 0
102 17.7721 6.50668 0
103 21.4643 6.58799 0
104 25.1813 6.71946 0
105 28.8177 6.81924 0
106 32.6425 6.76467 0
107 36.2998 6.87318 0
108 39.9486 6.98927 0
109 43.6651 7.04619 0
110 47.3646 7.20599 0
111 51.0077 7.27241 0
112 54.6854 7.28507 0
113 58.4679 7.33776 0
114 62.1858 7.40178 0
115 65.9397 7.5404 0
116 69.6763 7.56548 0
117 73.2981 7.63009 0
118 76.9729 7.75449 0
119 80.6888 7.77773 0
120 84.345 7.84079 0
121 88.094 7.94444 0
122 91.7785 7.97489 0
123 95.5096 8.07032 0
124 99.3156 8.12583 0
125 103.025 8.12662 0
126 106.673 8.15049 0
127 110.362 8.27493 0
128 114.083 8.31507 0
129 117.782 8.3173 0
130 121.52 8.3736 0
131 125.209 8.47585 0
132 128.851 8.603 0
133 132.702 8.61467 0
134 136.365 8.71429 0
135 140.075 8.73015 0
136 143.828 8.73806 0
137 147.573 8.81954 0
138 151.246 8.8707 0
139 154.948 8.97104 0
140 158.706 9.11189 0
141 162.353 9.05937 0
142 166.093 9.13384 0
143 169.766 9.24493 0
144 173.511 9.35539 0
145 -2.61136 9.4294 0
146 1.11811 9.49242 0
147 4.81937 9.52721 0
148 8.4944 9.63598 0
149 12.2121 9.64401 0
150 15.9057 9.72552 0
151 19.5605 9.75892 0
152 23.1868 9.82685 0
153 26.9332 9.98959 0
154 30.6752 9.97198 0
155 34.337 10.0426 0
156 38.0572 10.0772 0
157 41.7028 10.2065 0
158 45.3578 10.304 0
159 49.0956 10.4184 0
160 52.8418 10.4498 0
161 56.4931 10.5693 0
162 60.2464 10.5323 0
163 63.9316 10.6587 0
164 67.6663 10.7525 0
165 71.3625 10.8336 0
166 75.0493 10.8874 0
167 78.8025 10.927 0
168 82.446 10.9981 0
169 86.0788 11.1421 0
170 89.8827 11.1449 0
171 93.6226 11.221 0
172 97.3968 11.2823 0
173 101.048 11.2589 0
174 104.721 11.3991 0
175 108.397 11.4118 0
176 112.177 11.4886 0
177 115.909 11.5235 0
178 119.594 11.5301 0
179 123.28 11.6251 0
180 126.955 11.7223 0
181 130.669 11.8275 0
182 134.478 11.8187 0
183 138.212 11.9394 0
184 141.9 11.9201 0
185 145.646 11.9373 0
186 149.373 12.0511 0
187 153.025 12.1905 0
188 156.695 12.228 0
189 160.449 12.2932 0
190 164.075 12.3534 0
191 167.799 12.3461 0
192 171.528 12.5025 0
193 -4.57368 12.5787 0
194 -0.835998 12.7084 0
195 2.91197 12.7646 0
196 6.57245 12.7969 0
197 10.2691 12.8501 0
198 13.924 12.9009 0
199 17.6233 12.9364 0
200 21.2613 12.9564 0
201 24.9945 13.1692 0
202 28.7449 13.154 0
203 32.4006 13.2331 0
204 36.0881 13.2814 0
205 39.8036 13.328 0
206 43.4315 13.4636 0
207 47.1947 13.5911 0
208 50.9204 13.6528 0
209 54.572 13.6998 0
210 58.2692 13.7315 0
211 61.9791 13.7392 0
212 65.7437 13.8939 0
213 69.3867 14.0228 0
214 73.1596 14.1014 0
215 76.7642 14.1668 0
216 80.5174 14.3115 0
217 84.2452 14.279 0
218 87.8816 14.3392 0
219 91.6782 14.3662 0
220 95.3395 14.4412 0
221 99.1272 14.5046 0
222 102.726 14.5215 0
223 106.534 14.5717 0
224 110.248 14.6392 0
225 113.96 14.7617 0
226 117.684 14.6725 0
227 121.377 14.7559 0
228 125.105 14.9204 0
229 128.902 14.9963 0
230 132.549 15.0566 0
231 136.224 15.0658 0
232 139.963 15.1494 0
233 143.682 15.1179 0
234 147.456 15.2021 0
235 151.068 15.3148 0
236 154.766 15.3747 0
237 158.487 15.4648 0
238 162.171 15.5171 0
239 165.869 15.5728 0
240 169.527 15.6121 0
241 -6.52616 15.6972 0
242 -2.8554 15.7919 0
243 0.90275 15.8929 0
244 4.61359 15.9864 0
245 8.32328 16.0023 0
246 11.9791 16.1107 0
247 15.7273 16.1328 0
248 19.4169 16.2165 0
249 23.1528 16.2516 0
250 26.783 16.3351 0
251 30.5345 16.4289 0
252 34.1904 16.4801 0
253 37.8364 16.5235 0
254 41.5665 16.575 0
255 45.264 16.7665 0
256 49.0187 16.8256 0
257 52.6568 16.8058 0
258 56.3315 16.9756 0
259 60.0207 16.9955 0
260 63.6638 17.0375 0
261 67.3479 17.1475 0
262 71.2302 17.2264 0
263 74.9085 17.359 0
264 78.5553 17.3929 0
265 82.3012 17.4912 0
266 86.019 17.5045 0
267 89.6553 17.5491 0
268 93.3519 17.6312 0
269 97.1215 17.6798 0
270 100.873 17.7456 0
271 104.56 17.7768 0
272 108.349 17.8766 0
273 112.066 17.9776 0
274 115.721 18.0066 0
275 119.452 17.9666 0
276 123.103 18.082 0
277 126.941 18.1399 0
278 130.647 18.1909 0
279 134.268 18.2359 0
280 137.993 18.3111 0
281 141.734 18.3579 0
282 145.513 18.4316 0
283 149.156 18.4696 0
284 152.821 18.5328 0
285 156.551 18.6163 0
286 160.292 18.7167 0
287 163.964 18.7296 0
288 167.655 18.7881 0
289 -8.45788 18.8713 0
290 -4.73339 18.9597 0
291 -0.982261 19.0378 0
292 2.68728 19.1054 0
293 6.38481 19.2218 0
294 10.0837 19.2764 0
295 13.7721 19.3414 0
296 17.4751 19.3098 0
297 21.1968 19.4884 0
298 24.8657 19.5401 0
299 28.574 19.6306 0
300 32.3054 19.6882 0
301 35.9794 19.6937 0
302 39.637 19.8039 0
303 43.3809 19.8961 0
304 47.05 19.943 0
305 50.8128 20.0926 0
306 54.4351 20.1239 0
307 58.1156 20.1714 0
308 61.821 20.2074 0
309 65.4745 20.3182 0
310 69.1516 20.3649 0
311 72.927 20.4541 0
312 76.6492 20.5547 0
313 80.3942 20.6231 0
314 84.1277 20.6787 0
315 87.815 20.7122 0
316 91.5183 20.7882 0
317 95.2559 20.9014 0
318 98.9629 20.9339 0
319 102.695 20.9144 0
320 106.371 20.9835 0
321 110.11 21.1692 0
322 113.848 21.1932 0
323 117.51 21.2385 0
324 121.197 21.3009 0
325 124.895 21.285 0
326 128.706 21.4342 0
327 132.387 21.3627 0
328 136.007 21.4842 0
329 139.701 21.5144 0
330 143.542 21.5931 0
331 147.245 21.6569 0
332 150.895 21.6917 0
333 154.631 21.7275 0
334 158.388 21.8702 0
335 162.134 21.9317 0
336 165.791 21.9721 0
337 -10.4256 22.065 0
338 -6.72217 22.142 0
339 -3.01404 22.1786 0
340 0.762824 22.2518 0
341 4.41832 22.3366 0
342 8.15942 22.4673 0
343 11.8918 22.5666 0
344 15.6247 22.5056 0
345 19.2668 22.6342 0
346 22.9577 22.7242 0
347 26.6682 22.6782 0
348 30.3832 22.8167 0
349 34.0675 22.9028 0
350 37.7639 22.9274 0
351 41.4232 22.988 0
352 45.2247 23.1093 0
353 48.9005 23.1636 0
354 52.5611 23.3222 0
355 56.1889 23.4154 0
356 59.9531 23.4065 0
357 63.5741 23.4814 0
358 67.2713 23.5302 0
359 70.9881 23.5398 0
360 74.7201 23.6878 0
361 78.4233 23.761 0
362 82.2314 23.8028 0
363 85.9216 23.8829 0
364 89.5656 23.9386 0
365 93.3718 24.006 0
366 97.1041 24.0938 0
367 100.768 24.1102 0
368 104.405 24.1911 0
369 108.155 24.2259 0
370 111.896 24.3143 0
371 115.6 24.4485 0
372 119.284 24.4998 0
373 123.016 24.4992 0
374 126.664 24.5379 0
375 130.5 24.6031 0
376 134.134 24.6239 0
377 137.88 24.7109 0
378 141.595 24.8162 0
379 145.327 24.8445 0
380 148.999 24.9175 0
381 152.685 24.9242 0
382 156.382 25.103 0
383 160.124 25.1164 0
384 163.862 25.2403 0
385 -12.3428 25.2334 0
386 -8.62584 25.3928 0
387 -4.99614 25.4586 0
388 -1.30378 25.4196 0
389 2.44587 25.4775 0
390 6.19559 25.6029 0
391 9.93352 25.6799 0
392 13.5944 25.7817 0
393 17.3682 25.7603 0
394 21.1153 25.8953 0
395 24.8054 25.8381 0
396 28.4416 25.9055 0
397 32.1498 26.0276 0
398 35.8023 26.0899 0
399 39.4717 26.1528 0
400 43.2604 26.2471 0
401 46.9452 26.3708 0
402 50.6713 26.4548 0
403 54.3035 26.5367 0
404 57.9834 26.595 0
405 61.6618 26.6978 0
406 65.3912 26.6756 0
407 69.029 26.7708 0
408 72.8202 26.8929 0
409 76.4917 26.9486 0
410 80.294 26.9718 0
411 84.0256 27.0654 0
412 87.6777 27.0878 0
413 91.3633 27.2073 0
414 95.1386 27.3114 0
415 98.7916 27.3862 0
416 102.493 27.3637 0
417 106.221 27.4641 0
418 109.878 27.5101 0
419 113.722 27.5894 0
420 117.421 27.6682 0
421 121.088 27.6881 0
422 124.758 27.7843 0
423 128.478 27.8204 0
424 132.115 27.8702 0
425 135.899 27.8918 0
426 139.644 27.9619 0
427 143.333 28.0298 0
428 147.079 28.0519 0
429 150.785 28.1877 0
430 154.421 28.3096 0
431 158.141 28.3959 0
432 161.864 28.3962 0
433 -14.2491 28.4723 0
434 -10.5632 28.5268 0
435 -6.88756 28.6636 0
436 -3.11243 28.6291 0
437 0.595025 28.7319 0
438 4.27009 28.7778 0
439 7.99562 28.8182 0
440 11.7244 28.912 0
441 15.4371 28.9312 0
442 19.1309 29.0792 0
443 22.8541 29.1191 0
444 26.5308 29.1736 0
445 30.1719 29.304 0
446 33.8844 29.2407 0
447 37.5854 29.3485 0
448 41.2825 29.3835 0
449 44.9725 29.5274 0
450 48.6888 29.6008 0
451 52.3226 29.6768 0
452 55.9959 29.7857 0
453 59.7148 29.8122 0
454 63.4124 29.8431 0
455 67.1868 29.9895 0
456 70.8561 30.0753 0
457 74.5575 30.1422 0
458 78.284 30.1685 0
459 82.0318 30.2757 0
460 85.7903 30.2616 0
461 89.4721 30.3713 0
462 93.2038 30.4443 0
463 96.8437 30.5667 0
464 100.501 30.5982 0
465 104.328 30.6838 0
466 108.008 30.6928 0
467 111.709 30.7381 0
468 115.39 30.7937 0
469 119.103 30.9174 0
470 122.81 30.9742 0
471 126.582 30.9835 0
472 130.255 31.0991 0
473 134.016 31.138 0
474 137.72 31.1665 0
475 141.411 31.2277 0
476 145.115 31.2844 0
477 148.791 31.3145 0
478 152.43 31.4291 0
479 156.258 31.503 0
480 159.947 31.6483 0
481 -16.1436 31.6716 0
482 -12.5274 31.7465 0
483 -8.84207 31.8036 0
484 -5.03053 31.8414 0
485 -1.34604 31.92 0
486 2.41129 31.9285 0
487 6.06094 32.015 0
488 9.78417 32.0574 0
489 13.4301 32.1709 0
490 17.2018 32.3501 0
491 20.9519 32.3519 0
492 24.5679 32.4216 0
493 28.2039 32.4736 0
494 31.8948 32.5251 0
495 35.6811 32.4682 0
496 39.4018 32.5664 0
497 43.0309 32.6663 0
498 46.7643 32.7779 0
499 50.3869 32.8407 0
500 54.0767 32.9168 0
501 57.7687 32.9871 0
502 61.453 33.05 0
503 65.1993 33.1032 0
504 68.9602 33.2043 0
505 72.7318 33.2755 0
506 76.3829 33.363 0
507 80.1488 33.3894 0
508 83.8072 33.483 0
509 87.5622 33.5649 0
510 91.2463 33.6377 0
511 94.9117 33.6815 0
512 98.6429 33.7602 0
513 102.331 33.8398 0
514 106.094 33.8773 0
515 109.756 33.9479 0
516 113.463 33.9841 0
517 117.232 34.0564 0
518 120.862 34.1719 0
519 124.592 34.2535 0
520 128.296 34.3034 0
521 132.055 34.3023 0
522 135.749 34.4217 0
523 139.494 34.4358 0
524 143.175 34.5029 0
525 146.866 34.5572 0
526 150.527 34.6019 0
527 154.247 34.6406 0
528 158.018 34.7503 0
529 -18.1198 34.8751 0
530 -14.481 34.942 0
531 -10.7238 34.9858 0
532 -6.9972 34.9762 0
533 -3.26999 35.1078 0
534 0.438387 35.1902 0
535 4.08798 35.2204 0
536 7.84172 35.3195 0
537 11.5292 35.368 0
538 15.2032 35.4352 0
539 18.9537 35.5388 0
540 22.6089 35.6231 0
541 26.313 35.7445 0
542 29.9562 35.7283 0
543 33.7469 35.7656 0
544 37.3742 35.8174 0
545 41.109 35.9037 0
546 44.7963 35.989 0
547 48.4857 35.965 0
548 52.1524 36.0731 0
549 55.8365 36.211 0
550 59.552 36.2364 0
551 63.2382 36.2694 0
552 66.9966 36.4026 0
553 70.6887 36.4851 0
554 74.4004 36.5259 0
555 78.0438 36.7118 0
556 81.9104 36.6835 0
557 85.6149 36.7053 0
558 89.3462 36.7885 0
559 93.0128 36.9228 0
560 96.7237 36.9292 0
561 100.428 37.0123 0
562 104.12 37.0675 0
563 107.796 37.1471 0
564 111.505 37.1495 0
565 115.21 37.2104 0
566 118.989 37.3593 0
567 122.66 37.354 0
568 126.372 37.4761 0
569 130.083 37.5224 0
570 133.745 37.6135 0
571 137.547 37.6439 0
572 141.25 37.6676 0
573 144.922 37.6815 0
574 148.677 37.8304 0
575 152.302 37.8918 0
576 155.979 37.9382 0
577 -20.1154 38.0491 0
578 -16.3805 38.0912 0
579 -12.5986 38.2023 0
580 -9.03896 38.2696 0
581 -5.34042 38.2245 0
582 -1.54135 38.3043 0
583 2.18003 38.4328 0
584 5.82572 38.4374 0
585 9.57745 38.5513 0
586 13.3075 38.6591 0
587 17.0148 38.7391 0
588 20.6753 38.8141 0
589 24.3262 38.8697 0
590 28.0354 38.9326 0
591 31.7958 38.9661 0
592 35.4726 39.0557 0
593 39.1211 39.1277 0
594 42.8384 39.1889 0
595 46.5129 39.246 0
596 50.237 39.1884 0
597 53.8745 39.3506 0
598 57.6713 39.3962 0
599 61.3547 39.4415 0
600 65.0339 39.5288 0
601 68.7967 39.6496 0
602 72.4866 39.7207 0
603 76.1326 39.802 0
604 79.9204 39.908 0
605 83.6506 39.9191 0
606 87.3943 40.045 0
607 91.1587 40.0439 0
608 94.8308 40.099 0
609 98.4897 40.207 0
610 102.216 40.2933 0
611 105.888 40.2871 0
612 109.623 40.305 0
613 113.323 40.3673 0
614 117.061 40.4585 0
615 120.745 40.5577 0
616 124.461 40.6213 0
617 128.164 40.6456 0
618 131.893 40.689 0
619 135.557 40.873 0
620 139.328 40.8873 0
621 143.02 40.9691 0
622 146.595 40.9764 0
623 150.357 41.0452 0
624 154.048 41.1451 0
625 -22.0705 41.2101 0
626 -18.3972 41.2527 0
627 -14.6604 41.3304 0
628 -10.9202 41.5008 0
629 -7.25217 41.4867 0
630 -3.55535 41.4763 0
631 0.31232 41.5685 0
632 3.95188 41.6352 0
633 7.64237 41.7336 0
634 11.3621 41.8293 0
635 15.0603 41.887 0
636 18.7365 41.9674 0
637 22.4496 42.0006 0
638 26.1423 42.0791 0
639 29.8022 42.1733 0
640 33.5752 42.245 0
641 37.1896 42.3026 0
642 40.9112 42.4015 0
643 44.5632 42.4113 0
644 48.2855 42.4184 0
645 52.0283 42.5396 0
646 55.6676 42.5937 0
647 59.3899 42.7795 0
648 63.0602 42.7004 0
649 66.8358 42.819 0
650 70.5389 42.9079 0
651 74.2787 43.0086 0
652 77.9503 43.0785 0
653 81.6861 43.1004 0
654 85.3558 43.2331 0
655 89.1971 43.2573 0
656 92.859 43.2911 0
657 96.5911 43.3482 0
658 100.248 43.4691 0
659 104.002 43.4855 0
660 107.761 43.5036 0
661 111.477 43.562 0
662 115.173 43.7719 0
663 118.88 43.6976 0
664 122.532 43.7755 0
665 126.307 43.8373 0
666 130.014 43.8777 0
667 133.677 43.9941 0
668 137.337 44.1116 0
669 141.063 44.1397 0
670 144.778 44.1572 0
671 148.456 44.2209 0
672 152.087 44.3588 0
673 -24 44.3976 0
674 -20.3032 44.4147 0
675 -16.5578 44.5509 0
676 -12.8975 44.6081 0
677 -9.15429 44.7029 0
678 -5.47542 44.7683 0
679 -1.72745 44.7516 0
680 2.00893 44.8331 0
681 5.6937 44.9201 0
682 9.41134 45.0797 0
683 13.1685 45.0893 0
684 16.851 45.0816 0
685 20.5701 45.229 0
686 24.2357 45.2635 0
687 27.9303 45.2982 0
688 31.626 45.3915 0
689 35.2834 45.4981 0
690 38.9175 45.4787 0
691 42.6969 45.6465 0
692 46.4036 45.6482 0
693 50.0873 45.6209 0
694 53.7869 45.7437 0
695 57.4124 45.8804 0
696 61.2049 45.8886 0
697 64.9173 45.9946 0
698 68.5602 46.0903 0
699 72.2854 46.2268 0
700 76.042 46.2657 0
701 79.7592 46.3164 0
702 83.411 46.4291 0
703 87.1424 46.406 0
704 90.9041 46.502 0
705 94.6116 46.5523 0
706 98.3043 46.5779 0
707 102.052 46.5979 0
708 105.817 46.641 0
709 109.521 46.719 0
710 113.153 46.8336 0
711 116.973 46.9491 0
712 120.569 46.9401 0
713 124.386 46.9935 0
714 128.123 47.089 0
715 131.745 47.2029 0
716 135.411 47.2529 0
717 139.117 47.3222 0
718 142.944 47.3787 0
719 146.605 47.4172 0
720 150.246 47.5599 0
721 -25.9367 47.5937 0
722 -22.1666 47.6767 0
723 -18.4847 47.6955 0
724 -14.7792 47.7534 0
725 -11.0774 47.887 0
726 -7.3709 47.9244 0
727 -3.7342 47.996 0
728 0.025481 48.0127 0
729 3.7421 48.0658 0
730 7.46019 48.146 0
731 11.2094 48.2568 0
732 14.8937 48.2754 0
733 18.5728 48.3921 0
734 22.2825 48.435 0
735 26.0343 48.5364 0
736 29.7144 48.5926 0
737 33.3679 48.6293 0
738 37.0421 48.6764 0
739 40.8037 48.7678 0
740 44.5359 48.8544 0
741 48.1885 48.879 0
742 51.9031 48.9035 0
743 55.5724 48.9955 0
744 59.2826 49.0598 0
745 62.9859 49.2498 0
746 66.6454 49.2995 0
747 70.3759 49.3755 0
748 74.0425 49.3827 0
749 77.7721 49.5239 0
750 81.4894 49.6013 0
751 85.1742 49.633 0
752 88.9277 49.6937 0
753 92.6957 49.6879 0
754 96.4135 49.7219 0
755 100.146 49.7704 0
756 103.836 49.8211 0
757 107.495 49.9505 0
758 111.212 49.9687 0
759 114.95 50.0308 0
760 118.754 50.1528 0
761 122.412 50.1993 0
762 126.101 50.26 0
763 129.826 50.4216 0
764 133.542 50.4373 0
765 137.22 50.5024 0
766 140.925 50.6456 0
767 144.59 50.7363 0
768 148.334 50.7588 0
769 -27.788 50.7944 0
770 -24.129 50.8172 0
771 -20.3582 50.9326 0
772 -16.651 50.9756 0
773 -13.0236 51 0
774 -9.33444 51.0828 0
775 -5.59233 51.1673 0
776 -1.87049 51.1755 0
777 1.85133 51.2126 0
778 5.51051 51.3525 0
779 9.31589 51.4038 0
780 13.0423 51.5303 0
781 16.6936 51.5215 0
782 20.4073 51.6171 0
783 24.0853 51.698 0
784 27.8093 51.7577 0
785 31.4531 51.7784 0
786 35.1524 51.8728 0
787 38.9375 51.9039 0
788 42.6553 52.0678 0
789 46.3475 52.0527 0
790 50.0078 52.0481 0
791 53.6883 52.1767 0
792 57.3761 52.2043 0
793 61.0171 52.3485 0
794 64.7603 52.4585 0
795 68.4516 52.5284 0
796 72.1833 52.5945 0
797 75.8562 52.7015 0
798 79.5043 52.7694 0
799 83.2512 52.8544 0
800 87.0129 52.8197 0
801 90.6613 52.8705 0
802 94.4725 52.9268 0
803 98.2062 52.9146 0
804 101.926 52.9627 0
805 105.611 53.0874 0
806 109.357 53.0712 0
807 113.01 53.1732 0
808 116.787 53.2877 0
809 120.509 53.3849 0
810 124.22 53.4278 0
811 127.86 53.5587 0
812 131.566 53.6195 0
813 135.282 53.6432 0
814 138.946 53.6889 0
815 142.703 53.8667 0
816 146.397 53.9084 0
817 -29.7216 53.9868 0
818 -26.0002 54.0463 0
819 -22.2685 54.1321 0
820 -18.5908 54.1959 0
821 -14.9248 54.2616 0
822 -11.2498 54.2349 0
823 -7.51298 54.2894 0
824 -3.79636 54.3646 0
825 -0.0719585 54.3929 0
826 3.61746 54.5315 0
827 7.4133 54.5834 0
828 11.0905 54.6751 0
829 14.801 54.7715 0
830 18.4638 54.7868 0
831 22.2136 54.8938 0
832 25.8953 54.9235 0
833 29.5825 54.9318 0
834 33.2322 55.0161 0
835 36.9627 55.0555 0
836 40.694 55.1879 0
837 44.4166 55.1906 0
838 48.1497 55.2536 0
839 51.768 55.3044 0
840 55.4603 55.4564 0
841 59.1275 55.4776 0
842 62.8218 55.6696 0
843 66.4904 55.728 0
844 70.2255 55.7677 0
845 73.9263 55.8747 0
846 77.6543 55.9622 0
847 81.3759 56.0097 0
848 85.1001 56.075 0
849 88.7376 56.1232 0
850 92.4036 56.2164 0
851 96.2327 56.0761 0
852 99.9657 56.1721 0
853 103.639 56.1979 0
854 107.407 56.2321 0
855 111.116 56.3956 0
856 114.868 56.4389 0
857 118.542 56.5745 0
858 122.283 56.6923 0
859 125.936 56.7396 0
860 129.627 56.7736 0
861 133.336 56.8397 0
862 137.088 56.8527 0
863 140.801 56.9849 0
864 144.534 57.0406 0
865 -31.5631 57.143 0
866 -27.8598 57.223 0
867 -24.1741 57.2506 0
868 -20.5324 57.4063 0
869 -16.9256 57.4466 0
870 -13.175 57.4195 0
871 -9.4088 57.4699 0
872 -5.78975 57.5533 0
873 -1.97294 57.5368 0
874 1.73292 57.6561 0
875 5.42258 57.7627 0
876 9.13094 57.8073 0
877 12.9159 57.9148 0
878 16.5776 58.012 0
879 20.2475 58.0783 0
880 24.0069 58.0872 0
881 27.6278 58.1245 0
882 31.3363 58.1443 0
883 34.9936 58.2279 0
884 38.6943 58.3498 0
885 42.4563 58.4025 0
886 46.1364 58.4294 0
887 49.8384 58.5792 0
888 53.5538 58.6601 0
889 57.198 58.6994 0
890 60.9232 58.762 0
891 64.5697 58.9245 0
892 68.3196 58.994 0
893 72.0207 59.027 0
894 75.7441 59.0795 0
895 79.4914 59.1154 0
896 83.174 59.1598 0
897 86.8949 59.3397 0
898 90.526 59.348 0
899 94.3104 59.4198 0
900 98.023 59.2941 0
901 101.702 59.3834 0
902 105.359 59.4373 0
903 109.089 59.4772 0
904 112.918 59.6396 0
905 116.671 59.75 0
906 120.396 59.83 0
907 124.051 59.9058 0
908 127.733 59.9255 0
909 131.4 60.0664 0
910 135.128 60.0969 0
911 138.808 60.1844 0
912 142.492 60.2046 0
913 -33.5384 60.2305 0
914 -29.7608 60.3587 0
915 -26.1038 60.4444 0
916 -22.4727 60.4883 0
917 -18.779 60.5613 0
918 -15.0671 60.612 0
919 -11.3464 60.6362 0
920 -7.6138 60.7253 0
921 -3.93418 60.7434 0
922 -0.187927 60.8241 0
923 3.53986 60.8939 0
924 7.19882 60.9504 0
925 10.9326 60.9974 0
926 14.6365 61.1595 0
927 18.3194 61.1997 0
928 22.064 61.2812 0
929 25.7512 61.2856 0
930 29.3952 61.3494 0
931 33.0578 61.4547 0
932 36.726 61.4898 0
933 40.4791 61.5687 0
934 44.2286 61.6998 0
935 47.9115 61.7165 0
936 51.6026 61.8216 0
937 55.3064 61.8877 0
938 59.0152 61.95 0
939 62.6876 62.0426 0
940 66.4847 62.1344 0
941 70.1357 62.2104 0
942 73.8144 62.3116 0
943 77.575 62.2528 0
944 81.2685 62.3293 0
945 84.9237 62.4359 0
946 88.6461 62.5996 0
947 92.348 62.5374 0
948 96.0625 62.5886 0
949 99.7887 62.5968 0
950 103.532 62.6468 0
951 107.236 62.7416 0
952 110.952 62.8325 0
953 114.608 62.9149 0
954 118.361 62.9948 0
955 122.104 63.0133 0
956 125.744 63.1135 0
957 129.368 63.2091 0
958 133.126 63.2565 0
959 136.897 63.3255 0
960 140.64 63.4679 0
961 -35.4323 63.4809 0
962 -31.7527 63.5682 0
963 -28.026 63.6436 0
964 -24.3512 63.7067 0
965 -20.6065 63.7244 0
966 -16.9832 63.7977 0
967 -13.246 63.8274 0
968 -9.48748 63.9131 0
969 -5.82024 63.8911 0
970 -2.08839 63.9712 0
971 1.64244 64.0244 0
972 5.34268 64.104 0
973 9.03688 64.1801 0
974 12.7422 64.2557 0
975 16.4756 64.359 0
976 20.086 64.4073 0
977 23.7856 64.5215 0
978 27.5447 64.5722 0
979 31.1998 64.5636 0
980 34.7984 64.6005 0
981 38.5048 64.7619 0
982 42.2717 64.8635 0
983 46.0303 64.9013 0
984 49.7214 64.9045 0
985 53.3526 65.0917 0
986 57.0193 65.1209 0
987 60.7829 65.2136 0
988 64.5678 65.2848 0
989 68.2613 65.3658 0
990 71.8836 65.4799 0
991 75.5626 65.4908 0
992 79.3135 65.576 0
993 83.0002 65.6469 0
994 86.6565 65.6872 0
995 90.4508 65.745 0
996 94.1 65.8046 0
997 97.8019 65.8105 0
998 101.67 65.7593 0
999 105.331 65.8666 0
1000 109.05 65.9379 0
1001 112.728 66.0581 0
1002 116.412 66.1743 0
1003 120.222 66.2647 0
1004 123.852 66.3082 0
1005 127.476 66.4268 0
1006 131.185 66.4983 0
1007 134.904 66.5301 0
1008 138.689 66.627 0
1009 -37.3558 66.6502 0
1010 -33.6891 66.6959 0
1011 -29.9976 66.8374 0
1012 -26.2527 66.882 0
1013 -22.5807 66.8509 0
1014 -18.8948 66.97 0
1015 -15.1841 67.0111 0
1016 -11.4402 67.0501 0
1017 -7.74943 67.1625 0
1018 -4.01571 67.0799 0
1019 -0.304993 67.172 0
1020 3.37798 67.2364 0
1021 7.14944 67.2971 0
1022 10.8013 67.3676 0
1023 14.5228 67.477 0
1024 18.2217 67.5457 0
1025 21.8503 67.6759 0
1026 25.5665 67.7405 0
1027 29.229 67.7812 0
1028 32.8591 67.905 0
1029 36.5389 67.9386 0
1030 40.291 68.0529 0
1031 44.034 68.1291 0
1032 47.6961 68.198 0
1033 51.4089 68.2025 0
1034 55.1302 68.3027 0
1035 58.8622 68.3298 0
1036 62.5648 68.4667 0
1037 66.2425 68.5952 0
1038 69.9932 68.6612 0
1039 73.6623 68.6762 0
1040 77.3901 68.7332 0
1041 81.1044 68.7953 0
1042 84.8081 68.8973 0
1043 88.4517 68.9507 0
1044 92.2469 69.0135 0
1045 95.9338 69.1019 0
1046 99.6319 69.0156 0
1047 103.401 69.0626 0
1048 107.172 69.1103 0
1049 110.834 69.1677 0
1050 114.514 69.3157 0
1051 118.172 69.3545 0
1052 121.911 69.4792 0
1053 125.598 69.6418 0
1054 129.263 69.6484 0
1055 132.96 69.7559 0
1056 136.701 69.8194 0
1057 -39.3038 69.8368 0
1058 -35.6387 70.0001 0
1059 -31.9379 69.9831 0
1060 -28.1401 70.0027 0
1061 -24.4392 70.0309 0
1062 -20.7543 70.1226 0
1063 -17.0632 70.1807 0
1064 -13.3176 70.2517 0
1065 -9.64111 70.3273 0
1066 -5.97962 70.3877 0
1067 -2.25735 70.3393 0
1068 1.43086 70.4743 0
1069 5.11309 70.4847 0
1070 8.85426 70.58 0
1071 12.5406 70.5913 0
1072 16.2503 70.6856 0
1073 19.9862 70.8573 0
1074 23.6221 70.8999 0
1075 27.3657 70.974 0
1076 31.007 71.0423 0
1077 34.6349 71.1227 0
1078 38.304 71.2261 0
1079 42.0273 71.2535 0
1080 45.8329 71.3768 0
1081 49.499 71.3483 0
1082 53.2488 71.4711 0
1083 56.9811 71.5379 0
1084 60.6448 71.6243 0
1085 64.3053 71.7348 0
1086 68.0419 71.8063 0
1087 71.7545 71.8602 0
1088 75.4772 71.8664 0
1089 79.1373 71.9629 0
1090 82.866 72.0485 0
1091 86.6101 72.088 0
1092 90.3505 72.1355 0
1093 94.0223 72.2039 0
1094 97.7777 72.236 0
1095 101.459 72.2109 0
1096 105.16 72.3098 0
1097 108.869 72.3154 0
1098 112.555 72.542 0
1099 116.243 72.5601 0
1100 119.967 72.6508 0
1101 123.639 72.7701 0
1102 127.38 72.8116 0
1103 131.097 72.9078 0
1104 134.736 72.9223 0
1105 -41.3852 73.0328 0
1106 -37.6631 73.09 0
1107 -33.917 73.1495 0
1108 -30.2027 73.1985 0
1109 -26.4205 73.2622 0
1110 -22.7264 73.3303 0
1111 -18.9686 73.3318 0
1112 -15.2661 73.3484 0
1113 -11.5939 73.5451 0
1114 -7.91985 73.6305 0
1115 -4.24276 73.6334 0
1116 -0.517658 73.6049 0
1117 3.18229 73.7115 0
1118 6.84309 73.7707 0
1119 10.629 73.8324 0
1120 14.3226 73.8943 0
1121 18.0157 74.0335 0
1122 21.7398 74.0788 0
1123 25.4813 74.1313 0
1124 29.1714 74.2282 0
1125 32.7938 74.3166 0
1126 36.4357 74.3762 0
1127 40.1242 74.483 0
1128 43.8791 74.4457 0
1129 47.6861 74.5457 0
1130 51.3588 74.6813 0
1131 55.0465 74.7112 0
1132 58.7326 74.7954 0
1133 62.415 74.8298 0
1134 66.1246 74.9271 0
1135 69.8553 74.9991 0
1136 73.5097 75.1046 0
1137 77.2161 75.0681 0
1138 80.8451 75.2066 0
1139 84.6894 75.2268 0
1140 88.4101 75.266 0
1141 92.1461 75.4125 0
1142 95.9209 75.4064 0
1143 99.6159 75.4146 0
1144 103.266 75.4977 0
1145 106.904 75.5579 0
1146 110.585 75.6474 0
1147 114.337 75.7835 0
1148 118.038 75.7924 0
1149 121.721 75.9532 0
1150 125.378 75.9669 0
1151 129.056 76.0504 0
1152 132.815 76.0712 0
1153 -43.2846 76.1755 0
1154 -39.5654 76.2648 0
1155 -35.9056 76.2896 0
1156 -32.1743 76.3535 0
1157 -28.3477 76.3967 0
1158 -24.6523 76.4452 0
1159 -20.9566 76.5636 0
1160 -17.207 76.6589 0
1161 -13.5057 76.6725 0
1162 -9.78648 76.8262 0
1163 -6.11533 76.8407 0
1164 -2.45496 76.8898 0
1165 1.28003 76.8879 0
1166 4.95717 77.0151 0
1167 8.59835 77.1115 0
1168 12.2704 77.1771 0
1169 16.0442 77.1527 0
1170 19.7922 77.2967 0
1171 23.5073 77.3461 0
1172 27.2269 77.3691 0
1173 30.8715 77.5063 0
1174 34.5809 77.5208 0
1175 38.2606 77.5842 0
1176 41.9108 77.7009 0
1177 45.6396 77.6673 0
1178 49.4481 77.8856 0
1179 53.1428 77.9067 0
1180 56.8209 77.9915 0
1181 60.5335 77.9849 0
1182 64.1936 78.0547 0
1183 67.9172 78.1744 0
1184 71.6315 78.2776 0
1185 75.2615 78.2974 0
1186 78.9863 78.3651 0
1187 82.8095 78.3659 0
1188 86.5412 78.4177 0
1189 90.2078 78.5204 0
1190 94.0076 78.6315 0
1191 97.6132 78.6245 0
1192 101.346 78.7319 0
1193 105.034 78.7775 0
1194 108.718 78.897 0
1195 112.452 78.9172 0
1196 116.071 79.0078 0
1197 119.761 79.0354 0
1198 123.455 79.0945 0
1199 127.151 79.1784 0
1200 130.864 79.2889 0
1201 -45.3133 79.2995 0
1202 -41.5596 79.4132 0
1203 -37.8385 79.4306 0
1204 -34.0817 79.5409 0
1205 -30.4223 79.5751 0
1206 -26.6566 79.5987 0
1207 -22.9801 79.7608 0
1208 -19.227 79.8159 0
1209 -15.4748 79.8667 0
1210 -11.7666 79.9811 0
1211 -8.12652 80.0319 0
1212 -4.34348 80.0576 0
1213 -0.685037 80.0736 0
1214 2.99726 80.1228 0
1215 6.75518 80.2559 0
1216 10.4316 80.3234 0
1217 14.1204 80.4011 0
1218 17.8587 80.4568 0
1219 21.6058 80.4707 0
1220 25.3048 80.5696 0
1221 28.9569 80.5941 0
1222 32.6897 80.707 0
1223 36.3455 80.7652 0
1224 40.0687 80.8931 0
1225 43.7661 80.931 0
1226 47.4333 81.0658 0
1227 51.1875 81.0902 0
1228 54.8604 81.1839 0
1229 58.5558 81.225 0
1230 62.2463 81.2963 0
1231 65.9389 81.372 0
1232 69.6874 81.3822 0
1233 73.3538 81.4941 0
1234 77.0401 81.4732 0
1235 80.8386 81.559 0
1236 84.7078 81.6215 0
1237 88.345 81.6576 0
1238 91.9844 81.7451 0
1239 95.6468 81.9064 0
1240 99.3938 81.9061 0
1241 103.116 81.9773 0
1242 106.799 82.0968 0
1243 110.506 82.1329 0
1244 114.175 82.209 0
1245 117.915 82.2486 0
1246 121.603 82.3377 0
1247 125.272 82.3177 0
1248 128.976 82.4247 0
1249 -47.1617 82.529 0
1250 -43.4187 82.569 0
1251 -39.8141 82.6103 0
1252 -36.0854 82.6664 0
1253 -32.3155 82.7638 0
1254 -28.6273 82.8114 0
1255 -24.9016 82.9579 0
1256 -21.2355 83.0768 0
1257 -17.5086 83.0494 0
1258 -13.7664 83.1521 0
1259 -10.045 83.2836 0
1260 -6.30742 83.2197 0
1261 -2.67537 83.2852 0
1262 1.0977 83.294 0
1263 4.78683 83.4101 0
1264 8.52631 83.4842 0
1265 12.1982 83.5141 0
1266 15.9301 83.6007 0
1267 19.5981 83.683 0
1268 23.3713 83.7044 0
1269 27.0662 83.781 0
1270 30.7619 83.8327 0
1271 34.4273 83.9497 0
1272 38.1383 83.9899 0
1273 41.8844 84.1406 0
1274 45.5844 84.2216 0
1275 49.2809 84.2556 0
1276 52.9113 84.3683 0
1277 56.5969 84.353 0
1278 60.3503 84.4465 0
1279 64.021 84.5255 0
1280 67.7584 84.574 0
1281 71.4792 84.6872 0
1282 75.1228 84.7088 0
1283 78.9022 84.6726 0
1284 82.6754 84.7355 0
1285 86.3966 84.8891 0
1286 90.0792 84.9224 0
1287 93.7843 85.0422 0
1288 97.4688 85.1158 0
1289 101.129 85.1354 0
1290 104.905 85.2547 0
1291 108.608 85.3673 0
1292 112.251 85.4122 0
1293 116.04 85.412 0
1294 119.687 85.5487 0
1295 123.377 85.6003 0
1296 127.032 85.5872 0
1297 -49.0495 85.6381 0
1298 -45.3308 85.7649 0
1299 -41.6263 85.7465 0
1300 -37.9178 85.8845 0
1301 -34.2753 85.8999 0
1302 -30.514 85.9675 0
1303 -26.84 86.0889 0
1304 -23.1263 86.1944 0
1305 -19.3968 86.221 0
1306 -15.6878 86.2977 0
1307 -11.9451 86.3676 0
1308 -8.24899 86.4104 0
1309 -4.59193 86.4762 0
1310 -0.874375 86.493 0
1311 2.85531 86.55 0
1312 6.52323 86.681 0
1313 10.2609 86.6846 0
1314 13.9919 86.7659 0
1315 17.6872 86.8574 0
1316 21.3872 86.8852 0
1317 25.2004 86.9512 0
1318 28.8405 87.0434 0
1319 32.5764 87.0669 0
1320 36.2375 87.1798 0
1321 39.9173 87.2878 0
1322 43.6266 87.3841 0
1323 47.3377 87.4342 0
1324 51.027 87.5066 0
1325 54.7035 87.5913 0
1326 58.3937 87.5783 0
1327 62.1136 87.6517 0
1328 65.8058 87.7208 0
1329 69.5317 87.8077 0
1330 73.2903 87.9197 0
1331 76.9754 87.8336 0
1332 80.6956 87.8786 0
1333 84.463 88.0075 0
1334 88.1342 88.1311 0
1335 91.8 88.1245 0
1336 95.5651 88.2267 0
1337 99.2135 88.274 0
1338 102.963 88.4271 0
1339 106.722 88.5419 0
1340 110.385 88.6016 0
1341 114.126 88.609 0
1342 117.798 88.7179 0
1343 121.564 88.745 0
1344 125.217 88.8577 0
1345 -50.975 88.8097 0
1346 -47.2811 88.9178 0
1347 -43.4843 88.8965 0
1348 -39.8228 89.0516 0
1349 -36.139 89.1168 0
1350 -32.4204 89.1279 0
1351 -28.8175 89.2723 0
1352 -25.1132 89.3961 0
1353 -21.3369 89.4273 0
1354 -17.6249 89.4844 0
1355 -13.9351 89.5579 0
1356 -10.1759 89.5674 0
1357 -6.51608 89.6574 0
1358 -2.75516 89.6851 0
1359 0.914774 89.6756 0
1360 4.58796 89.8414 0
1361 8.32085 89.8558 0
1362 12.0189 89.9817 0
1363 15.7602 89.9523 0
1364 19.4622 90.062 0
1365 23.1976 90.1087 0
1366 26.9255 90.1688 0
1367 30.6533 90.2111 0
1368 34.3696 90.375 0
1369 38.0185 90.4669 0
1370 41.7081 90.5487 0
1371 45.3891 90.5744 0
1372 49.132 90.652 0
1373 52.8454 90.7462 0
1374 56.5671 90.8365 0
1375 60.2285 90.8389 0
1376 63.9163 90.8891 0
1377 67.6273 90.9118 0
1378 71.2531 91.021 0
1379 75.0386 91.0798 0
1380 78.7781 91.1669 0
1381 82.4674 91.2667 0
1382 86.1915 91.2802 0
1383 89.8937 91.3613 0
1384 93.5537 91.3581 0
1385 97.2698 91.5566 0
1386 101.025 91.5996 0
1387 104.721 91.7293 0
1388 108.392 91.7905 0
1389 112.106 91.8784 0
1390 115.799 91.9277 0
1391 119.572 91.9185 0
1392 123.261 92.0045 0
1393 -52.8651 92.0306 0
1394 -49.1409 92.1066 0
1395 -45.4142 92.1218 0
1396 -41.7575 92.138 0
1397 -38.0368 92.2974 0
1398 -34.3678 92.3278 0
1399 -30.6313 92.5124 0
1400 -26.9548 92.5439 0
1401 -23.2215 92.569 0
1402 -19.5907 92.6583 0
1403 -15.8958 92.7075 0
1404 -12.1806 92.795 0
1405 -8.48544 92.8029 0
1406 -4.74002 92.8482 0
1407 -0.980831 92.861 0
1408 2.70656 92.9928 0
1409 6.37125 93.0625 0
1410 10.0323 93.1181 0
1411 13.7548 93.1875 0
1412 17.432 93.229 0
1413 21.2361 93.2994 0
1414 24.9367 93.2983 0
1415 28.6828 93.4292 0
1416 32.3281 93.4534 0
1417 36.0594 93.598 0
1418 39.8215 93.6839 0
1419 43.4592 93.7351 0
1420 47.2337 93.7826 0
1421 50.8675 93.8675 0
1422 54.6799 94.0113 0
1423 58.4079 94.0864 0
1424 62.0722 94.1127 0
1425 65.7232 94.1531 0
1426 69.372 94.1927 0
1427 73.1607 94.242 0
1428 76.8551 94.2943 0
1429 80.5795 94.416 0
1430 84.246 94.442 0
1431 87.9638 94.5271 0
1432 91.6351 94.5564 0
1433 95.3628 94.708 0
1434 99.039 94.7578 0
1435 102.74 94.8378 0
1436 106.486 94.9586 0
1437 110.123 95.0451 0
1438 113.909 95.0765 0
1439 117.674 95.1571 0
1440 121.337 95.132 0
1441 -54.8484 95.2551 0
1442 -51.0719 95.2382 0
1443 -47.366 95.2857 0
1444 -43.6683 95.4649 0
1445 -39.9914 95.5038 0
1446 -36.2889 95.5796 0
1447 -32.5949 95.644 0
1448 -28.8597 95.709 0
1449 -25.1669 95.8043 0
1450 -21.4589 95.9207 0
1451 -17.7862 95.9304 0
1452 -14.0815 95.9523 0
1453 -10.3853 96.0167 0
1454 -6.69705 96.0433 0
1455 -2.98717 96.0687 0
1456 0.6971 96.1453 0
1457 4.4435 96.2132 0
1458 8.1476 96.2729 0
1459 11.8156 96.3922 0
1460 15.561 96.3751 0
1461 19.2602 96.4376 0
1462 22.9356 96.518 0
1463 26.714 96.6067 0
1464 30.4406 96.6464 0
1465 34.0808 96.7304 0
1466 37.7589 96.7972 0
1467 41.5129 96.9146 0
1468 45.1834 97.0264 0
1469 48.9141 97.0379 0
1470 52.6591 97.1268 0
1471 56.409 97.2282 0
1472 60.121 97.3026 0
1473 63.8484 97.3329 0
1474 67.503 97.3952 0
1475 71.1972 97.4369 0
1476 74.9283 97.4615 0
1477 78.5772 97.5435 0
1478 82.3347 97.5989 0
1479 86.0292 97.7325 0
1480 89.7514 97.7724 0
1481 93.4971 97.79 0
1482 97.1419 97.8623 0
1483 100.809 97.9685 0
1484 104.523 98.0527 0
1485 108.276 98.1377 0
1486 111.952 98.2703 0
1487 115.729 98.3558 0
1488 119.447 98.3886 0
1489 -56.7149 98.4343 0
1490 -53.0086 98.5059 0
1491 -49.3086 98.471 0
1492 -45.6613 98.5813 0
1493 -41.9063 98.7295 0
1494 -38.1905 98.7215 0
1495 -34.542 98.7949 0
1496 -30.834 98.8337 0
1497 -27.1244 98.9678 0
1498 -23.3927 99.0815 0
1499 -19.684 99.157 0
1500 -16.0241 99.1398 0
1501 -12.3473 99.2887 0
1502 -8.59344 99.2714 0
1503 -4.91182 99.2928 0
1504 -1.25378 99.3356 0
1505 2.46264 99.3639 0
1506 6.15823 99.4517 0
1507 9.93244 99.4961 0
1508 13.6249 99.5847 0
1509 17.3355 99.6129 0
1510 21.0807 99.7166 0
1511 24.7496 99.7915 0
1512 28.4956 99.8691 0
1513 32.1643 99.8945 0
1514 35.8953 99.9538 0
1515 39.5753 100.031 0
1516 43.2692 100.173 0
1517 46.9355 100.268 0
1518 50.6648 100.234 0
1519 54.4656 100.31 0
1520 58.1763 100.456 0
1521 61.8949 100.52 0
1522 65.6268 100.562 0
1523 69.3751 100.586 0
1524 73.0389 100.666 0
1525 76.6581 100.704 0
1526 80.3328 100.787 0
1527 84.1449 100.84 0
1528 87.8455 100.901 0
1529 91.5269 100.985 0
1530 95.2305 101.086 0
1531 98.8559 101.133 0
1532 102.613 101.205 0
1533 106.297 101.302 0
1534 110.062 101.446 0
1535 113.782 101.453 0
1536 117.477 101.606 0
1537 -58.6418 101.638 0
1538 -54.9588 101.706 0
1539 -51.2806 101.806 0
1540 -47.6158 101.869 0
1541 -43.9089 101.925 0
1542 -40.1548 101.914 0
1543 -36.4503 101.957 0
1544 -32.7248 102.071 0
1545 -29.0386 102.109 0
1546 -25.3107 102.172 0
1547 -21.6095 102.316 0
1548 -17.9111 102.341 0
1549 -14.1978 102.388 0
1550 -10.5164 102.499 0
1551 -6.79688 102.552 0
1552 -3.13368 102.563 0
1553 0.529739 102.544 0
1554 4.2347 102.608 0
1555 8.02497 102.712 0
1556 11.6768 102.773 0
1557 15.3687 102.83 0
1558 19.1491 102.92 0
1559 22.7818 103.006 0
1560 26.5432 103.045 0
1561 30.2487 103.069 0
1562 33.8873 103.096 0
1563 37.6053 103.197 0
1564 41.2782 103.336 0
1565 45.0073 103.415 0
1566 48.7105 103.422 0
1567 52.462 103.468 0
1568 56.2303 103.566 0
1569 59.9031 103.658 0
1570 63.5722 103.79 0
1571 67.3572 103.725 0
1572 71.0763 103.824 0
1573 74.8017 103.894 0
1574 78.4813 103.901 0
1575 82.1673 104.066 0
1576 85.8249 104.116 0
1577 89.5747 104.133 0
1578 93.3048 104.282 0
1579 96.9707 104.321 0
1580 100.64 104.386 0
1581 104.379 104.434 0
1582 108.044 104.51 0
1583 111.807 104.679 0
1584 115.434 104.767 0
1585 -60.6218 104.795 0
1586 -56.9177 104.821 0
1587 -53.2476 104.996 0
1588 -49.5433 105.01 0
1589 -45.8514 105.119 0
1590 -42.1582 105.09 0
1591 -38.4832 105.224 0
1592 -34.7445 105.174 0
1593 -30.9589 105.304 0
1594 -27.175 105.36 0
1595 -23.5042 105.433 0
1596 -19.8571 105.554 0
1597 -16.1476 105.578 0
1598 -12.4432 105.67 0
1599 -8.78931 105.692 0
1600 -5.11435 105.796 0
1601 -1.31604 105.776 0
1602 2.33519 105.789 0
1603 6.03852 105.844 0
1604 9.76376 105.946 0
1605 13.4453 105.981 0
1606 17.2123 106.057 0
1607 20.8832 106.154 0
1608 24.6161 106.221 0
1609 28.3579 106.248 0
1610 32.0254 106.308 0
1611 35.6847 106.392 0
1612 39.3732 106.483 0
1613 43.0748 106.58 0
1614 46.8898 106.626 0
1615 50.5692 106.625 0
1616 54.2409 106.683 0
1617 57.9622 106.809 0
1618 61.6825 106.94 0
1619 65.3393 107.017 0
1620 69.0655 107.014 0
1621 72.816 107.019 0
1622 76.5294 107.115 0
1623 80.2477 107.273 0
1624 83.9442 107.356 0
1625 87.6036 107.319 0
1626 91.3272 107.371 0
1627 95.111 107.476 0
1628 98.6954 107.54 0
1629 102.403 107.599 0
1630 106.16 107.692 0
1631 109.826 107.777 0
1632 113.587 107.88 0
1633 -62.5225 107.95 0
1634 -58.868 107.99 0
1635 -55.1693 108.134 0
1636 -51.482 108.264 0
1637 -47.7593 108.304 0
1638 -44.0992 108.398 0
1639 -40.401 108.452 0
1640 -36.7092 108.452 0
1641 -33.0097 108.436 0
1642 -29.157 108.533 0
1643 -25.4735 108.566 0
1644 -21.8217 108.741 0
1645 -18.082 108.772 0
1646 -14.4068 108.802 0
1647 -10.7846 108.876 0
1648 -7.08572 108.967 0
1649 -3.30411 109.023 0
1650 0.390791 109.132 0
1651 4.04474 109.058 0
1652 7.81277 109.105 0
1653 11.5192 109.19 0
1654 15.2237 109.195 0
1655 18.9502 109.277 0
1656 22.7007 109.368 0
1657 26.4642 109.475 0
1658 30.1337 109.464 0
1659 33.7756 109.631 0
1660 37.4561 109.694 0
1661 41.133 109.743 0
1662 44.9581 109.776 0
1663 48.6925 109.772 0
1664 52.343 109.859 0
1665 55.9731 109.963 0
1666 59.7018 110.066 0
1667 63.4188 110.132 0
1668 67.1193 110.239 0
1669 70.8737 110.233 0
1670 74.5661 110.286 0
1671 78.221 110.439 0
1672 81.9829 110.513 0
1673 85.649 110.603 0
1674 89.4185 110.623 0
1675 93.1005 110.626 0
1676 96.8492 110.7 0
1677 100.46 110.772 0
1678 104.162 110.854 0
1679 107.971 110.974 0
1680 111.63 111.037 0
1681 -64.4392 111.105 0
1682 -60.7514 111.239 0
1683 -57.0311 111.265 0
1684 -53.3826 111.364 0
1685 -49.6745 111.482 0
1686 -45.965 111.657 0
1687 -42.3028 111.599 0
1688 -38.5696 111.659 0
1689 -34.8903 111.608 0
1690 -31.1497 111.711 0
1691 -27.417 111.8 0
1692 -23.7316 111.849 0
1693 -20.0147 111.94 0
1694 -16.3194 112.025 0
1695 -12.6844 112.049 0
1696 -8.97222 112.121 0
1697 -5.22653 112.187 0
1698 -1.53115 112.289 0
1699 2.22311 112.3 0
1700 5.8624 112.298 0
1701 9.63574 112.292 0
1702 13.33 112.452 0
1703 16.9949 112.493 0
1704 20.7096 112.468 0
1705 24.44 112.657 0
1706 28.1474 112.756 0
1707 31.8243 112.782 0
1708 35.4609 112.9 0
1709 39.1503 112.928 0
1710 42.8301 112.953 0
1711 46.6106 113.036 0
1712 50.4093 113.09 0
1713 54.0658 113.161 0
1714 57.7003 113.186 0
1715 61.466 113.308 0
1716 65.1322 113.387 0
1717 68.9755 113.473 0
1718 72.6587 113.544 0
1719 76.2934 113.585 0
1720 79.9837 113.669 0
1721 83.7085 113.726 0
1722 87.4428 113.851 0
1723 91.1424 113.837 0
1724 94.8287 113.908 0
1725 98.5223 113.998 0
1726 102.198 114.094 0
1727 105.989 114.12 0
1728 109.745 114.181 0
1729 -66.3801 114.215 0
1730 -62.7107 114.403 0
1731 -59.004 114.49 0
1732 -55.3316 114.514 0
1733 -51.639 114.638 0
1734 -47.8958 114.749 0
1735 -44.1663 114.868 0
1736 -40.4911 114.867 0
1737 -36.7363 114.872 0
1738 -33.1065 114.829 0
1739 -29.381 114.913 0
1740 -25.5769 114.996 0
1741 -21.918 115.112 0
1742 -18.2274 115.152 0
1743 -14.5772 115.241 0
1744 -10.9362 115.306 0
1745 -7.19253 115.333 0
1746 -3.4111 115.453 0
1747 0.250449 115.497 0
1748 3.96038 115.529 0
1749 7.63195 115.506 0
1750 11.4001 115.61 0
1751 15.1434 115.721 0
1752 18.7617 115.774 0
1753 22.4728 115.844 0
1754 26.1737 115.918 0
1755 29.8759 116 0
1756 33.5191 116.025 0
1757 37.2097 116.117 0
1758 40.8468 116.127 0
1759 44.6614 116.216 0
1760 48.4154 116.231 0
1761 52.1484 116.301 0
1762 55.8429 116.339 0
1763 59.5 116.427 0
1764 63.2358 116.566 0
1765 66.9862 116.627 0
1766 70.6599 116.71 0
1767 74.3879 116.79 0
1768 78.0466 116.778 0
1769 81.7205 116.867 0
1770 85.4873 116.976 0
1771 89.2141 117.059 0
1772 92.8581 117.101 0
1773 96.574 117.211 0
1774 100.227 117.195 0
1775 104.054 117.285 0
1776 107.735 117.321 0
1777 -68.3267 117.389 0
1778 -64.6077 117.494 0
1779 -60.9381 117.637 0
1780 -57.2359 117.681 0
1781 -53.56 117.748 0
1782 -49.8336 117.885 0
1783 -46.1488 117.946 0
1784 -42.4617 118.021 0
1785 -38.7244 118.06 0
1786 -34.935 118.065 0
1787 -31.2218 118.081 0
1788 -27.5735 118.183 0
1789 -23.8364 118.269 0
1790 -20.1881 118.353 0
1791 -16.5255 118.453 0
1792 -12.799 118.479 0
1793 -8.98999 118.551 0
1794 -5.34839 118.598 0
1795 -1.71305 118.754 0
1796 2.0503 118.665 0
1797 5.73391 118.77 0
1798 9.44511 118.822 0
1799 13.1356 118.901 0
1800 16.8097 119.013 0
1801 20.4764 118.991 0
1802 24.1924 119.092 0
1803 27.8409 119.201 0
1804 31.6489 119.189 0
1805 35.2813 119.307 0
1806 39.0141 119.304 0
1807 42.7902 119.312 0
1808 46.4744 119.471 0
1809 50.2013 119.51 0
1810 54.0169 119.592 0
1811 57.6281 119.604 0
1812 61.3556 119.652 0
1813 65.049 119.771 0
1814 68.7838 119.805 0
1815 72.4749 119.907 0
1816 76.1498 119.949 0
1817 79.8922 120.09 0
1818 83.5423 120.174 0
1819 87.2108 120.281 0
1820 90.9193 120.389 0
1821 94.6104 120.337 0
1822 98.35 120.451 0
1823 102.093 120.564 0
1824 105.809 120.508 0
1825 -70.339 120.572 0
1826 -66.5168 120.722 0
1827 -62.8373 120.758 0
1828 -59.2087 120.842 0
1829 -55.4703 120.925 0
1830 -51.8107 120.972 0
1831 -48.1022 121.047 0
1832 -44.3352 121.204 0
1833 -40.687 121.234 0
1834 -36.947 121.304 0
1835 -33.2456 121.401 0
1836 -29.4987 121.433 0
1837 -25.7751 121.448 0
1838 -22.0655 121.577 0
1839 -18.3862 121.632 0
1840 -14.7091 121.679 0
1841 -10.9406 121.693 0
1842 -7.25668 121.725 0
1843 -3.55548 121.883 0
1844 0.156537 121.959 0
1845 3.81534 121.949 0
1846 7.47085 122 0
1847 11.1685 122.071 0
1848 14.8905 122.137 0
1849 18.6139 122.228 0
1850 22.2935 122.232 0
1851 26.0018 122.338 0
1852 29.661 122.38 0
1853 33.3826 122.44 0
1854 37.0615 122.482 0
1855 40.8422 122.524 0
1856 44.5819 122.624 0
1857 48.3341 122.648 0
1858 52.0932 122.709 0
1859 55.7627 122.778 0
1860 59.3975 122.78 0
1861 63.1253 122.955 0
1862 66.893 123.043 0
1863 70.5214 123.041 0
1864 74.2562 123.173 0
1865 77.989 123.193 0
1866 81.675 123.335 0
1867 85.2918 123.344 0
1868 88.9588 123.51 0
1869 92.7297 123.542 0
1870 96.3917 123.555 0
1871 100.162 123.729 0
1872 103.872 123.812 0
1873 -72.2343 123.831 0
1874 -68.5686 123.872 0
1875 -64.8028 123.998 0
1876 -61.1362 123.997 0
1877 -57.4187 124.129 0
1878 -53.729 124.147 0
1879 -50.0431 124.197 0
1880 -46.2646 124.338 0
1881 -42.5722 124.437 0
1882 -38.8522 124.494 0
1883 -35.1524 124.62 0
1884 -31.4024 124.605 0
1885 -27.7236 124.69 0
1886 -24.0098 124.679 0
1887 -20.2416 124.86 0
1888 -16.5908 124.921 0
1889 -12.8397 124.908 0
1890 -9.18276 124.952 0
1891 -5.56109 125.035 0
1892 -1.81451 125.161 0
1893 1.89042 125.22 0
1894 5.52328 125.231 0
1895 9.16487 125.288 0
1896 12.9811 125.25 0
1897 16.7225 125.396 0
1898 20.4017 125.474 0
1899 24.0597 125.51 0
1900 27.7963 125.638 0
1901 31.4888 125.648 0
1902 35.1468 125.66 0
1903 38.9082 125.642 0
1904 42.5867 125.776 0
1905 46.3949 125.817 0
1906 50.1434 125.955 0
1907 53.8602 125.98 0
1908 57.545 125.975 0
1909 61.2134 126.057 0
1910 64.9394 126.242 0
1911 68.6036 126.298 0
1912 72.2383 126.307 0
1913 75.9681 126.434 0
1914 79.7701 126.456 0
1915 83.4017 126.571 0
1916 87.0182 126.731 0
1917 90.7246 126.687 0
1918 94.4573 126.819 0
1919 98.1568 126.82 0
1920 101.926 126.919 0
1921 -74.1689 126.901 0
1922 -70.4552 127.131 0
1923 -66.7112 127.096 0
1924 -63.0143 127.235 0
1925 -59.3272 127.319 0
1926 -55.6119 127.351 0
1927 -51.9104 127.323 0
1928 -48.161 127.566 0
1929 -44.5246 127.642 0
1930 -40.8196 127.627 0
1931 -37.0859 127.732 0
1932 -33.3604 127.84 0
1933 -29.7128 127.875 0
1934 -26.0291 127.997 0
1935 -22.3197 128.038 0
1936 -18.5959 128.142 0
1937 -14.8457 128.131 0
1938 -11.1667 128.179 0
1939 -7.49101 128.239 0
1940 -3.81897 128.245 0
1941 -0.118865 128.453 0
1942 3.61757 128.558 0
1943 7.32732 128.481 0
1944 11.0498 128.444 0
1945 14.8044 128.538 0
1946 18.4558 128.65 0
1947 22.1706 128.724 0
1948 25.8299 128.771 0
1949 29.53 128.804 0
1950 33.2138 128.874 0
1951 36.9583 128.834 0
1952 40.6626 128.931 0
1953 44.4166 128.985 0
1954 48.1232 129.078 0
1955 51.8841 129.218 0
1956 55.6002 129.294 0
1957 59.2883 129.213 0
1958 62.9599 129.341 0
1959 66.6807 129.46 0
1960 70.3264 129.5 0
1961 73.9809 129.591 0
1962 77.7301 129.65 0
1963 81.3623 129.71 0
1964 85.054 129.841 0
1965 88.8788 129.895 0
1966 92.5268 129.936 0
1967 96.2368 129.986 0
1968 100.032 130.037 0
1969 -76.0391 130.119 0
1970 -72.3676 130.204 0
1971 -68.671 130.298 0
1972 -64.9151 130.405 0
1973 -61.2248 130.485 0
1974 -57.4654 130.556 0
1975 -53.8253 130.55 0
1976 -50.1532 130.68 0
1977 -46.3873 130.804 0
1978 -42.6893 130.95 0
1979 -39.0441 130.937 0
1980 -35.2743 130.979 0
1981 -31.6075 131.069 0
1982 -27.9582 131.099 0
1983 -24.279 131.17 0
1984 -20.4997 131.306 0
1985 -16.8179 131.307 0
1986 -13.1249 131.374 0
1987 -9.45681 131.429 0
1988 -5.80171 131.494 0
1989 -2.05578 131.589 0
1990 1.65662 131.662 0
1991 5.41652 131.745 0
1992 9.14946 131.724 0
1993 12.7945 131.714 0
1994 16.501 131.837 0
1995 20.1932 131.856 0
1996 23.9714 131.938 0
1997 27.6089 131.977 0
1998 31.3887 132.134 0
1999 35.0652 132.098 0
2000 38.7209 132.112 0
2001 42.4289 132.207 0
2002 46.1526 132.225 0
2003 49.8699 132.29 0
2004 53.6868 132.466 0
2005 57.3836 132.574 0
2006 61.0941 132.547 0
2007 64.7836 132.597 0
2008 68.4919 132.726 0
2009 72.1057 132.718 0
2010 75.9037 132.863 0
2011 79.5595 132.899 0
2012 83.2276 132.968 0
2013 86.8935 132.989 0
2014 90.663 133.125 0
2015 94.3386 133.18 0
2016 98.0519 133.223 0
2017 -78.0294 133.274 0
2018 -74.2738 133.392 0
2019 -70.6727 133.462 0
2020 -66.9007 133.481 0
2021 -63.2079 133.62 0
2022 -59.437 133.675 0
2023 -55.7373 133.809 0
2024 -52.0591 133.875 0
2025 -48.3608 133.886 0
2026 -44.5658 134.088 0
2027 -40.8812 134.117 0
2028 -37.234 134.159 0
2029 -33.5307 134.238 0
2030 -29.8766 134.333 0
2031 -26.1957 134.447 0
2032 -22.4257 134.464 0
2033 -18.7214 134.503 0
2034 -15.0777 134.609 0
2035 -11.4045 134.64 0
2036 -7.73946 134.692 0
2037 -4.11493 134.739 0
2038 -0.284464 134.828 0
2039 3.48753 134.917 0
2040 7.13966 134.906 0
2041 10.8871 134.981 0
2042 14.5781 135.044 0
2043 18.3259 135.084 0
2044 22.0151 135.105 0
2045 25.7379 135.157 0
2046 29.4023 135.223 0
2047 33.1524 135.29 0
2048 36.9096 135.356 0
2049 40.5315 135.394 0
2050 44.2565 135.452 0
2051 47.9954 135.559 0
2052 51.6818 135.585 0
2053 55.418 135.743 0
2054 59.1417 135.79 0
2055 62.8283 135.823 0
2056 66.5274 135.886 0
2057 70.2934 135.913 0
2058 73.9795 136.03 0
2059 77.6618 136.101 0
2060 81.3023 136.131 0
2061 84.9955 136.151 0
2062 88.7224 136.237 0
2063 92.4729 136.381 0
2064 96.0808 136.376 0
2065 -80.0065 136.446 0
2066 -76.222 136.528 0
2067 -72.5533 136.59 0
2068 -68.8911 136.701 0
2069 -65.2123 136.781 0
2070 -61.4099 136.884 0
2071 -57.7073 136.952 0
2072 -54.0236 137.111 0
2073 -50.2484 137.093 0
2074 -46.4896 137.193 0
2075 -42.8502 137.342 0
2076 -39.0942 137.391 0
2077 -35.4577 137.48 0
2078 -31.8155 137.503 0
2079 -28.1046 137.568 0
2080 -24.3581 137.673 0
2081 -20.7321 137.713 0
2082 -16.9797 137.794 0
2083 -13.313 137.86 0
2084 -9.62895 137.964 0
2085 -5.99147 137.957 0
2086 -2.22777 137.984 0
2087 1.50993 138.019 0
2088 5.29878 138.088 0
2089 8.94533 138.117 0
2090 12.6545 138.198 0
2091 16.3492 138.289 0
2092 20.1054 138.26 0
2093 23.7545 138.344 0
2094 27.5061 138.39 0
2095 31.2153 138.453 0
2096 34.9432 138.542 0
2097 38.6881 138.604 0
2098 42.36 138.646 0
2099 46.0534 138.727 0
2100 49.7665 138.813 0
2101 53.4852 138.856 0
2102 57.2213 139.025 0
2103 60.9117 139.048 0
2104 64.5693 139.074 0
2105 68.2345 139.042 0
2106 71.9975 139.218 0
2107 75.7111 139.278 0
2108 79.4153 139.381 0
2109 83.127 139.293 0
2110 86.7537 139.407 0
2111 90.4741 139.49 0
2112 94.1927 139.557 0
2113 -81.9408 139.6 0
2114 -78.2411 139.721 0
2115 -74.4976 139.79 0
2116 -70.8207 139.85 0
2117 -67.1314 139.971 0
2118 -63.4363 140.069 0
2119 -59.7205 140.136 0
2120 -56.0293 140.246 0
2121 -52.2871 140.374 0
2122 -48.542 140.374 0
2123 -44.7981 140.518 0
2124 -41.021 140.571 0
2125 -37.3691 140.652 0
2126 -33.712 140.728 0
2127 -30.0186 140.696 0
2128 -26.3421 140.864 0
2129 -22.6238 140.942 0
2130 -18.9336 140.947 0
2131 -15.2864 141.089 0
2132 -11.5751 141.181 0
2133 -7.82251 141.127 0
2134 -4.16938 141.232 0
2135 -0.420803 141.211 0
2136 3.33482 141.286 0
2137 7.06704 141.297 0
2138 10.7062 141.333 0
2139 14.4206 141.503 0
2140 18.0493 141.523 0
2141 21.8455 141.502 0
2142 25.5479 141.603 0
2143 29.294 141.666 0
2144 33.006 141.723 0
2145 36.7394 141.733 0
2146 40.4662 141.818 0
2147 44.1561 141.883 0
2148 47.8046 141.954 0
2149 51.5345 142.096 0
2150 55.2819 142.181 0
2151 58.8769 142.303 0
2152 62.6566 142.3 0
2153 66.3902 142.25 0
2154 70.0513 142.39 0
2155 73.7499 142.419 0
2156 77.4783 142.57 0
2157 81.2063 142.544 0
2158 84.8304 142.583 0
2159 88.5491 142.649 0
2160 92.2096 142.729 0
2161 -83.8843 142.849 0
2162 -80.2024 142.93 0
2163 -76.4671 142.946 0
2164 -72.7796 143.044 0
2165 -69.0708 143.167 0
2166 -65.405 143.294 0
2167 -61.6182 143.352 0
2168 -57.9604 143.377 0
2169 -54.2007 143.529 0
2170 -50.4537 143.605 0
2171 -46.7494 143.655 0
2172 -43.0383 143.756 0
2173 -39.3134 143.857 0
2174 -35.6745 143.928 0
2175 -31.9302 143.942 0
2176 -28.3058 144.031 0
2177 -24.5754 144.085 0
2178 -20.8706 144.173 0
2179 -17.2034 144.287 0
2180 -13.5497 144.403 0
2181 -9.81842 144.408 0
2182 -6.05843 144.381 0
2183 -2.35147 144.431 0
2184 1.32103 144.491 0
2185 5.07088 144.577 0
2186 8.76229 144.564 0
2187 12.4802 144.661 0
2188 16.1541 144.696 0
2189 19.8632 144.709 0
2190 23.6561 144.786 0
2191 27.3717 144.827 0
2192 31.0683 144.862 0
2193 34.8486 144.902 0
2194 38.5296 144.996 0
2195 42.217 145.095 0
2196 45.9027 145.141 0
2197 49.573 145.239 0
2198 53.2394 145.364 0
2199 56.9243 145.474 0
2200 60.6388 145.48 0
2201 64.4432 145.517 0
2202 68.1291 145.521 0
2203 71.8208 145.65 0
2204 75.4956 145.693 0
2205 79.2327 145.722 0
2206 82.9264 145.783 0
2207 86.6021 145.793 0
2208 90.361 145.875 0
2209 -85.7608 146.038 0
2210 -82.1585 146.077 0
2211 -78.4169 146.083 0
2212 -74.6487 146.234 0
2213 -71.0123 146.309 0
2214 -67.3273 146.383 0
2215 -63.6234 146.418 0
2216 -59.8456 146.505 0
2217 -56.1578 146.66 0
2218 -52.4131 146.754 0
2219 -48.657 146.827 0
2220 -44.9668 146.874 0
2221 -41.2889 147.045 0
2222 -37.5667 147.086 0
2223 -33.9155 147.123 0
2224 -30.1858 147.265 0
2225 -26.5538 147.282 0
2226 -22.8599 147.296 0
2227 -19.1117 147.373 0
2228 -15.479 147.472 0
2229 -11.7792 147.562 0
2230 -8.01578 147.561 0
2231 -4.32368 147.573 0
2232 -0.597193 147.635 0
2233 3.12213 147.756 0
2234 6.85665 147.776 0
2235 10.588 147.822 0
2236 14.2319 147.898 0
2237 17.958 147.914 0
2238 21.7598 147.987 0
2239 25.4339 147.986 0
2240 29.1271 148.12 0
2241 32.8107 148.226 0
2242 36.6256 148.267 0
2243 40.272 148.32 0
2244 43.9497 148.329 0
2245 47.6457 148.401 0
2246 51.3411 148.532 0
2247 54.9791 148.602 0
2248 58.7505 148.652 0
2249 62.5397 148.746 0
2250 66.2536 148.669 0
2251 69.9374 148.745 0
2252 73.6591 148.875 0
2253 77.3198 148.924 0
2254 81.053 149.004 0
2255 84.7432 148.985 0
2256 88.4332 149.031 0
2257 -87.6705 149.188 0
2258 -83.991 149.302 0
2259 -80.3246 149.285 0
2260 -76.6154 149.415 0
2261 -72.8601 149.425 0
2262 -69.1835 149.533 0
2263 -65.5127 149.552 0
2264 -61.8658 149.65 0
2265 -58.1301 149.79 0
2266 -54.3996 149.866 0
2267 -50.6912 149.983 0
2268 -46.9096 149.97 0
2269 -43.248 150.139 0
2270 -39.527 150.196 0
2271 -35.8406 150.336 0
2272 -32.1543 150.448 0
2273 -28.462 150.484 0
2274 -24.7741 150.492 0
2275 -21.0971 150.548 0
2276 -17.3967 150.554 0
2277 -13.6893 150.677 0
2278 -9.95186 150.746 0
2279 -6.21301 150.801 0
2280 -2.51617 150.783 0
2281 1.16278 150.921 0
2282 4.87448 150.941 0
2283 8.62324 150.95 0
2284 12.3118 151.029 0
2285 16.0118 151.111 0
2286 19.7287 151.161 0
2287 23.459 151.174 0
2288 27.1193 151.294 0
2289 30.8465 151.349 0
2290 34.587 151.427 0
2291 38.3228 151.55 0
2292 42.0554 151.482 0
2293 45.7186 151.545 0
2294 49.5113 151.7 0
2295 53.178 151.769 0
2296 56.8878 151.858 0
2297 60.629 151.894 0
2298 64.3231 151.865 0
2299 67.9973 151.94 0
2300 71.6899 152.02 0
2301 75.4499 152.115 0
2302 79.1221 152.209 0
2303 82.8531 152.17 0
2304 86.5283 152.183 0
2305 -89.5987 152.309 0
2306 -85.9505 152.375 0
2307 -82.2163 152.548 0
2308 -78.5561 152.53 0
2309 -74.7991 152.594 0
2310 -71.1248 152.704 0
2311 -67.4681 152.849 0
2312 -63.7382 152.766 0
2313 -60.0667 152.956 0
2314 -56.338 152.93 0
2315 -52.6138 153.117 0
2316 -48.8679 153.212 0
2317 -45.1816 153.296 0
2318 -41.4632 153.428 0
2319 -37.7479 153.56 0
2320 -34.1134 153.606 0
2321 -30.4481 153.599 0
2322 -26.6451 153.694 0
2323 -22.9732 153.785 0
2324 -19.304 153.817 0
2325 -15.6297 153.749 0
2326 -11.9666 153.867 0
2327 -8.21906 153.968 0
2328 -4.45076 153.969 0
2329 -0.72776 154.025 0
2330 2.95133 154.082 0
2331 6.6643 154.168 0
2332 10.3486 154.193 0
2333 14.1017 154.267 0
2334 17.8058 154.363 0
2335 21.5219 154.346 0
2336 25.241 154.483 0
2337 28.9422 154.501 0
2338 32.6799 154.594 0
2339 36.4155 154.711 0
2340 40.1783 154.742 0
2341 43.8105 154.67 0
2342 47.5432 154.832 0
2343 51.2331 154.954 0
2344 54.9167 155.009 0
2345 58.7565 155.102 0
2346 62.4593 155.17 0
2347 66.1043 155.133 0
2348 69.8055 155.267 0
2349 73.555 155.321 0
2350 77.2036 155.371 0
2351 80.9045 155.376 0
2352 84.6734 155.422 0
2353 -91.4753 155.481 0
2354 -87.8246 155.492 0
2355 -84.1573 155.658 0
2356 -80.4242 155.698 0
2357 -76.7843 155.744 0
2358 -73.0645 155.928 0
2359 -69.3314 156.016 0
2360 -65.6243 156.064 0
2361 -62.0144 156.093 0
2362 -58.2621 156.192 0
2363 -54.5562 156.286 0
2364 -50.8345 156.319 0
2365 -47.0895 156.42 0
2366 -43.4245 156.526 0
2367 -39.7375 156.646 0
2368 -36.0063 156.769 0
2369 -32.395 156.822 0
2370 -28.6239 156.831 0
2371 -24.9653 156.916 0
2372 -21.2455 156.931 0
2373 -17.5354 157.003 0
2374 -13.8976 157.044 0
2375 -10.1782 157.095 0
2376 -6.3792 157.141 0
2377 -2.60327 157.229 0
2378 1.06067 157.313 0
2379 4.76263 157.25 0
2380 8.41385 157.407 0
2381 12.1355 157.512 0
2382 15.932 157.537 0
2383 19.6429 157.499 0
2384 23.3629 157.681 0
2385 27.0612 157.691 0
2386 30.7175 157.788 0
2387 34.5141 157.882 0
2388 38.193 157.868 0
2389 41.9567 157.918 0
2390 45.6172 157.967 0
2391 49.3109 158.103 0
2392 53.0183 158.142 0
2393 56.7294 158.227 0
2394 60.4519 158.274 0
2395 64.2097 158.309 0
2396 67.812 158.465 0
2397 71.5122 158.559 0
2398 75.3409 158.551 0
2399 79.029 158.6 0
2400 82.7193 158.589 0
2401 -93.3516 158.626 0
2402 -89.6856 158.767 0
2403 -86.0133 158.825 0
2404 -82.3142 158.891 0
2405 -78.6758 158.986 0
2406 -74.985 159.019 0
2407 -71.2441 159.157 0
2408 -67.5578 159.161 0
2409 -63.8886 159.246 0
2410 -60.2026 159.33 0
2411 -56.4747 159.462 0
2412 -52.7573 159.466 0
2413 -49.061 159.563 0
2414 -45.3727 159.649 0
2415 -41.7399 159.787 0
2416 -37.9891 159.91 0
2417 -34.2876 159.995 0
2418 -30.6031 160.021 0
2419 -26.9035 160.056 0
2420 -23.1811 160.078 0
2421 -19.5074 160.155 0
2422 -15.7533 160.261 0
2423 -12.0735 160.312 0
2424 -8.35313 160.373 0
2425 -4.56338 160.373 0
2426 -0.881086 160.507 0
2427 2.86465 160.614 0
2428 6.51653 160.611 0
2429 10.235 160.653 0
2430 13.9745 160.7 0
2431 17.7316 160.796 0
2432 21.4129 160.841 0
2433 25.1112 160.873 0
2434 28.8303 160.909 0
2435 32.5474 161.022 0
2436 36.2582 161.091 0
2437 39.95 161.136 0
2438 43.6227 161.232 0
2439 47.375 161.287 0
2440 51.0886 161.463 0
2441 54.8642 161.354 0
2442 58.5376 161.442 0
2443 62.1879 161.504 0
2444 65.8955 161.565 0
2445 69.6286 161.666 0
2446 73.3421 161.792 0
2447 77.0832 161.807 0
2448 80.8807 161.84 0
2449 -95.2171 161.824 0
2450 -91.5933 161.988 0
2451 -87.8549 161.98 0
2452 -84.1973 162.097 0
2453 -80.5516 162.16 0
2454 -76.8443 162.287 0
2455 -73.1429 162.289 0
2456 -69.4966 162.393 0
2457 -65.8083 162.423 0
2458 -62.1354 162.503 0
2459 -58.39 162.538 0
2460 -54.6307 162.614 0
2461 -51.0262 162.677 0
2462 -47.3721 162.84 0
2463 -43.638 162.968 0
2464 -39.9264 163.074 0
2465 -36.1704 163.136 0
2466 -32.5184 163.201 0
2467 -28.8514 163.291 0
2468 -25.136 163.256 0
2469 -21.431 163.326 0
2470 -17.7065 163.418 0
2471 -13.9728 163.549 0
2472 -10.2558 163.567 0
2473 -6.47146 163.62 0
2474 -2.83206 163.693 0
2475 0.923187 163.79 0
2476 4.58647 163.872 0
2477 8.35883 163.84 0
2478 12.0274 163.941 0
2479 15.8202 163.942 0
2480 19.5325 163.948 0
2481 23.1902 164.002 0
2482 26.8437 164.073 0
2483 30.5267 164.16 0
2484 34.2647 164.236 0
2485 37.9777 164.285 0
2486 41.66 164.4 0
2487 45.4119 164.469 0
2488 49.1576 164.583 0
2489 52.8153 164.676 0
2490 56.6255 164.613 0
2491 60.2712 164.744 0
2492 64.0165 164.757 0
2493 67.6515 164.76 0
2494 71.4229 164.886 0
2495 75.1668 165.011 0
2496 78.8937 165.115 0
