# Time-averaged data for fix 3
# TimeStep Number-of-rows
# Row c_center[1] c_center[2] c_center[3]
10000 2496
1 3.10819 -0.107043 0
2 6.88988 -0.082605 0
3 10.611 0.0929112 0
4 14.3225 0.160461 0
5 18.0103 0.220199 0
6 21.7146 0.249821 0
7 25.3641 0.374605 0
8 29.1183 0.452994 0
9 32.8097 0.49324 0
10 36.4689 0.54806 0
11 40.0989 0.59021 0
12 43.8271 0.727345 0
13 47.5338 0.729424 0
14 51.246 0.746335 0
15 54.9261 0.867698 0
16 58.6812 0.922182 0
17 62.4734 1.05063 0
18 66.199 1.08262 0
19 69.8268 1.16211 0
20 73.5115 1.19543 0
21 77.2164 1.16516 0
22 80.8886 1.25461 0
23 84.5912 1.36143 0
24 88.3348 1.44347 0
25 92.0076 1.52248 0
26 95.6611 1.64946 0
27 99.4346 1.64735 0
28 103.098 1.66729 0
29 106.786 1.79681 0
30 110.553 1.76988 0
31 114.218 1.83836 0
32 117.928 1.94315 0
33 121.728 2.0095 0
34 125.394 2.07913 0
35 129.091 2.07096 0
36 132.794 2.16706 0
37 136.513 2.25308 0
38 140.24 2.44264 0
39 143.969 2.4366 0
40 147.596 2.41506 0
41 151.304 2.50389 0
42 154.931 2.64471 0
43 158.714 2.68202 0
44 162.43 2.73694 0
45 166.152 2.81945 0
46 169.883 2.84101 0
47 173.601 3.02327 0
48 177.255 3.04101 0
49 1.26594 3.07807 0
50 4.88183 3.11659 0
51 8.6355 3.1807 0
52 12.3107 3.27197 0
53 16.049 3.36513 0
54 19.8053 3.41294 0
55 23.415 3.51454 0
56 27.1757 3.59259 0
57 30.8578 3.69862 0
58 34.6021 3.70435 0
59 38.2573 3.74041 0
60 41.9568 3.8862 0
61 45.6173 3.96301 0
62 49.3183 3.93767 0
63 53.0123 4.005 0
64 56.7394 4.13073 0
65 60.4881 4.19288 0
66 64.1955 4.25182 0
67 67.8958 4.32389 0
68 71.5679 4.45885 0
69 75.2702 4.50576 0
70 79.0113 4.40569 0
71 82.6704 4.53595 0
72 86.3542 4.61748 0
73 90.1063 4.75492 0
74 93.8579 4.75128 0
75 97.4952 4.82391 0
76 101.197 4.90137 0
77 104.897 4.90942 0
78 108.731 4.95793 0
79 112.276 4.96272 0
80 116.013 5.04233 0
81 119.732 5.17495 0
82 123.459 5.29584 0
83 127.181 5.2716 0
84 130.867 5.32246 0
85 134.548 5.40953 0
86 138.256 5.51226 0
87 141.99 5.61192 0
88 145.718 5.70668 0
89 149.374 5.75023 0
90 153.022 5.79994 0
91 156.803 5.85429 0
92 160.517 5.91624 0
93 164.186 5.98475 0
94 167.945 6.05571 0
95 171.628 6.15647 0
96 175.404 6.25426 0
97 -0.602627 6.22659 0
98 3.03323 6.28626 0
99 6.68591 6.30429 0
100 10.3871 6.46637 0
101 14.056 6.46281 0
102 17.7656 6.61647 0
103 21.4712 6.70659 0
104 25.1856 6.80162 0
105 28.9214 6.85312 0
106 32.6107 6.97664 0
107 36.3055 6.98459 0
108 40.0298 7.05316 0
109 43.7027 7.13338 0
110 47.4048 7.2004 0
111 51.1382 7.17288 0
112 54.8665 7.27663 0
113 58.5873 7.35541 0
114 62.2026 7.3776 0
115 65.968 7.44949 0
116 69.6153 7.56306 0
117 73.2987 7.67973 0
118 77.0965 7.70138 0
119 80.7625 7.68794 0
120 84.4505 7.77259 0
121 88.1525 7.83264 0
122 91.887 7.95939 0
123 95.6284 7.98148 0
124 99.309 8.02886 0
125 103.008 8.07627 0
126 106.682 8.16017 0
127 110.389 8.29638 0
128 114.111 8.26436 0
129 117.823 8.32777 0
130 121.496 8.40136 0
131 125.215 8.56211 0
132 128.912 8.52984 0
133 132.616 8.5959 0
134 136.359 8.71861 0
135 140.056 8.76612 0
136 143.738 8.76147 0
137 147.498 8.94327 0
138 151.126 8.98368 0
139 154.868 9.0516 0
140 158.623 9.14917 0
141 162.27 9.19 0
142 165.974 9.20281 0
143 169.711 9.35741 0
144 173.436 9.40988 0
145 -2.53392 9.42048 0
146 1.07549 9.47961 0
147 4.74129 9.48516 0
148 8.42219 9.60109 0
149 12.1423 9.64116 0
150 15.8855 9.72667 0
151 19.5171 9.89324 0
152 23.2719 9.94296 0
153 27.0004 10.0766 0
154 30.6968 10.1154 0
155 34.3798 10.151 0
156 38.0535 10.2559 0
157 41.7728 10.3287 0
158 45.4059 10.4073 0
159 49.1541 10.4511 0
160 52.8336 10.5478 0
161 56.6462 10.6033 0
162 60.3205 10.5965 0
163 64.0829 10.6583 0
164 67.7355 10.7436 0
165 71.3932 10.8145 0
166 75.1095 10.8887 0
167 78.8978 10.9043 0
168 82.5606 11.0037 0
169 86.2337 10.9833 0
170 89.9443 11.1067 0
171 93.6413 11.1627 0
172 97.4141 11.1917 0
173 101.128 11.2698 0
174 104.816 11.3383 0
175 108.483 11.4186 0
176 112.203 11.4332 0
177 115.893 11.5441 0
178 119.586 11.5611 0
179 123.247 11.6519 0
180 127.042 11.7019 0
181 130.716 11.7702 0
182 134.394 11.8941 0
183 138.099 11.989 0
184 141.877 11.9476 0
185 145.606 12.095 0
186 149.292 12.1956 0
187 152.934 12.2876 0
188 156.619 12.2946 0
189 160.357 12.417 0
190 164.053 12.476 0
191 167.761 12.5616 0
192 171.51 12.6123 0
193 -4.44142 12.6806 0
194 -0.796871 12.7056 0
195 2.82589 12.7324 0
196 6.47411 12.7925 0
197 10.1959 12.8746 0
198 13.873 12.9568 0
199 17.5697 13.0468 0
200 21.2214 13.1162 0
201 25.0386 13.2503 0
202 28.7449 13.322 0
203 32.4895 13.3602 0
204 36.1782 13.4749 0
205 39.8353 13.5001 0
206 43.5412 13.6343 0
207 47.1902 13.6024 0
208 50.8772 13.7321 0
209 54.6512 13.7339 0
210 58.3519 13.8586 0
211 62.0276 13.9214 0
212 65.751 13.9851 0
213 69.5033 14.0283 0
214 73.2788 14.0499 0
215 76.9008 14.0974 0
216 80.5855 14.2223 0
217 84.327 14.1912 0
218 88.0176 14.233 0
219 91.7308 14.3199 0
220 95.5175 14.4907 0
221 99.214 14.5688 0
222 102.932 14.548 0
223 106.646 14.6335 0
224 110.307 14.6197 0
225 114.057 14.7068 0
226 117.669 14.7484 0
227 121.371 14.859 0
228 125.031 14.8548 0
229 128.758 14.9494 0
230 132.433 15.0785 0
231 136.184 15.114 0
232 139.916 15.1949 0
233 143.649 15.2838 0
234 147.41 15.3336 0
235 151.075 15.3997 0
236 154.726 15.4792 0
237 158.443 15.5947 0
238 162.191 15.6345 0
239 165.88 15.7436 0
240 169.559 15.8017 0
241 -6.43144 15.8916 0
242 -2.72235 15.8937 0
243 0.99018 15.9571 0
244 4.62791 16.048 0
245 8.28354 16.0177 0
246 12.0071 16.1716 0
247 15.6998 16.2281 0
248 19.365 16.2704 0
249 23.1493 16.3932 0
250 26.8702 16.4747 0
251 30.5412 16.4727 0
252 34.2677 16.5724 0
253 37.9447 16.7544 0
254 41.6274 16.7042 0
255 45.2903 16.8815 0
256 49.0101 16.9316 0
257 52.7039 16.9801 0
258 56.404 16.9629 0
259 60.1219 17.078 0
260 63.8633 17.1232 0
261 67.5698 17.1956 0
262 71.2992 17.2102 0
263 74.9901 17.308 0
264 78.6399 17.3363 0
265 82.3721 17.3663 0
266 86.1348 17.4243 0
267 89.8383 17.4661 0
268 93.5207 17.638 0
269 97.2717 17.7135 0
270 100.992 17.7467 0
271 104.691 17.7491 0
272 108.403 17.8497 0
273 112.104 17.839 0
274 115.801 17.8716 0
275 119.466 17.9804 0
276 123.129 18.0924 0
277 126.815 18.1315 0
278 130.518 18.2258 0
279 134.22 18.2959 0
280 137.945 18.4038 0
281 141.672 18.472 0
282 145.303 18.5429 0
283 149.077 18.5785 0
284 152.806 18.6191 0
285 156.461 18.7167 0
286 160.248 18.7966 0
287 163.926 18.9076 0
288 167.616 18.9559 0
289 -8.46781 19.0203 0
290 -4.7469 19.0565 0
291 -1.0058 19.1357 0
292 2.73469 19.2592 0
293 6.47484 19.2853 0
294 10.0894 19.3213 0
295 13.8267 19.3819 0
296 17.551 19.4478 0
297 21.2756 19.563 0
298 24.9657 19.6469 0
299 28.7004 19.6477 0
300 32.3705 19.7157 0
301 36.0972 19.8629 0
302 39.7366 19.9722 0
303 43.464 19.9549 0
304 47.1205 20.1114 0
305 50.7917 20.1574 0
306 54.5094 20.1268 0
307 58.2013 20.2666 0
308 61.9019 20.3477 0
309 65.6501 20.2805 0
310 69.374 20.367 0
311 73.0422 20.5172 0
312 76.7583 20.57 0
313 80.4486 20.6227 0
314 84.1475 20.6302 0
315 87.8186 20.6829 0
316 91.5315 20.7652 0
317 95.2728 20.8529 0
318 99.0168 20.8795 0
319 102.798 20.9489 0
320 106.425 20.9532 0
321 110.156 20.9773 0
322 113.852 21.0362 0
323 117.542 21.1467 0
324 121.182 21.1897 0
325 124.875 21.2819 0
326 128.619 21.3211 0
327 132.334 21.4695 0
328 136.052 21.6344 0
329 139.743 21.594 0
330 143.407 21.6877 0
331 147.127 21.7376 0
332 150.861 21.781 0
333 154.546 21.7945 0
334 158.295 21.9125 0
335 162.07 22.0795 0
336 165.739 22.1842 0
337 -10.426 22.2224 0
338 -6.65625 22.22 0
339 -2.9418 22.3195 0
340 0.772524 22.3561 0
341 4.46888 22.4895 0
342 8.22711 22.5523 0
343 11.9371 22.5926 0
344 15.6153 22.6574 0
345 19.2836 22.6783 0
346 23.0693 22.8328 0
347 26.7186 22.8696 0
348 30.4157 22.9603 0
349 34.1167 22.989 0
350 37.8502 23.0923 0
351 41.5072 23.2151 0
352 45.1383 23.2473 0
353 48.8661 23.3641 0
354 52.6101 23.4096 0
355 56.3555 23.4511 0
356 60.0371 23.5442 0
357 63.7924 23.5569 0
358 67.4176 23.5791 0
359 71.1213 23.6493 0
360 74.8313 23.7633 0
361 78.5293 23.8504 0
362 82.2028 23.855 0
363 85.9176 23.8943 0
364 89.5357 23.9365 0
365 93.3639 24.0194 0
366 97.0994 24.0611 0
367 100.742 24.0824 0
368 104.483 24.1625 0
369 108.154 24.2036 0
370 111.892 24.1494 0
371 115.538 24.3075 0
372 119.24 24.4132 0
373 123.01 24.451 0
374 126.724 24.461 0
375 130.397 24.5789 0
376 134.124 24.7324 0
377 137.83 24.7997 0
378 141.527 24.9146 0
379 145.168 24.9053 0
380 148.882 24.9554 0
381 152.641 24.9561 0
382 156.326 25.0865 0
383 160.037 25.2154 0
384 163.795 25.311 0
385 -12.2705 25.3849 0
386 -8.51737 25.428 0
387 -4.85721 25.5052 0
388 -1.20521 25.5447 0
389 2.52698 25.7073 0
390 6.22588 25.7199 0
391 9.98401 25.8245 0
392 13.627 25.8853 0
393 17.3791 25.8449 0
394 21.0886 25.9722 0
395 24.7891 26.0102 0
396 28.4691 26.1456 0
397 32.1617 26.1373 0
398 35.8676 26.2374 0
399 39.5624 26.3679 0
400 43.2773 26.4567 0
401 46.998 26.5243 0
402 50.6826 26.573 0
403 54.3765 26.6344 0
404 58.1522 26.746 0
405 61.8481 26.7403 0
406 65.5249 26.7097 0
407 69.2149 26.7732 0
408 72.9152 26.8539 0
409 76.5993 27.0198 0
410 80.2836 27.1146 0
411 83.9803 27.0663 0
412 87.6424 27.1557 0
413 91.3691 27.1933 0
414 95.0822 27.2348 0
415 98.8179 27.2646 0
416 102.537 27.3168 0
417 106.256 27.3941 0
418 109.981 27.4436 0
419 113.626 27.4803 0
420 117.32 27.5045 0
421 121.109 27.6508 0
422 124.764 27.7884 0
423 128.46 27.7646 0
424 132.125 27.8502 0
425 135.92 27.9201 0
426 139.624 28.0478 0
427 143.336 28.1294 0
428 147.023 28.1906 0
429 150.693 28.1834 0
430 154.404 28.2312 0
431 158.169 28.3671 0
432 161.917 28.4434 0
433 -14.2067 28.571 0
434 -10.5206 28.6189 0
435 -6.76345 28.6111 0
436 -3.06656 28.7514 0
437 0.569874 28.8125 0
438 4.27538 28.9255 0
439 8.02827 28.9049 0
440 11.7066 29.0586 0
441 15.4453 29.0917 0
442 19.1032 29.1008 0
443 22.8829 29.2048 0
444 26.5517 29.265 0
445 30.2093 29.3256 0
446 33.9318 29.4131 0
447 37.66 29.4912 0
448 41.3235 29.5973 0
449 45.0719 29.7301 0
450 48.8112 29.7757 0
451 52.5136 29.7313 0
452 56.1749 29.8505 0
453 59.9679 29.9881 0
454 63.6651 29.9158 0
455 67.3641 29.9812 0
456 71.0229 30.0831 0
457 74.6713 30.2485 0
458 78.3263 30.2768 0
459 82.0758 30.2995 0
460 85.7473 30.325 0
461 89.4525 30.334 0
462 93.1612 30.3507 0
463 96.9171 30.453 0
464 100.669 30.5289 0
465 104.325 30.5506 0
466 108.032 30.607 0
467 111.803 30.7137 0
468 115.461 30.7307 0
469 119.139 30.8458 0
470 122.901 30.934 0
471 126.577 30.9344 0
472 130.249 31.0066 0
473 133.958 31.0775 0
474 137.657 31.1339 0
475 141.354 31.2636 0
476 145.181 31.3664 0
477 148.795 31.4177 0
478 152.463 31.4293 0
479 156.166 31.5218 0
480 159.945 31.607 0
481 -16.1078 31.7014 0
482 -12.419 31.7858 0
483 -8.67362 31.7742 0
484 -5.01291 31.8977 0
485 -1.28434 31.983 0
486 2.37482 32.1084 0
487 6.06555 32.0924 0
488 9.76227 32.1832 0
489 13.4675 32.2562 0
490 17.1871 32.2337 0
491 20.9313 32.339 0
492 24.6376 32.3934 0
493 28.2856 32.507 0
494 32.0094 32.5655 0
495 35.7491 32.6076 0
496 39.4588 32.7136 0
497 43.1308 32.8404 0
498 46.8209 32.9418 0
499 50.5483 32.9118 0
500 54.3286 32.9697 0
501 58.0059 33.0597 0
502 61.7187 33.1529 0
503 65.4475 33.1507 0
504 69.0764 33.2117 0
505 72.695 33.3794 0
506 76.4778 33.4683 0
507 80.158 33.5138 0
508 83.876 33.5238 0
509 87.5499 33.5122 0
510 91.2643 33.5022 0
511 95.0625 33.562 0
512 98.7282 33.5827 0
513 102.404 33.7931 0
514 106.102 33.86 0
515 109.79 33.9109 0
516 113.521 33.9699 0
517 117.188 34.06 0
518 120.961 34.1259 0
519 124.655 34.1477 0
520 128.412 34.1717 0
521 132.023 34.2179 0
522 135.733 34.2823 0
523 139.478 34.3963 0
524 143.259 34.5149 0
525 146.888 34.5286 0
526 150.631 34.6519 0
527 154.319 34.7223 0
528 158.061 34.7872 0
529 -17.9727 34.8114 0
530 -14.2762 34.9486 0
531 -10.5775 34.9879 0
532 -6.93622 35.09 0
533 -3.20666 35.1651 0
534 0.466683 35.2644 0
535 4.17763 35.3218 0
536 7.85398 35.3315 0
537 11.579 35.4761 0
538 15.3158 35.431 0
539 19.0109 35.399 0
540 22.688 35.4925 0
541 26.4009 35.643 0
542 30.0509 35.7518 0
543 33.7483 35.7491 0
544 37.4825 35.8407 0
545 41.1799 35.9746 0
546 44.8926 36.1231 0
547 48.6293 36.1107 0
548 52.3264 36.2619 0
549 56.0645 36.2647 0
550 59.7932 36.3717 0
551 63.4802 36.4478 0
552 67.1098 36.4657 0
553 70.7848 36.4636 0
554 74.5473 36.6033 0
555 78.2714 36.6515 0
556 81.9369 36.7157 0
557 85.6571 36.7588 0
558 89.3531 36.7587 0
559 93.0071 36.7593 0
560 96.6987 36.905 0
561 100.477 36.9693 0
562 104.213 36.9852 0
563 107.912 37.0913 0
564 111.567 37.1105 0
565 115.274 37.2082 0
566 118.926 37.3003 0
567 122.774 37.299 0
568 126.422 37.4271 0
569 130.111 37.4047 0
570 133.797 37.4945 0
571 137.514 37.5501 0
572 141.254 37.6073 0
573 144.973 37.7197 0
574 148.685 37.8498 0
575 152.362 37.888 0
576 156.132 37.9237 0
577 -19.9909 37.9788 0
578 -16.2692 38.0904 0
579 -12.585 38.2077 0
580 -8.86927 38.2945 0
581 -5.08819 38.3267 0
582 -1.40661 38.4067 0
583 2.17975 38.4208 0
584 5.86818 38.546 0
585 9.63933 38.5904 0
586 13.3876 38.6689 0
587 17.0889 38.6367 0
588 20.7712 38.6631 0
589 24.4357 38.8349 0
590 28.2316 38.8732 0
591 31.8875 38.9655 0
592 35.5069 38.9442 0
593 39.2315 39.1451 0
594 42.9425 39.2304 0
595 46.6796 39.2932 0
596 50.3587 39.346 0
597 54.1133 39.3946 0
598 57.847 39.493 0
599 61.5737 39.6338 0
600 65.2307 39.6817 0
601 68.8991 39.7673 0
602 72.5209 39.7865 0
603 76.2585 39.8496 0
604 79.9966 39.8721 0
605 83.7484 39.8822 0
606 87.4686 39.9671 0
607 91.112 40.1138 0
608 94.8508 40.086 0
609 98.5553 40.1305 0
610 102.273 40.1787 0
611 105.957 40.1831 0
612 109.654 40.3154 0
613 113.277 40.3867 0
614 117.031 40.4673 0
615 120.695 40.5371 0
616 124.502 40.5573 0
617 128.232 40.6667 0
618 131.828 40.6956 0
619 135.504 40.7697 0
620 139.232 40.8648 0
621 143.017 40.9144 0
622 146.783 41.0162 0
623 150.488 41.0977 0
624 154.14 41.1658 0
625 -21.9929 41.2289 0
626 -18.2296 41.2665 0
627 -14.5501 41.4251 0
628 -10.8554 41.4519 0
629 -7.12532 41.4834 0
630 -3.414 41.5712 0
631 0.313819 41.6408 0
632 4.05479 41.6903 0
633 7.71611 41.7289 0
634 11.4019 41.7963 0
635 15.1526 41.8812 0
636 18.8536 41.8747 0
637 22.6508 42.0723 0
638 26.3324 42.0746 0
639 30.0425 42.1952 0
640 33.63 42.2398 0
641 37.357 42.3091 0
642 41.0632 42.3826 0
643 44.8126 42.438 0
644 48.5126 42.4859 0
645 52.2139 42.5231 0
646 55.8541 42.6129 0
647 59.598 42.7198 0
648 63.2536 42.8522 0
649 66.9522 42.882 0
650 70.6987 42.9601 0
651 74.3652 43.0299 0
652 78.0732 43.0154 0
653 81.8449 43.1055 0
654 85.6058 43.1959 0
655 89.2219 43.2009 0
656 92.8811 43.2474 0
657 96.597 43.3248 0
658 100.33 43.3134 0
659 104.02 43.3922 0
660 107.726 43.4348 0
661 111.358 43.5458 0
662 115.003 43.587 0
663 118.751 43.7585 0
664 122.46 43.7137 0
665 126.244 43.7641 0
666 129.969 43.8788 0
667 133.663 43.9354 0
668 137.33 44.0101 0
669 141.049 44.0382 0
670 144.846 44.1543 0
671 148.504 44.2723 0
672 152.118 44.3536 0
673 -23.9042 44.4061 0
674 -20.168 44.5638 0
675 -16.4865 44.5497 0
676 -12.7904 44.6476 0
677 -9.01468 44.6819 0
678 -5.32297 44.7255 0
679 -1.63134 44.7967 0
680 2.10162 44.8522 0
681 5.84244 44.8571 0
682 9.50552 44.9301 0
683 13.215 44.9885 0
684 16.9686 45.0533 0
685 20.6337 45.1367 0
686 24.4003 45.2921 0
687 28.0741 45.3824 0
688 31.6576 45.4912 0
689 35.419 45.5146 0
690 39.0947 45.5042 0
691 42.7948 45.6423 0
692 46.5718 45.6886 0
693 50.2863 45.716 0
694 53.9629 45.7509 0
695 57.687 45.8687 0
696 61.3673 46.0015 0
697 65.047 46.0618 0
698 68.7658 46.1176 0
699 72.4334 46.1106 0
700 76.1664 46.2064 0
701 79.9399 46.239 0
702 83.6989 46.3289 0
703 87.3832 46.3659 0
704 91.0652 46.4379 0
705 94.7252 46.4601 0
706 98.4162 46.5091 0
707 102.041 46.5901 0
708 105.766 46.6062 0
709 109.498 46.7152 0
710 113.133 46.8023 0
711 116.858 46.8871 0
712 120.558 46.9218 0
713 124.28 46.8174 0
714 128.07 47.0454 0
715 131.756 47.1523 0
716 135.46 47.1497 0
717 139.125 47.2021 0
718 142.814 47.286 0
719 146.551 47.4437 0
720 150.271 47.5018 0
721 -25.8497 47.5792 0
722 -22.1141 47.6515 0
723 -18.4261 47.8264 0
724 -14.7474 47.816 0
725 -11.0078 47.9056 0
726 -7.37298 47.9746 0
727 -3.57216 47.9676 0
728 0.174733 47.9897 0
729 3.86767 48.039 0
730 7.60243 48.0796 0
731 11.2552 48.2088 0
732 15.0202 48.2481 0
733 18.7546 48.3209 0
734 22.4597 48.3829 0
735 26.1216 48.557 0
736 29.8228 48.6794 0
737 33.5172 48.6475 0
738 37.2185 48.7527 0
739 40.8952 48.7981 0
740 44.5647 48.8725 0
741 48.2724 48.8783 0
742 51.9699 48.9157 0
743 55.7521 49.0219 0
744 59.4453 49.0737 0
745 63.149 49.2045 0
746 66.8484 49.2996 0
747 70.6098 49.3736 0
748 74.3196 49.4388 0
749 77.9599 49.4252 0
750 81.695 49.444 0
751 85.4495 49.5071 0
752 89.1646 49.5986 0
753 92.845 49.8087 0
754 96.498 49.7376 0
755 100.211 49.8498 0
756 103.807 49.8445 0
757 107.55 49.9455 0
758 111.244 49.9909 0
759 114.927 49.9961 0
760 118.684 50.0933 0
761 122.354 50.1667 0
762 126.065 50.212 0
763 129.763 50.3197 0
764 133.556 50.3383 0
765 137.214 50.3946 0
766 140.878 50.4541 0
767 144.572 50.5836 0
768 148.322 50.6572 0
769 -27.7184 50.7922 0
770 -23.9707 50.85 0
771 -20.3091 50.9711 0
772 -16.676 51.0256 0
773 -12.9336 51.0154 0
774 -9.24013 51.1302 0
775 -5.48787 51.1856 0
776 -1.77588 51.1724 0
777 1.93083 51.3354 0
778 5.655 51.296 0
779 9.39081 51.4081 0
780 13.112 51.451 0
781 16.7852 51.4654 0
782 20.5046 51.5186 0
783 24.1654 51.6551 0
784 27.8471 51.7882 0
785 31.5805 51.8841 0
786 35.3052 51.961 0
787 39.041 51.9741 0
788 42.6838 52.0529 0
789 46.3641 52.0841 0
790 50.0988 52.1665 0
791 53.7893 52.1606 0
792 57.5434 52.1887 0
793 61.2434 52.3155 0
794 64.9251 52.4286 0
795 68.646 52.5629 0
796 72.3704 52.6487 0
797 76.1185 52.6867 0
798 79.7764 52.7176 0
799 83.3914 52.7464 0
800 87.1575 52.7662 0
801 90.8488 52.9157 0
802 94.5908 52.9945 0
803 98.2191 52.9897 0
804 101.939 53.0615 0
805 105.681 53.1373 0
806 109.341 53.145 0
807 113.078 53.2244 0
808 116.744 53.306 0
809 120.484 53.3422 0
810 124.137 53.4161 0
811 127.888 53.4947 0
812 131.57 53.6079 0
813 135.219 53.5486 0
814 138.992 53.6147 0
815 142.731 53.6966 0
816 146.425 53.8337 0
817 -29.6412 53.921 0
818 -25.9411 53.9793 0
819 -22.2421 54.1205 0
820 -18.5217 54.2189 0
821 -14.8724 54.2174 0
822 -11.1911 54.332 0
823 -7.45148 54.3417 0
824 -3.72949 54.4609 0
825 0.00332167 54.4909 0
826 3.68824 54.4915 0
827 7.37262 54.5862 0
828 11.1123 54.6822 0
829 14.8082 54.6595 0
830 18.516 54.7282 0
831 22.2209 54.8633 0
832 25.9029 54.9706 0
833 29.6289 54.9853 0
834 33.3708 55.1576 0
835 37.0465 55.1527 0
836 40.7777 55.2456 0
837 44.4271 55.3161 0
838 48.1693 55.3248 0
839 51.9145 55.3425 0
840 55.5777 55.3523 0
841 59.23 55.4935 0
842 62.9674 55.6332 0
843 66.6806 55.6609 0
844 70.4064 55.7441 0
845 74.0949 55.865 0
846 77.7906 55.9101 0
847 81.5021 55.9766 0
848 85.1568 56.0161 0
849 88.8842 56.0789 0
850 92.6199 56.198 0
851 96.3222 56.252 0
852 100.016 56.276 0
853 103.677 56.3328 0
854 107.455 56.3121 0
855 111.147 56.401 0
856 114.839 56.4705 0
857 118.568 56.4926 0
858 122.192 56.6015 0
859 125.859 56.6798 0
860 129.683 56.7329 0
861 133.387 56.7226 0
862 137.056 56.8245 0
863 140.782 56.8561 0
864 144.433 56.9145 0
865 -31.5398 57.0614 0
866 -27.8622 57.114 0
867 -24.225 57.1638 0
868 -20.4631 57.3914 0
869 -16.7621 57.4514 0
870 -13.0852 57.4553 0
871 -9.38187 57.5367 0
872 -5.6693 57.6845 0
873 -1.96329 57.7364 0
874 1.72129 57.7509 0
875 5.43006 57.7654 0
876 9.1137 57.8039 0
877 12.8066 57.8908 0
878 16.5399 57.8759 0
879 20.3692 58.0265 0
880 24.0542 58.1302 0
881 27.7633 58.1818 0
882 31.4204 58.2882 0
883 35.18 58.3754 0
884 38.8482 58.471 0
885 42.5591 58.5003 0
886 46.2539 58.5542 0
887 50.0237 58.6116 0
888 53.6783 58.6327 0
889 57.344 58.6534 0
890 61.1011 58.7725 0
891 64.8014 58.8901 0
892 68.4932 58.9398 0
893 72.2486 59.0206 0
894 75.9312 59.1059 0
895 79.5778 59.1416 0
896 83.2067 59.1727 0
897 86.9473 59.2604 0
898 90.6545 59.3295 0
899 94.382 59.3723 0
900 98.0425 59.4259 0
901 101.73 59.4855 0
902 105.469 59.5202 0
903 109.215 59.5264 0
904 112.893 59.6054 0
905 116.665 59.6785 0
906 120.337 59.7171 0
907 124.02 59.8874 0
908 127.694 59.8927 0
909 131.508 59.9352 0
910 135.152 59.9265 0
911 138.81 60.087 0
912 142.511 60.1487 0
913 -33.6083 60.2395 0
914 -29.7982 60.3295 0
915 -26.1376 60.3171 0
916 -22.4506 60.4125 0
917 -18.7402 60.5726 0
918 -14.9955 60.619 0
919 -11.3338 60.7076 0
920 -7.5619 60.7987 0
921 -3.87601 60.8739 0
922 -0.165865 60.9001 0
923 3.49384 60.9412 0
924 7.14492 60.9868 0
925 10.8331 61.0325 0
926 14.5927 61.0861 0
927 18.3814 61.1421 0
928 22.0997 61.2586 0
929 25.8295 61.3586 0
930 29.469 61.413 0
931 33.1946 61.4963 0
932 36.9332 61.6249 0
933 40.6133 61.7112 0
934 44.3173 61.6862 0
935 48.0799 61.7417 0
936 51.8256 61.7621 0
937 55.5011 61.8263 0
938 59.118 61.9379 0
939 62.8054 62.0412 0
940 66.577 62.1408 0
941 70.2751 62.2643 0
942 74.0023 62.2273 0
943 77.6528 62.3429 0
944 81.3034 62.3207 0
945 84.963 62.4085 0
946 88.6907 62.469 0
947 92.4839 62.5253 0
948 96.1101 62.5539 0
949 99.8177 62.6238 0
950 103.469 62.6854 0
951 107.261 62.7194 0
952 110.995 62.7758 0
953 114.704 62.8732 0
954 118.372 62.9446 0
955 122.13 63.0018 0
956 125.856 63.0815 0
957 129.46 63.157 0
958 133.146 63.1887 0
959 136.836 63.2468 0
960 140.608 63.314 0
961 -35.4642 63.4212 0
962 -31.7537 63.5146 0
963 -28.0825 63.5557 0
964 -24.3367 63.6421 0
965 -20.6276 63.6649 0
966 -16.9635 63.8049 0
967 -13.1622 63.9096 0
968 -9.50194 63.943 0
969 -5.73061 64.0671 0
970 -2.05762 64.102 0
971 1.57166 64.1382 0
972 5.31599 64.1823 0
973 8.96288 64.2128 0
974 12.7031 64.2033 0
975 16.457 64.266 0
976 20.18 64.3756 0
977 23.8621 64.4891 0
978 27.6166 64.5784 0
979 31.2596 64.643 0
980 35.0347 64.6913 0
981 38.7605 64.8133 0
982 42.3827 64.8836 0
983 46.0698 64.9086 0
984 49.7779 64.9872 0
985 53.5495 65.029 0
986 57.1565 65.1223 0
987 60.917 65.1968 0
988 64.6255 65.2444 0
989 68.2756 65.3718 0
990 72.0659 65.5099 0
991 75.7439 65.5052 0
992 79.3905 65.4872 0
993 83.0764 65.6106 0
994 86.697 65.6791 0
995 90.4986 65.6968 0
996 94.2287 65.7514 0
997 97.9531 65.8358 0
998 101.626 65.8372 0
999 105.298 65.9091 0
1000 108.998 65.9067 0
1001 112.818 65.9993 0
1002 116.426 66.1302 0
1003 120.185 66.1597 0
1004 123.852 66.2061 0
1005 127.592 66.3416 0
1006 131.289 66.423 0
1007 134.933 66.4781 0
1008 138.695 66.4851 0
1009 -37.3903 66.5988 0
1010 -33.6492 66.6597 0
1011 -29.9375 66.7667 0
1012 -26.257 66.8758 0
1013 -22.553 66.9571 0
1014 -18.8704 66.9407 0
1015 -15.0786 67.0896 0
1016 -11.4162 67.1843 0
1017 -7.68761 67.2045 0
1018 -4.00404 67.3074 0
1019 -0.325998 67.3184 0
1020 3.43232 67.3205 0
1021 7.07761 67.3731 0
1022 10.7453 67.4412 0
1023 14.4439 67.5166 0
1024 18.0869 67.6583 0
1025 21.884 67.6682 0
1026 25.5138 67.7199 0
1027 29.3321 67.7649 0
1028 33.0998 67.8744 0
1029 36.796 67.9829 0
1030 40.4715 68.0075 0
1031 44.2004 68.1628 0
1032 47.8577 68.2014 0
1033 51.6155 68.19 0
1034 55.3061 68.3086 0
1035 58.9997 68.3389 0
1036 62.6883 68.5566 0
1037 66.363 68.5827 0
1038 70.0486 68.6217 0
1039 73.7467 68.7609 0
1040 77.4278 68.8119 0
1041 81.0605 68.8198 0
1042 84.7486 68.9366 0
1043 88.485 68.9269 0
1044 92.2501 68.9023 0
1045 95.9885 68.9373 0
1046 99.7081 68.965 0
1047 103.459 69.0223 0
1048 107.147 69.107 0
1049 110.765 69.166 0
1050 114.526 69.2778 0
1051 118.205 69.3408 0
1052 121.883 69.4138 0
1053 125.555 69.4929 0
1054 129.332 69.5348 0
1055 133.037 69.6431 0
1056 136.69 69.6493 0
1057 -39.3199 69.7181 0
1058 -35.6213 69.8688 0
1059 -31.9106 69.9621 0
1060 -28.1432 70.037 0
1061 -24.4754 70.1002 0
1062 -20.7798 70.1515 0
1063 -17.0899 70.2119 0
1064 -13.3454 70.2622 0
1065 -9.6832 70.4113 0
1066 -5.92144 70.455 0
1067 -2.24708 70.4875 0
1068 1.50757 70.4928 0
1069 5.20889 70.5323 0
1070 8.83684 70.6785 0
1071 12.5321 70.6686 0
1072 16.228 70.8473 0
1073 19.9089 70.8699 0
1074 23.6468 70.9297 0
1075 27.3339 70.9067 0
1076 31.0667 71.0171 0
1077 34.8596 71.1645 0
1078 38.5399 71.2225 0
1079 42.2396 71.2996 0
1080 45.9305 71.4108 0
1081 49.5863 71.4362 0
1082 53.3539 71.4298 0
1083 57.0196 71.5447 0
1084 60.7335 71.6606 0
1085 64.4461 71.754 0
1086 68.1229 71.7794 0
1087 71.8789 71.9254 0
1088 75.5394 71.9909 0
1089 79.1916 72.0853 0
1090 82.8487 72.0571 0
1091 86.5037 72.1704 0
1092 90.3347 72.1182 0
1093 94.058 72.1715 0
1094 97.7216 72.1854 0
1095 101.504 72.2436 0
1096 105.171 72.2757 0
1097 108.823 72.4062 0
1098 112.542 72.4969 0
1099 116.233 72.5544 0
1100 119.879 72.5827 0
1101 123.609 72.6128 0
1102 127.339 72.6734 0
1103 131.12 72.7548 0
1104 134.843 72.8674 0
1105 -41.2374 72.887 0
1106 -37.571 73.0088 0
1107 -33.858 73.0929 0
1108 -30.1505 73.1981 0
1109 -26.4129 73.2466 0
1110 -22.7546 73.3453 0
1111 -19.0617 73.3849 0
1112 -15.3773 73.4305 0
1113 -11.6346 73.5261 0
1114 -7.85021 73.5788 0
1115 -4.20679 73.6542 0
1116 -0.481374 73.7237 0
1117 3.25915 73.7287 0
1118 6.9018 73.8508 0
1119 10.533 73.9233 0
1120 14.3145 73.9847 0
1121 18.0161 74.0907 0
1122 21.7171 74.1107 0
1123 25.4697 74.1151 0
1124 29.1287 74.1347 0
1125 32.8153 74.2325 0
1126 36.5741 74.4473 0
1127 40.3002 74.4694 0
1128 44.0261 74.4848 0
1129 47.6682 74.6294 0
1130 51.3404 74.6934 0
1131 55.0637 74.7266 0
1132 58.8666 74.8336 0
1133 62.5737 74.8851 0
1134 66.2365 74.9272 0
1135 69.9189 75.1075 0
1136 73.552 75.1273 0
1137 77.2196 75.2082 0
1138 80.9718 75.2692 0
1139 84.6379 75.3748 0
1140 88.3097 75.365 0
1141 92.107 75.3642 0
1142 95.7508 75.395 0
1143 99.4142 75.4313 0
1144 103.176 75.5088 0
1145 106.911 75.5751 0
1146 110.613 75.6356 0
1147 114.267 75.7061 0
1148 117.974 75.7824 0
1149 121.72 75.7979 0
1150 125.487 75.8656 0
1151 129.219 75.8925 0
1152 132.867 75.9918 0
1153 -43.2315 76.0745 0
1154 -39.4888 76.1817 0
1155 -35.7933 76.2811 0
1156 -32.0693 76.3293 0
1157 -28.3924 76.4093 0
1158 -24.6523 76.5036 0
1159 -20.9623 76.5363 0
1160 -17.3484 76.5997 0
1161 -13.6138 76.7188 0
1162 -9.86951 76.7978 0
1163 -6.14196 76.8086 0
1164 -2.45616 76.8957 0
1165 1.28779 76.913 0
1166 4.98785 77.0936 0
1167 8.60682 77.1543 0
1168 12.3095 77.1484 0
1169 16.0893 77.2454 0
1170 19.8343 77.2916 0
1171 23.6214 77.3059 0
1172 27.2604 77.3701 0
1173 30.8997 77.4781 0
1174 34.5874 77.5815 0
1175 38.2896 77.7004 0
1176 42.0236 77.6957 0
1177 45.7559 77.7637 0
1178 49.4537 77.8873 0
1179 53.1503 77.9449 0
1180 56.8739 77.8859 0
1181 60.5912 78.0275 0
1182 64.2578 78.1489 0
1183 67.941 78.2264 0
1184 71.5959 78.3411 0
1185 75.3064 78.4295 0
1186 79.0296 78.4561 0
1187 82.6738 78.5035 0
1188 86.4182 78.4734 0
1189 90.0855 78.5668 0
1190 93.8373 78.5689 0
1191 97.4488 78.6665 0
1192 101.216 78.6819 0
1193 104.941 78.7101 0
1194 108.635 78.8171 0
1195 112.305 78.8592 0
1196 116.001 78.9598 0
1197 119.771 78.9805 0
1198 123.428 79.0329 0
1199 127.18 79.1118 0
1200 130.916 79.1151 0
1201 -45.1165 79.1837 0
1202 -41.4681 79.331 0
1203 -37.7311 79.4963 0
1204 -34.0311 79.5538 0
1205 -30.2835 79.5357 0
1206 -26.5832 79.6666 0
1207 -22.9401 79.7382 0
1208 -19.2759 79.7676 0
1209 -15.5799 79.856 0
1210 -11.7895 79.8927 0
1211 -8.10102 79.9338 0
1212 -4.39239 80.0131 0
1213 -0.685691 80.0987 0
1214 2.99516 80.2318 0
1215 6.6672 80.3366 0
1216 10.3385 80.3918 0
1217 14.1445 80.395 0
1218 17.9151 80.4466 0
1219 21.6235 80.498 0
1220 25.4011 80.5113 0
1221 29.0666 80.669 0
1222 32.7497 80.7955 0
1223 36.4182 80.8179 0
1224 40.1224 80.9232 0
1225 43.7514 80.933 0
1226 47.4897 81.0264 0
1227 51.2537 81.1095 0
1228 54.9834 81.1232 0
1229 58.6397 81.0948 0
1230 62.3855 81.3001 0
1231 66.0229 81.3468 0
1232 69.6798 81.5115 0
1233 73.3369 81.582 0
1234 77.0904 81.6402 0
1235 80.8313 81.6686 0
1236 84.5224 81.7552 0
1237 88.2069 81.747 0
1238 91.8998 81.8087 0
1239 95.5254 81.8425 0
1240 99.2789 81.9006 0
1241 102.976 81.9314 0
1242 106.673 81.9603 0
1243 110.392 82.0309 0
1244 114.075 82.1357 0
1245 117.804 82.2301 0
1246 121.541 82.3157 0
1247 125.258 82.3025 0
1248 128.938 82.3995 0
1249 -47.141 82.3594 0
1250 -43.405 82.5491 0
1251 -39.7498 82.6079 0
1252 -36.0592 82.6605 0
1253 -32.2272 82.764 0
1254 -28.5352 82.8729 0
1255 -24.8826 82.9306 0
1256 -21.1569 82.9457 0
1257 -17.4235 82.972 0
1258 -13.7624 83.0329 0
1259 -10.0058 83.1226 0
1260 -6.31555 83.2111 0
1261 -2.66114 83.2769 0
1262 1.03558 83.4319 0
1263 4.6837 83.467 0
1264 8.41661 83.5794 0
1265 12.1776 83.5642 0
1266 15.9186 83.6557 0
1267 19.6778 83.6859 0
1268 23.3577 83.7716 0
1269 27.0439 83.8636 0
1270 30.7748 83.9451 0
1271 34.4559 84.0037 0
1272 38.2052 84.0686 0
1273 41.8619 84.2065 0
1274 45.6187 84.1863 0
1275 49.347 84.2356 0
1276 53.037 84.2741 0
1277 56.7297 84.4208 0
1278 60.3782 84.4336 0
1279 64.1121 84.5601 0
1280 67.8027 84.6153 0
1281 71.5043 84.7558 0
1282 75.1878 84.7572 0
1283 78.9091 84.8097 0
1284 82.5544 84.9057 0
1285 86.2996 84.9506 0
1286 89.998 85.0235 0
1287 93.6469 85.0386 0
1288 97.3143 85.0768 0
1289 101.083 85.0491 0
1290 104.753 85.1044 0
1291 108.412 85.2175 0
1292 112.132 85.3058 0
1293 115.829 85.3606 0
1294 119.487 85.4762 0
1295 123.219 85.4663 0
1296 126.933 85.5769 0
1297 -49.0647 85.6699 0
1298 -45.4 85.6998 0
1299 -41.6936 85.7846 0
1300 -37.9976 85.8596 0
1301 -34.2802 85.9454 0
1302 -30.4932 85.9645 0
1303 -26.7399 86.0504 0
1304 -23.0792 86.1205 0
1305 -19.3787 86.1191 0
1306 -15.6914 86.228 0
1307 -12.0094 86.2843 0
1308 -8.27596 86.361 0
1309 -4.61148 86.4837 0
1310 -0.881867 86.6272 0
1311 2.74123 86.7167 0
1312 6.47972 86.7001 0
1313 10.2724 86.8083 0
1314 13.9787 86.818 0
1315 17.6523 86.9095 0
1316 21.4073 86.8853 0
1317 25.0574 86.9933 0
1318 28.8246 87.1586 0
1319 32.483 87.1698 0
1320 36.2124 87.2465 0
1321 39.971 87.2736 0
1322 43.5985 87.4137 0
1323 47.3946 87.439 0
1324 51.0928 87.4292 0
1325 54.7264 87.5955 0
1326 58.4656 87.6058 0
1327 62.1633 87.6868 0
1328 65.794 87.7747 0
1329 69.5607 87.8964 0
1330 73.3184 87.9964 0
1331 77.0137 87.9767 0
1332 80.6779 88.0308 0
1333 84.3515 88.1594 0
1334 88.0481 88.1448 0
1335 91.6821 88.2568 0
1336 95.4591 88.235 0
1337 99.1857 88.2677 0
1338 102.833 88.2748 0
1339 106.484 88.4467 0
1340 110.177 88.4838 0
1341 113.877 88.5522 0
1342 117.607 88.6617 0
1343 121.239 88.7103 0
1344 124.947 88.7136 0
1345 -51.0476 88.8443 0
1346 -47.3385 88.8929 0
1347 -43.6047 88.9847 0
1348 -39.916 89.0918 0
1349 -36.2013 89.111 0
1350 -32.5157 89.0743 0
1351 -28.7164 89.1744 0
1352 -24.9851 89.2926 0
1353 -21.324 89.2915 0
1354 -17.5644 89.3241 0
1355 -13.8813 89.4427 0
1356 -10.2206 89.5379 0
1357 -6.50095 89.6479 0
1358 -2.7925 89.7918 0
1359 0.861649 89.892 0
1360 4.59591 89.9704 0
1361 8.27705 89.9195 0
1362 12.0513 89.9878 0
1363 15.7087 90.1154 0
1364 19.4489 90.1836 0
1365 23.1156 90.2302 0
1366 26.8906 90.3117 0
1367 30.5993 90.3874 0
1368 34.3155 90.4342 0
1369 38.0786 90.531 0
1370 41.7063 90.5828 0
1371 45.4107 90.6167 0
1372 49.1231 90.6992 0
1373 52.7739 90.7289 0
1374 56.4715 90.7528 0
1375 60.2072 90.8267 0
1376 63.9477 90.9433 0
1377 67.5998 91.007 0
1378 71.3706 91.106 0
1379 75.0973 91.1836 0
1380 78.7524 91.2053 0
1381 82.4512 91.2511 0
1382 86.1328 91.3077 0
1383 89.7657 91.3891 0
1384 93.4632 91.4072 0
1385 97.1621 91.428 0
1386 100.926 91.5493 0
1387 104.537 91.5951 0
1388 108.248 91.682 0
1389 111.89 91.7416 0
1390 115.627 91.7881 0
1391 119.363 91.9062 0
1392 123.089 91.9187 0
1393 -53.0405 91.963 0
1394 -49.3175 92.104 0
1395 -45.6176 92.1161 0
1396 -41.9037 92.2325 0
1397 -38.1948 92.3407 0
1398 -34.4052 92.385 0
1399 -30.7142 92.2995 0
1400 -26.9408 92.4585 0
1401 -23.1317 92.4841 0
1402 -19.4715 92.5746 0
1403 -15.8612 92.6649 0
1404 -12.1594 92.7439 0
1405 -8.46466 92.8019 0
1406 -4.77333 92.9517 0
1407 -1.11095 93.0188 0
1408 2.57856 93.1314 0
1409 6.33833 93.128 0
1410 10.0899 93.2613 0
1411 13.7918 93.2538 0
1412 17.508 93.3786 0
1413 21.1815 93.5148 0
1414 24.9169 93.5418 0
1415 28.7298 93.5774 0
1416 32.3772 93.6189 0
1417 36.076 93.7399 0
1418 39.7811 93.7982 0
1419 43.5134 93.8188 0
1420 47.23 93.8401 0
1421 50.8599 93.8861 0
1422 54.5697 93.9228 0
1423 58.2753 93.9995 0
1424 61.9724 94.0542 0
1425 65.6897 94.2352 0
1426 69.3935 94.2031 0
1427 73.1268 94.3269 0
1428 76.8248 94.3929 0
1429 80.5532 94.4721 0
1430 84.1995 94.6104 0
1431 87.9398 94.6571 0
1432 91.5381 94.6195 0
1433 95.3148 94.6275 0
1434 99.01 94.6928 0
1435 102.698 94.7817 0
1436 106.338 94.8961 0
1437 110.066 94.9103 0
1438 113.693 95.0514 0
1439 117.357 95.0846 0
1440 121.089 95.1475 0
1441 -54.9283 95.187 0
1442 -51.2304 95.2311 0
1443 -47.6062 95.3195 0
1444 -43.9099 95.3806 0
1445 -40.1375 95.5136 0
1446 -36.4196 95.5513 0
1447 -32.6416 95.467 0
1448 -28.9815 95.5974 0
1449 -25.2214 95.6455 0
1450 -21.4583 95.7266 0
1451 -17.814 95.8095 0
1452 -14.1011 95.918 0
1453 -10.4431 96.0789 0
1454 -6.73251 96.0895 0
1455 -3.0384 96.1829 0
1456 0.648405 96.2996 0
1457 4.42592 96.3679 0
1458 8.09843 96.4218 0
1459 11.8384 96.4211 0
1460 15.5641 96.5431 0
1461 19.2335 96.6214 0
1462 23.0457 96.6861 0
1463 26.7487 96.7922 0
1464 30.4562 96.8016 0
1465 34.1432 96.8357 0
1466 37.8131 96.9387 0
1467 41.5426 97.0008 0
1468 45.2498 97.0877 0
1469 48.9202 97.1109 0
1470 52.5934 97.1496 0
1471 56.3504 97.1956 0
1472 60.0116 97.2536 0
1473 63.7969 97.3699 0
1474 67.4425 97.4696 0
1475 71.1672 97.4777 0
1476 74.9027 97.5647 0
1477 78.5593 97.6563 0
1478 82.3535 97.7242 0
1479 86.0953 97.8138 0
1480 89.7108 97.8185 0
1481 93.4046 97.8146 0
1482 97.0919 97.8756 0
1483 100.795 98.0317 0
1484 104.488 98.0437 0
1485 108.113 98.0803 0
1486 111.852 98.1701 0
1487 115.525 98.2573 0
1488 119.262 98.3234 0
1489 -56.8321 98.3226 0
1490 -53.1627 98.3766 0
1491 -49.4173 98.4683 0
1492 -45.7964 98.5874 0
1493 -42.0691 98.6564 0
1494 -38.3497 98.6541 0
1495 -34.6722 98.7691 0
1496 -30.9702 98.798 0
1497 -27.2814 98.8745 0
1498 -23.4782 98.823 0
1499 -19.7612 99.0156 0
1500 -16.1073 99.0677 0
1501 -12.3408 99.2202 0
1502 -8.6932 99.291 0
1503 -4.87889 99.328 0
1504 -1.23215 99.5085 0
1505 2.46686 99.5777 0
1506 6.16801 99.5503 0
1507 9.96151 99.6064 0
1508 13.6104 99.6137 0
1509 17.2999 99.7304 0
1510 21.1326 99.8088 0
1511 24.7815 99.8703 0
1512 28.4967 100.009 0
1513 32.2268 99.9758 0
1514 35.8113 100.087 0
1515 39.5227 100.172 0
1516 43.263 100.166 0
1517 46.9485 100.294 0
1518 50.5945 100.34 0
1519 54.3184 100.368 0
1520 58.0879 100.408 0
1521 61.7343 100.537 0
1522 65.495 100.608 0
1523 69.1909 100.653 0
1524 72.924 100.689 0
1525 76.724 100.815 0
1526 80.2972 100.849 0
1527 84.0673 100.909 0
1528 87.7922 100.963 0
1529 91.4889 100.998 0
1530 95.1409 101.058 0
1531 98.7671 101.207 0
1532 102.577 101.198 0
1533 106.22 101.375 0
1534 109.868 101.398 0
1535 113.592 101.503 0
1536 117.292 101.503 0
1537 -58.7155 101.547 0
1538 -55.0655 101.581 0
1539 -51.3958 101.669 0
1540 -47.6723 101.764 0
1541 -44.0145 101.813 0
1542 -40.3009 101.882 0
1543 -36.5745 101.943 0
1544 -32.9066 101.963 0
1545 -29.2055 102.017 0
1546 -25.5887 102.15 0
1547 -21.8327 102.145 0
1548 -18.0618 102.272 0
1549 -14.2978 102.334 0
1550 -10.6378 102.471 0
1551 -6.84359 102.513 0
1552 -3.17693 102.692 0
1553 0.558945 102.721 0
1554 4.32619 102.75 0
1555 8.00438 102.717 0
1556 11.6987 102.871 0
1557 15.3884 102.863 0
1558 19.1298 102.966 0
1559 22.8831 102.993 0
1560 26.563 103.1 0
1561 30.2807 103.22 0
1562 33.9258 103.266 0
1563 37.5808 103.262 0
1564 41.286 103.413 0
1565 45.0025 103.463 0
1566 48.7121 103.572 0
1567 52.3684 103.581 0
1568 56.2046 103.613 0
1569 59.841 103.692 0
1570 63.5642 103.752 0
1571 67.2466 103.82 0
1572 71.0516 103.827 0
1573 74.747 103.977 0
1574 78.4703 104.004 0
1575 82.1572 104.124 0
1576 85.8388 104.229 0
1577 89.5133 104.184 0
1578 93.172 104.249 0
1579 96.8751 104.324 0
1580 100.548 104.427 0
1581 104.26 104.445 0
1582 107.99 104.584 0
1583 111.649 104.694 0
1584 115.424 104.724 0
1585 -60.6468 104.786 0
1586 -56.9452 104.792 0
1587 -53.3085 104.895 0
1588 -49.6848 104.936 0
1589 -45.8416 105.023 0
1590 -42.1532 105.073 0
1591 -38.4924 105.111 0
1592 -34.7636 105.138 0
1593 -31.1107 105.207 0
1594 -27.4089 105.309 0
1595 -23.7217 105.403 0
1596 -20.0167 105.486 0
1597 -16.2292 105.499 0
1598 -12.5369 105.576 0
1599 -8.88961 105.687 0
1600 -5.22388 105.8 0
1601 -1.44197 105.878 0
1602 2.37115 105.932 0
1603 6.10842 105.985 0
1604 9.76111 105.969 0
1605 13.4561 106.139 0
1606 17.1049 106.163 0
1607 20.836 106.219 0
1608 24.6421 106.33 0
1609 28.3577 106.304 0
1610 32.0222 106.478 0
1611 35.7286 106.505 0
1612 39.4172 106.517 0
1613 43.1188 106.588 0
1614 46.8021 106.71 0
1615 50.4918 106.803 0
1616 54.2852 106.783 0
1617 57.966 106.905 0
1618 61.627 106.904 0
1619 65.3386 107.004 0
1620 69.1227 107.03 0
1621 72.8315 107.083 0
1622 76.501 107.173 0
1623 80.212 107.26 0
1624 83.8923 107.368 0
1625 87.627 107.431 0
1626 91.2499 107.427 0
1627 94.9643 107.485 0
1628 98.632 107.579 0
1629 102.323 107.592 0
1630 106.043 107.782 0
1631 109.749 107.847 0
1632 113.459 107.869 0
1633 -62.579 107.95 0
1634 -58.8758 108.064 0
1635 -55.2174 108.094 0
1636 -51.5292 108.143 0
1637 -47.8242 108.261 0
1638 -44.1068 108.241 0
1639 -40.3843 108.308 0
1640 -36.7342 108.345 0
1641 -32.9827 108.359 0
1642 -29.2656 108.447 0
1643 -25.6166 108.569 0
1644 -21.9531 108.635 0
1645 -18.2507 108.702 0
1646 -14.4817 108.75 0
1647 -10.7783 108.77 0
1648 -7.09008 108.948 0
1649 -3.41547 109.067 0
1650 0.334839 109.071 0
1651 4.04664 109.148 0
1652 7.85763 109.208 0
1653 11.5518 109.293 0
1654 15.2288 109.311 0
1655 18.8995 109.358 0
1656 22.6636 109.454 0
1657 26.4655 109.511 0
1658 30.0847 109.606 0
1659 33.7702 109.702 0
1660 37.4509 109.734 0
1661 41.1844 109.785 0
1662 44.8439 109.874 0
1663 48.5726 109.97 0
1664 52.3657 109.964 0
1665 55.9818 110.036 0
1666 59.6766 110.129 0
1667 63.3566 110.219 0
1668 67.0699 110.188 0
1669 70.8911 110.261 0
1670 74.5926 110.382 0
1671 78.2534 110.45 0
1672 82.0212 110.562 0
1673 85.7238 110.629 0
1674 89.3799 110.591 0
1675 93.0801 110.627 0
1676 96.6993 110.737 0
1677 100.399 110.794 0
1678 104.055 110.875 0
1679 107.801 111.093 0
1680 111.498 111.044 0
1681 -64.4778 111.057 0
1682 -60.8322 111.234 0
1683 -57.0763 111.272 0
1684 -53.421 111.362 0
1685 -49.692 111.462 0
1686 -46.0137 111.421 0
1687 -42.3063 111.5 0
1688 -38.6418 111.586 0
1689 -34.8206 111.581 0
1690 -31.1188 111.643 0
1691 -27.4883 111.699 0
1692 -23.843 111.778 0
1693 -20.1571 111.92 0
1694 -16.4289 111.975 0
1695 -12.7034 111.983 0
1696 -9.01128 112.145 0
1697 -5.29878 112.238 0
1698 -1.58754 112.33 0
1699 2.11672 112.296 0
1700 5.79024 112.393 0
1701 9.58616 112.495 0
1702 13.3358 112.501 0
1703 17.0388 112.525 0
1704 20.7213 112.601 0
1705 24.4727 112.695 0
1706 28.1736 112.701 0
1707 31.9083 112.78 0
1708 35.5152 112.871 0
1709 39.203 112.917 0
1710 42.9093 113.04 0
1711 46.64 113.088 0
1712 50.3327 113.208 0
1713 54.1019 113.204 0
1714 57.741 113.256 0
1715 61.4154 113.333 0
1716 65.1332 113.472 0
1717 68.9066 113.407 0
1718 72.6338 113.489 0
1719 76.3572 113.664 0
1720 80.0786 113.714 0
1721 83.7839 113.756 0
1722 87.4646 113.829 0
1723 91.0613 113.82 0
1724 94.7471 113.931 0
1725 98.4289 114.007 0
1726 102.142 114.038 0
1727 105.801 114.146 0
1728 109.617 114.285 0
1729 -66.4935 114.213 0
1730 -62.7628 114.332 0
1731 -59.0631 114.48 0
1732 -55.3339 114.602 0
1733 -51.6726 114.617 0
1734 -47.9312 114.701 0
1735 -44.2141 114.71 0
1736 -40.5191 114.751 0
1737 -36.8044 114.773 0
1738 -33.0394 114.807 0
1739 -29.3408 114.945 0
1740 -25.7086 115.009 0
1741 -22.0544 115.07 0
1742 -18.3308 115.094 0
1743 -14.6626 115.248 0
1744 -10.9845 115.296 0
1745 -7.20588 115.423 0
1746 -3.50226 115.464 0
1747 0.26782 115.507 0
1748 3.99322 115.556 0
1749 7.62761 115.67 0
1750 11.3976 115.684 0
1751 15.1306 115.732 0
1752 18.8288 115.781 0
1753 22.4527 115.825 0
1754 26.2645 115.943 0
1755 29.9941 115.902 0
1756 33.6686 115.974 0
1757 37.3358 116.093 0
1758 41.001 116.188 0
1759 44.7303 116.244 0
1760 48.4523 116.31 0
1761 52.1575 116.365 0
1762 55.791 116.411 0
1763 59.4397 116.48 0
1764 63.1873 116.678 0
1765 66.8845 116.688 0
1766 70.602 116.791 0
1767 74.3949 116.75 0
1768 78.1363 116.854 0
1769 81.8196 116.974 0
1770 85.5122 117.037 0
1771 89.1986 117.111 0
1772 92.8725 117.088 0
1773 96.5363 117.14 0
1774 100.209 117.239 0
1775 103.961 117.327 0
1776 107.671 117.399 0
1777 -68.3683 117.487 0
1778 -64.7181 117.504 0
1779 -60.9765 117.631 0
1780 -57.3151 117.732 0
1781 -53.5799 117.822 0
1782 -49.9083 117.852 0
1783 -46.1792 117.911 0
1784 -42.4456 117.921 0
1785 -38.7185 117.971 0
1786 -34.9763 118.015 0
1787 -31.2376 118.145 0
1788 -27.6241 118.173 0
1789 -23.9079 118.226 0
1790 -20.2759 118.311 0
1791 -16.5708 118.336 0
1792 -12.8181 118.482 0
1793 -9.12826 118.539 0
1794 -5.44812 118.657 0
1795 -1.68491 118.631 0
1796 2.0274 118.752 0
1797 5.68358 118.819 0
1798 9.48611 118.886 0
1799 13.2025 118.962 0
1800 16.8708 118.984 0
1801 20.5552 119.002 0
1802 24.2807 119.088 0
1803 28.1041 119.184 0
1804 31.7334 119.141 0
1805 35.3875 119.239 0
1806 39.1318 119.341 0
1807 42.8483 119.357 0
1808 46.5533 119.446 0
1809 50.2375 119.57 0
1810 53.8605 119.629 0
1811 57.5741 119.755 0
1812 61.3032 119.774 0
1813 65.0182 119.79 0
1814 68.7439 119.841 0
1815 72.3524 119.932 0
1816 76.2171 119.957 0
1817 79.8734 120.046 0
1818 83.5795 120.192 0
1819 87.2616 120.193 0
1820 90.9484 120.293 0
1821 94.7096 120.352 0
1822 98.353 120.429 0
1823 102.022 120.527 0
1824 105.757 120.533 0
1825 -70.3028 120.608 0
1826 -66.6403 120.693 0
1827 -62.933 120.737 0
1828 -59.1977 120.881 0
1829 -55.4594 120.943 0
1830 -51.7695 121.024 0
1831 -48.0914 121.103 0
1832 -44.4414 121.103 0
1833 -40.6846 121.175 0
1834 -36.9589 121.144 0
1835 -33.2764 121.324 0
1836 -29.5217 121.318 0
1837 -25.8257 121.402 0
1838 -22.1712 121.516 0
1839 -18.4707 121.513 0
1840 -14.8251 121.623 0
1841 -11.1122 121.785 0
1842 -7.38575 121.849 0
1843 -3.65748 121.892 0
1844 0.019191 121.95 0
1845 3.77709 121.986 0
1846 7.49765 122.006 0
1847 11.275 122.086 0
1848 15.0293 122.174 0
1849 18.7415 122.183 0
1850 22.4109 122.262 0
1851 26.0797 122.295 0
1852 29.86 122.438 0
1853 33.503 122.405 0
1854 37.2259 122.514 0
1855 40.951 122.569 0
1856 44.6524 122.585 0
1857 48.3369 122.715 0
1858 52.0199 122.832 0
1859 55.6846 122.851 0
1860 59.3657 122.874 0
1861 63.1329 123.051 0
1862 66.7538 123.043 0
1863 70.5207 123.012 0
1864 74.1931 123.122 0
1865 77.9507 123.163 0
1866 81.6108 123.297 0
1867 85.2906 123.386 0
1868 88.9591 123.445 0
1869 92.7253 123.446 0
1870 96.4461 123.598 0
1871 100.105 123.686 0
1872 103.789 123.724 0
1873 -72.236 123.747 0
1874 -68.4992 123.849 0
1875 -64.865 123.889 0
1876 -61.0885 123.979 0
1877 -57.4351 124.045 0
1878 -53.7077 124.224 0
1879 -49.9732 124.26 0
1880 -46.3352 124.318 0
1881 -42.5956 124.306 0
1882 -38.8885 124.375 0
1883 -35.2581 124.401 0
1884 -31.5399 124.557 0
1885 -27.7698 124.547 0
1886 -24.1228 124.679 0
1887 -20.4559 124.771 0
1888 -16.776 124.803 0
1889 -13.0584 124.913 0
1890 -9.3661 125.004 0
1891 -5.63101 125.042 0
1892 -1.92476 125.125 0
1893 1.83248 125.15 0
1894 5.59527 125.229 0
1895 9.34725 125.24 0
1896 13.0432 125.353 0
1897 16.7637 125.476 0
1898 20.5169 125.389 0
1899 24.2403 125.474 0
1900 27.9241 125.542 0
1901 31.6376 125.645 0
1902 35.3515 125.655 0
1903 39.0003 125.684 0
1904 42.7005 125.762 0
1905 46.4532 125.839 0
1906 50.1032 125.953 0
1907 53.7831 126.055 0
1908 57.4581 126.109 0
1909 61.114 126.199 0
1910 64.9123 126.269 0
1911 68.5966 126.274 0
1912 72.292 126.331 0
1913 75.9851 126.363 0
1914 79.6695 126.454 0
1915 83.3277 126.52 0
1916 87.0465 126.571 0
1917 90.7342 126.673 0
1918 94.4329 126.668 0
1919 98.1235 126.779 0
1920 101.869 126.87 0
1921 -74.1595 126.958 0
1922 -70.4531 127.031 0
1923 -66.7712 127.081 0
1924 -63.0509 127.113 0
1925 -59.2972 127.215 0
1926 -55.6322 127.34 0
1927 -51.9204 127.38 0
1928 -48.2218 127.487 0
1929 -44.4998 127.496 0
1930 -40.8016 127.549 0
1931 -37.1197 127.692 0
1932 -33.4491 127.736 0
1933 -29.761 127.785 0
1934 -26.0119 127.856 0
1935 -22.324 127.863 0
1936 -18.6157 128.02 0
1937 -15.0103 128.072 0
1938 -11.2367 128.101 0
1939 -7.59455 128.196 0
1940 -3.844 128.261 0
1941 -0.100279 128.331 0
1942 3.63636 128.311 0
1943 7.43764 128.387 0
1944 11.1446 128.473 0
1945 14.9193 128.64 0
1946 18.5827 128.618 0
1947 22.3198 128.64 0
1948 25.9846 128.665 0
1949 29.6972 128.786 0
1950 33.4031 128.845 0
1951 37.0781 128.903 0
1952 40.7804 128.99 0
1953 44.4911 129.005 0
1954 48.1895 129.113 0
1955 51.8866 129.215 0
1956 55.5462 129.231 0
1957 59.2227 129.348 0
1958 62.9306 129.391 0
1959 66.6976 129.425 0
1960 70.3915 129.56 0
1961 74.1012 129.535 0
1962 77.7943 129.619 0
1963 81.4259 129.692 0
1964 85.1388 129.726 0
1965 88.8607 129.855 0
1966 92.5559 129.952 0
1967 96.2069 129.962 0
1968 99.8885 130.049 0
1969 -76.1592 130.114 0
1970 -72.4508 130.197 0
1971 -68.7024 130.286 0
1972 -65.0343 130.322 0
1973 -61.2871 130.39 0
1974 -57.6279 130.477 0
1975 -53.8074 130.596 0
1976 -50.1322 130.733 0
1977 -46.4158 130.786 0
1978 -42.645 130.691 0
1979 -39.0063 130.81 0
1980 -35.2919 130.943 0
1981 -31.6618 130.986 0
1982 -27.9688 131.022 0
1983 -24.2166 131.083 0
1984 -20.5383 131.187 0
1985 -16.9356 131.239 0
1986 -13.2192 131.299 0
1987 -9.49653 131.324 0
1988 -5.80849 131.452 0
1989 -2.03449 131.544 0
1990 1.65754 131.496 0
1991 5.50205 131.56 0
1992 9.19457 131.602 0
1993 12.9324 131.8 0
1994 16.6415 131.798 0
1995 20.371 131.779 0
1996 24.0715 131.856 0
1997 27.799 131.97 0
1998 31.4272 131.966 0
1999 35.1581 132.101 0
2000 38.828 132.079 0
2001 42.5389 132.198 0
2002 46.2687 132.28 0
2003 49.9898 132.423 0
2004 53.6732 132.466 0
2005 57.3279 132.471 0
2006 61.0644 132.543 0
2007 64.7793 132.645 0
2008 68.4959 132.771 0
2009 72.1932 132.756 0
2010 75.8365 132.814 0
2011 79.5957 132.898 0
2012 83.2617 132.879 0
2013 86.9146 132.96 0
2014 90.6471 133.079 0
2015 94.3118 133.233 0
2016 97.9515 133.299 0
2017 -78.054 133.296 0
2018 -74.37 133.382 0
2019 -70.646 133.467 0
2020 -66.9616 133.491 0
2021 -63.2487 133.578 0
2022 -59.5287 133.581 0
2023 -55.8394 133.779 0
2024 -52.0559 133.868 0
2025 -48.315 134.005 0
2026 -44.5845 133.946 0
2027 -40.9179 134.004 0
2028 -37.3034 134.144 0
2029 -33.6015 134.207 0
2030 -29.8382 134.287 0
2031 -26.1645 134.319 0
2032 -22.4939 134.414 0
2033 -18.8291 134.482 0
2034 -15.1944 134.492 0
2035 -11.4196 134.551 0
2036 -7.72338 134.6 0
2037 -4.01383 134.699 0
2038 -0.250114 134.726 0
2039 3.47459 134.747 0
2040 7.28516 134.811 0
2041 10.9808 134.892 0
2042 14.677 134.94 0
2043 18.3662 134.952 0
2044 22.072 135.042 0
2045 25.791 135.151 0
2046 29.4963 135.279 0
2047 33.2538 135.31 0
2048 36.9532 135.306 0
2049 40.6458 135.295 0
2050 44.3556 135.45 0
2051 48.0162 135.556 0
2052 51.7976 135.657 0
2053 55.5075 135.651 0
2054 59.1965 135.738 0
2055 62.9786 135.892 0
2056 66.6725 135.898 0
2057 70.3315 135.915 0
2058 74.0349 135.979 0
2059 77.6449 136.068 0
2060 81.3109 136.128 0
2061 84.9833 136.215 0
2062 88.6975 136.267 0
2063 92.3543 136.415 0
2064 96.057 136.509 0
2065 -80.0353 136.506 0
2066 -76.2973 136.55 0
2067 -72.5294 136.603 0
2068 -68.8063 136.662 0
2069 -65.1204 136.769 0
2070 -61.4405 136.75 0
2071 -57.6918 136.918 0
2072 -54.0208 137.036 0
2073 -50.2944 137.125 0
2074 -46.6318 137.21 0
2075 -42.8839 137.155 0
2076 -39.171 137.317 0
2077 -35.466 137.404 0
2078 -31.7292 137.456 0
2079 -28.0967 137.497 0
2080 -24.4072 137.552 0
2081 -20.7752 137.695 0
2082 -17.0589 137.765 0
2083 -13.4176 137.743 0
2084 -9.67485 137.841 0
2085 -5.9515 137.85 0
2086 -2.22326 137.864 0
2087 1.4835 137.912 0
2088 5.24952 137.993 0
2089 8.97123 138.012 0
2090 12.7194 138.08 0
2091 16.4368 138.166 0
2092 20.1688 138.222 0
2093 23.8412 138.304 0
2094 27.5102 138.436 0
2095 31.2572 138.449 0
2096 35.047 138.565 0
2097 38.7251 138.537 0
2098 42.4499 138.597 0
2099 46.144 138.701 0
2100 49.8326 138.836 0
2101 53.6003 138.863 0
2102 57.272 138.952 0
2103 61.0254 139.047 0
2104 64.728 139.134 0
2105 68.4718 139.189 0
2106 72.1589 139.234 0
2107 75.7515 139.27 0
2108 79.3819 139.332 0
2109 83.0954 139.374 0
2110 86.7801 139.462 0
2111 90.4609 139.49 0
2112 94.1872 139.652 0
2113 -81.9137 139.728 0
2114 -78.1941 139.736 0
2115 -74.4545 139.756 0
2116 -70.713 139.845 0
2117 -66.9758 139.913 0
2118 -63.3285 139.995 0
2119 -59.6734 140.055 0
2120 -55.9421 140.14 0
2121 -52.2629 140.338 0
2122 -48.5936 140.426 0
2123 -44.8226 140.48 0
2124 -41.0416 140.419 0
2125 -37.3682 140.538 0
2126 -33.7006 140.586 0
2127 -29.9866 140.61 0
2128 -26.3235 140.766 0
2129 -22.6578 140.812 0
2130 -18.9755 140.885 0
2131 -15.307 140.956 0
2132 -11.5916 141.003 0
2133 -7.8293 141.025 0
2134 -4.14013 141.099 0
2135 -0.394388 141.127 0
2136 3.28671 141.132 0
2137 7.03462 141.187 0
2138 10.7577 141.187 0
2139 14.3958 141.344 0
2140 18.2142 141.384 0
2141 21.9111 141.474 0
2142 25.5672 141.589 0
2143 29.3445 141.636 0
2144 32.9821 141.757 0
2145 36.7986 141.767 0
2146 40.4755 141.774 0
2147 44.1136 141.899 0
2148 47.8945 141.958 0
2149 51.652 142.125 0
2150 55.328 142.106 0
2151 59.0779 142.151 0
2152 62.7748 142.261 0
2153 66.4958 142.35 0
2154 70.2142 142.387 0
2155 73.8284 142.472 0
2156 77.5073 142.54 0
2157 81.1543 142.555 0
2158 84.8534 142.675 0
2159 88.5524 142.66 0
2160 92.1869 142.772 0
2161 -83.8106 142.92 0
2162 -80.0868 142.926 0
2163 -76.3702 142.948 0
2164 -72.6585 143.036 0
2165 -68.9842 143.081 0
2166 -65.2171 143.182 0
2167 -61.566 143.31 0
2168 -57.9279 143.333 0
2169 -54.2185 143.457 0
2170 -50.5221 143.519 0
2171 -46.8323 143.625 0
2172 -42.947 143.649 0
2173 -39.2426 143.725 0
2174 -35.5618 143.713 0
2175 -31.9321 143.745 0
2176 -28.1968 143.832 0
2177 -24.5808 143.97 0
2178 -20.8252 144.048 0
2179 -17.124 144.159 0
2180 -13.4553 144.219 0
2181 -9.76297 144.266 0
2182 -5.99196 144.205 0
2183 -2.26922 144.256 0
2184 1.42981 144.32 0
2185 5.14783 144.405 0
2186 8.85248 144.407 0
2187 12.4916 144.456 0
2188 16.2337 144.581 0
2189 19.9738 144.631 0
2190 23.6168 144.703 0
2191 27.3921 144.794 0
2192 31.033 144.897 0
2193 34.7513 144.968 0
2194 38.5801 145.044 0
2195 42.2202 145.031 0
2196 45.9441 145.112 0
2197 49.6955 145.213 0
2198 53.426 145.27 0
2199 57.1483 145.33 0
2200 60.7895 145.397 0
2201 64.519 145.458 0
2202 68.1829 145.573 0
2203 71.9086 145.642 0
2204 75.6404 145.692 0
2205 79.26 145.806 0
2206 82.9658 145.851 0
2207 86.6575 145.833 0
2208 90.2938 145.945 0
2209 -85.7312 146.047 0
2210 -82.0239 146.115 0
2211 -78.331 146.135 0
2212 -74.6466 146.21 0
2213 -70.9258 146.323 0
2214 -67.2143 146.371 0
2215 -63.4264 146.463 0
2216 -59.7824 146.45 0
2217 -56.1173 146.594 0
2218 -52.4347 146.643 0
2219 -48.7452 146.79 0
2220 -45.0299 146.783 0
2221 -41.2131 146.873 0
2222 -37.4659 146.956 0
2223 -33.8203 146.972 0
2224 -30.1028 147.027 0
2225 -26.4629 147.094 0
2226 -22.8095 147.174 0
2227 -19.0955 147.24 0
2228 -15.3366 147.352 0
2229 -11.6575 147.417 0
2230 -7.94698 147.402 0
2231 -4.17323 147.426 0
2232 -0.536284 147.536 0
2233 3.15837 147.621 0
2234 6.94452 147.59 0
2235 10.5758 147.692 0
2236 14.3046 147.704 0
2237 18.003 147.805 0
2238 21.7515 147.9 0
2239 25.3887 147.98 0
2240 29.0584 148.036 0
2241 32.7421 148.148 0
2242 36.5086 148.236 0
2243 40.2987 148.299 0
2244 43.9732 148.35 0
2245 47.7696 148.409 0
2246 51.5255 148.404 0
2247 55.2825 148.487 0
2248 58.8982 148.57 0
2249 62.5614 148.784 0
2250 66.2971 148.769 0
2251 69.9622 148.891 0
2252 73.7153 148.903 0
2253 77.3501 148.949 0
2254 81.0385 149.025 0
2255 84.6751 149.063 0
2256 88.4121 149.097 0
2257 -87.6424 149.22 0
2258 -83.9066 149.279 0
2259 -80.2927 149.314 0
2260 -76.5384 149.331 0
2261 -72.8897 149.442 0
2262 -69.1266 149.552 0
2263 -65.3321 149.609 0
2264 -61.6111 149.666 0
2265 -57.9722 149.759 0
2266 -54.3551 149.872 0
2267 -50.6961 149.935 0
2268 -47.0012 149.976 0
2269 -43.2354 150.031 0
2270 -39.4091 150.121 0
2271 -35.7637 150.204 0
2272 -32.0137 150.212 0
2273 -28.3941 150.3 0
2274 -24.6692 150.34 0
2275 -20.9817 150.409 0
2276 -17.3037 150.474 0
2277 -13.5898 150.547 0
2278 -9.86822 150.63 0
2279 -6.20798 150.757 0
2280 -2.51195 150.786 0
2281 1.25575 150.808 0
2282 4.88773 150.833 0
2283 8.70084 150.916 0
2284 12.3532 151.014 0
2285 16.1277 151.04 0
2286 19.8314 151.185 0
2287 23.5135 151.188 0
2288 27.2365 151.258 0
2289 30.9065 151.282 0
2290 34.5458 151.36 0
2291 38.3447 151.442 0
2292 42.156 151.524 0
2293 45.7949 151.61 0
2294 49.6083 151.543 0
2295 53.2584 151.68 0
2296 56.9953 151.794 0
2297 60.6674 151.901 0
2298 64.4082 151.975 0
2299 68.0697 152.057 0
2300 71.7267 152.077 0
2301 75.4205 152.172 0
2302 79.1201 152.204 0
2303 82.7897 152.271 0
2304 86.5677 152.343 0
2305 -89.5155 152.358 0
2306 -85.86 152.413 0
2307 -82.1021 152.54 0
2308 -78.4929 152.575 0
2309 -74.7608 152.633 0
2310 -71.1126 152.641 0
2311 -67.3374 152.773 0
2312 -63.5955 152.834 0
2313 -59.9145 152.922 0
2314 -56.251 152.999 0
2315 -52.6668 153.118 0
2316 -48.94 153.171 0
2317 -45.2488 153.212 0
2318 -41.437 153.35 0
2319 -37.6537 153.386 0
2320 -33.9677 153.456 0
2321 -30.2992 153.471 0
2322 -26.6027 153.567 0
2323 -22.9417 153.596 0
2324 -19.2023 153.658 0
2325 -15.5713 153.72 0
2326 -11.882 153.788 0
2327 -8.11018 153.847 0
2328 -4.38114 153.954 0
2329 -0.721398 154.011 0
2330 2.98963 153.984 0
2331 6.66083 154.011 0
2332 10.4678 154.124 0
2333 14.1505 154.207 0
2334 17.8119 154.29 0
2335 21.5449 154.387 0
2336 25.2629 154.478 0
2337 29.0094 154.436 0
2338 32.6983 154.453 0
2339 36.4295 154.598 0
2340 40.1618 154.677 0
2341 43.8888 154.774 0
2342 47.5717 154.794 0
2343 51.2741 154.868 0
2344 54.9768 154.955 0
2345 58.6809 155.046 0
2346 62.511 155.089 0
2347 66.1303 155.17 0
2348 69.7889 155.243 0
2349 73.4653 155.358 0
2350 77.1195 155.401 0
2351 80.823 155.479 0
2352 84.5965 155.46 0
2353 -91.4331 155.573 0
2354 -87.7431 155.601 0
2355 -84.0055 155.692 0
2356 -80.3185 155.786 0
2357 -76.6616 155.792 0
2358 -73.0033 155.836 0
2359 -69.346 155.935 0
2360 -65.5889 156.063 0
2361 -61.887 156.044 0
2362 -58.1919 156.154 0
2363 -54.522 156.281 0
2364 -50.8344 156.374 0
2365 -47.117 156.369 0
2366 -43.3585 156.516 0
2367 -39.6442 156.609 0
2368 -35.8431 156.59 0
2369 -32.1897 156.677 0
2370 -28.4698 156.763 0
2371 -24.8027 156.799 0
2372 -21.1338 156.85 0
2373 -17.4149 156.881 0
2374 -13.7648 156.892 0
2375 -10.0658 156.998 0
2376 -6.3718 157.075 0
2377 -2.66316 157.2 0
2378 1.01821 157.258 0
2379 4.8471 157.147 0
2380 8.5492 157.289 0
2381 12.175 157.395 0
2382 15.8913 157.449 0
2383 19.5887 157.549 0
2384 23.2619 157.622 0
2385 27.0149 157.689 0
2386 30.7362 157.667 0
2387 34.4745 157.663 0
2388 38.2086 157.759 0
2389 41.9234 157.934 0
2390 45.6565 158.035 0
2391 49.282 158.144 0
2392 52.9667 158.197 0
2393 56.6946 158.193 0
2394 60.4564 158.258 0
2395 64.2243 158.334 0
2396 67.8235 158.427 0
2397 71.4763 158.466 0
2398 75.1086 158.554 0
2399 78.9657 158.631 0
2400 82.6906 158.74 0
2401 -93.4078 158.745 0
2402 -89.6898 158.788 0
2403 -85.9611 158.93 0
2404 -82.2546 158.991 0
2405 -78.5541 158.989 0
2406 -74.9337 159.035 0
2407 -71.257 159.112 0
2408 -67.589 159.188 0
2409 -63.8811 159.261 0
2410 -60.1628 159.249 0
2411 -56.4489 159.399 0
2412 -52.806 159.47 0
2413 -49.0733 159.579 0
2414 -45.4193 159.691 0
2415 -41.6503 159.72 0
2416 -37.8117 159.778 0
2417 -34.1063 159.861 0
2418 -30.3452 159.936 0
2419 -26.7139 160.042 0
2420 -23.0149 160.027 0
2421 -19.3835 160.065 0
2422 -15.7056 160.077 0
2423 -12.0214 160.174 0
2424 -8.24812 160.226 0
2425 -4.61162 160.319 0
2426 -0.94263 160.368 0
2427 2.78669 160.513 0
2428 6.58642 160.543 0
2429 10.3071 160.569 0
2430 13.9665 160.591 0
2431 17.6455 160.663 0
2432 21.4161 160.814 0
2433 25.1229 160.866 0
2434 28.8084 160.955 0
2435 32.5447 160.841 0
2436 36.3312 160.918 0
2437 40.0565 161.038 0
2438 43.7549 161.188 0
2439 47.4186 161.253 0
2440 51.0543 161.384 0
2441 54.7363 161.385 0
2442 58.5057 161.367 0
2443 62.2446 161.474 0
2444 65.9386 161.622 0
2445 69.5143 161.651 0
2446 73.201 161.773 0
2447 77.0305 161.78 0
2448 80.8044 161.847 0
2449 -95.3004 161.86 0
2450 -91.5919 161.921 0
2451 -87.8781 162.073 0
2452 -84.1744 162.14 0
2453 -80.4221 162.197 0
2454 -76.769 162.21 0
2455 -73.0909 162.278 0
2456 -69.3984 162.439 0
2457 -65.7505 162.454 0
2458 -62.0185 162.477 0
2459 -58.314 162.549 0
2460 -54.6758 162.633 0
2461 -50.9998 162.681 0
2462 -47.2504 162.815 0
2463 -43.5322 162.865 0
2464 -39.8736 162.936 0
2465 -36.0577 163.006 0
2466 -32.3391 163.135 0
2467 -28.6477 163.163 0
2468 -24.9054 163.193 0
2469 -21.2251 163.261 0
2470 -17.5985 163.296 0
2471 -13.9268 163.324 0
2472 -10.2152 163.399 0
2473 -6.49604 163.476 0
2474 -2.81993 163.584 0
2475 0.845848 163.727 0
2476 4.52945 163.796 0
2477 8.35346 163.737 0
2478 12.0964 163.782 0
2479 15.7674 163.798 0
2480 19.4768 163.936 0
2481 23.189 163.993 0
2482 26.9242 164.12 0
2483 30.6293 164.135 0
2484 34.3758 164.157 0
2485 38.1573 164.088 0
2486 41.8019 164.251 0
2487 45.4991 164.413 0
2488 49.138 164.6 0
2489 52.8762 164.552 0
2490 56.5544 164.575 0
2491 60.2046 164.672 0
2492 63.9556 164.764 0
2493 67.6452 164.843 0
2494 71.3581 164.908 0
2495 75.1093 164.927 0
2496 78.8321 165.021 0
