# Time-averaged data for fix 3
# TimeStep Number-of-rows
# Row c_center[1] c_center[2] c_center[3]
2000 2496
1 3.16497 -0.219691 0
2 6.81872 -0.220298 0
3 10.4494 -0.135316 0
4 14.1235 -0.0815323 0
5 17.8892 -0.00842959 0
6 21.6662 0.127454 0
7 25.3495 0.203064 0
8 29.0717 0.259135 0
9 32.7618 0.387168 0
10 36.4548 0.357794 0
11 40.1282 0.462546 0
12 43.8991 0.550209 0
13 47.6144 0.582571 0
14 51.2783 0.754817 0
15 54.9703 0.86017 0
16 58.6937 0.970213 0
17 62.3634 0.981243 0
18 65.9881 1.01705 0
19 69.787 1.11599 0
20 73.5322 1.18793 0
21 77.2063 1.22963 0
22 80.9936 1.2906 0
23 84.701 1.37678 0
24 88.3595 1.44012 0
25 91.9799 1.52356 0
26 95.8154 1.51442 0
27 99.4654 1.53539 0
28 103.154 1.61826 0
29 106.885 1.71556 0
30 110.5 1.83156 0
31 114.237 1.88035 0
32 117.909 1.93105 0
33 121.635 2.0039 0
34 125.381 2.04594 0
35 129.16 2.19767 0
36 132.906 2.27691 0
37 136.646 2.34342 0
38 140.314 2.36836 0
39 144.018 2.36086 0
40 147.726 2.48994 0
41 151.415 2.53235 0
42 155.094 2.50711 0
43 158.794 2.69896 0
44 162.422 2.76054 0
45 166.119 2.84738 0
46 169.833 2.86399 0
47 173.481 2.83939 0
48 177.167 2.88662 0
49 1.06255 2.9908 0
50 4.89949 3.03877 0
51 8.52136 3.0683 0
52 12.2553 3.14766 0
53 15.915 3.105 0
54 19.6065 3.23434 0
55 23.3421 3.31961 0
56 27.0344 3.4228 0
57 30.7615 3.47021 0
58 34.4633 3.56808 0
59 38.1749 3.68235 0
60 41.8606 3.70354 0
61 45.6693 3.73861 0
62 49.3484 3.9258 0
63 53.0331 3.99695 0
64 56.807 4.09073 0
65 60.4437 4.12482 0
66 64.1413 4.18136 0
67 67.8756 4.20095 0
68 71.6106 4.35255 0
69 75.3196 4.39211 0
70 78.9561 4.45029 0
71 82.7305 4.53168 0
72 86.3801 4.58076 0
73 90.0768 4.66187 0
74 93.8137 4.71615 0
75 97.5473 4.8319 0
76 101.179 4.83468 0
77 104.883 4.907 0
78 108.536 5.01711 0
79 112.248 5.10274 0
80 115.958 5.2011 0
81 119.621 5.22292 0
82 123.375 5.27084 0
83 127.101 5.28665 0
84 130.838 5.47562 0
85 134.642 5.49859 0
86 138.394 5.57715 0
87 142.055 5.63029 0
88 145.724 5.69044 0
89 149.482 5.70657 0
90 153.217 5.69043 0
91 156.874 5.84967 0
92 160.528 5.92973 0
93 164.198 5.97844 0
94 167.928 6.04506 0
95 171.627 6.04085 0
96 175.35 6.08594 0
97 -0.777635 6.14971 0
98 2.85836 6.33522 0
99 6.53518 6.30497 0
100 10.2303 6.32745 0
101 13.9487 6.36119 0
102 17.6451 6.43552 0
103 21.3331 6.48188 0
104 25.0667 6.5761 0
105 28.7913 6.63777 0
106 32.5042 6.69636 0
107 36.1971 6.82648 0
108 39.9428 6.90196 0
109 43.6455 6.95311 0
110 47.4285 7.15097 0
111 51.1235 7.23455 0
112 54.8647 7.24735 0
113 58.5281 7.29908 0
114 62.2329 7.35922 0
115 65.8866 7.3513 0
116 69.6559 7.53364 0
117 73.3888 7.58584 0
118 77.0859 7.61718 0
119 80.8207 7.68556 0
120 84.4945 7.76252 0
121 88.1819 7.81637 0
122 91.9066 7.87807 0
123 95.562 7.98682 0
124 99.2961 8.01317 0
125 102.977 8.12688 0
126 106.644 8.25882 0
127 110.359 8.32093 0
128 114.106 8.39803 0
129 117.759 8.49974 0
130 121.44 8.44857 0
131 125.096 8.51448 0
132 128.843 8.59581 0
133 132.606 8.62902 0
134 136.384 8.68288 0
135 140.075 8.80658 0
136 143.8 8.86259 0
137 147.496 8.89899 0
138 151.217 8.94899 0
139 154.928 9.09416 0
140 158.604 9.10417 0
141 162.308 9.13399 0
142 165.981 9.20382 0
143 169.736 9.27651 0
144 173.399 9.29055 0
145 -2.68812 9.3489 0
146 1.00115 9.46087 0
147 4.69427 9.48486 0
148 8.3581 9.50035 0
149 12.0921 9.5059 0
150 15.7389 9.59039 0
151 19.4173 9.71159 0
152 23.1244 9.7774 0
153 26.8068 9.79169 0
154 30.5675 9.91024 0
155 34.3183 10.0415 0
156 38.0747 10.1176 0
157 41.6968 10.1396 0
158 45.4189 10.2537 0
159 49.1334 10.3752 0
160 52.8711 10.4861 0
161 56.6324 10.4807 0
162 60.2941 10.5449 0
163 64.0342 10.6033 0
164 67.7694 10.667 0
165 71.4542 10.785 0
166 75.2048 10.8152 0
167 78.9007 10.8621 0
168 82.5485 10.9086 0
169 86.3212 10.995 0
170 89.9231 11.0508 0
171 93.633 11.1627 0
172 97.3279 11.2092 0
173 101.01 11.3003 0
174 104.693 11.4068 0
175 108.404 11.4528 0
176 112.159 11.5587 0
177 115.88 11.7425 0
178 119.52 11.7255 0
179 123.177 11.7157 0
180 126.946 11.7769 0
181 130.642 11.7888 0
182 134.389 11.8468 0
183 138.167 11.9042 0
184 141.897 11.9734 0
185 145.639 12.0225 0
186 149.333 12.1784 0
187 152.983 12.1781 0
188 156.678 12.257 0
189 160.457 12.3334 0
190 164.077 12.3053 0
191 167.774 12.4218 0
192 171.513 12.473 0
193 -4.68509 12.4873 0
194 -0.93102 12.6016 0
195 2.7793 12.6655 0
196 6.47581 12.6422 0
197 10.1821 12.7376 0
198 13.8819 12.8103 0
199 17.5185 12.9106 0
200 21.2339 13.0238 0
201 24.9281 13.0329 0
202 28.6532 13.0552 0
203 32.328 13.1566 0
204 36.1246 13.243 0
205 39.8548 13.3455 0
206 43.4935 13.4432 0
207 47.125 13.5677 0
208 50.9293 13.5853 0
209 54.6628 13.6133 0
210 58.4028 13.6905 0
211 62.1039 13.7002 0
212 65.8374 13.7729 0
213 69.5044 13.9581 0
214 73.2179 14.0359 0
215 76.9143 14.0654 0
216 80.6606 14.0978 0
217 84.3405 14.1466 0
218 87.9504 14.3004 0
219 91.6391 14.3247 0
220 95.4409 14.3391 0
221 99.0769 14.4481 0
222 102.832 14.5448 0
223 106.474 14.6025 0
224 110.236 14.736 0
225 113.899 14.8915 0
226 117.663 14.922 0
227 121.346 14.9358 0
228 125.031 14.9825 0
229 128.747 15.0098 0
230 132.422 15.0443 0
231 136.171 15.121 0
232 139.98 15.1181 0
233 143.684 15.2198 0
234 147.356 15.3275 0
235 151.066 15.4559 0
236 154.77 15.3835 0
237 158.489 15.4956 0
238 162.183 15.5999 0
239 165.841 15.5974 0
240 169.553 15.6107 0
241 -6.60214 15.7298 0
242 -2.90869 15.7542 0
243 0.762121 15.8167 0
244 4.5357 15.9075 0
245 8.20933 15.9945 0
246 11.9531 16.0697 0
247 15.697 16.1015 0
248 19.2943 16.1522 0
249 23.0661 16.1821 0
250 26.7423 16.2393 0
251 30.3649 16.307 0
252 34.0892 16.391 0
253 37.8133 16.4886 0
254 41.5976 16.6044 0
255 45.2346 16.7221 0
256 48.9773 16.762 0
257 52.6371 16.7975 0
258 56.484 16.8518 0
259 60.1966 16.8531 0
260 63.8663 16.904 0
261 67.5803 17.049 0
262 71.3211 17.1439 0
263 75.0036 17.213 0
264 78.6824 17.2873 0
265 82.3612 17.3122 0
266 86.0916 17.4337 0
267 89.7344 17.544 0
268 93.4392 17.5456 0
269 97.1533 17.5856 0
270 100.907 17.6263 0
271 104.608 17.7424 0
272 108.381 17.8824 0
273 112.074 17.9961 0
274 115.743 18.1186 0
275 119.413 18.1595 0
276 123.101 18.1602 0
277 126.881 18.2662 0
278 130.521 18.3227 0
279 134.212 18.3816 0
280 138.009 18.4143 0
281 141.71 18.3731 0
282 145.364 18.4516 0
283 149.123 18.5691 0
284 152.861 18.6168 0
285 156.589 18.6308 0
286 160.334 18.7356 0
287 163.914 18.832 0
288 167.559 18.7992 0
289 -8.59897 18.844 0
290 -4.80782 18.9525 0
291 -1.09282 19.0066 0
292 2.61732 19.1363 0
293 6.28685 19.1572 0
294 10.019 19.1817 0
295 13.7697 19.2312 0
296 17.4206 19.2404 0
297 21.0658 19.3642 0
298 24.7535 19.4445 0
299 28.4825 19.4917 0
300 32.2151 19.5935 0
301 35.9041 19.717 0
302 39.6013 19.7139 0
303 43.2774 19.8875 0
304 47.0471 19.9645 0
305 50.7474 19.9776 0
306 54.4497 19.9632 0
307 58.156 20.0944 0
308 61.9579 20.0603 0
309 65.6494 20.2012 0
310 69.3391 20.3496 0
311 73.0297 20.3598 0
312 76.7585 20.4583 0
313 80.4562 20.5531 0
314 84.1807 20.5785 0
315 87.8942 20.7295 0
316 91.6037 20.8082 0
317 95.2645 20.8246 0
318 98.9579 20.8574 0
319 102.633 20.9212 0
320 106.39 21.0241 0
321 110.086 21.14 0
322 113.749 21.2669 0
323 117.487 21.3244 0
324 121.214 21.3309 0
325 124.933 21.4123 0
326 128.64 21.5451 0
327 132.329 21.6081 0
328 136.005 21.5968 0
329 139.732 21.6196 0
330 143.419 21.6471 0
331 147.159 21.6957 0
332 150.799 21.7585 0
333 154.595 21.8185 0
334 158.302 21.8196 0
335 162 21.9346 0
336 165.718 22.0262 0
337 -10.4638 21.9989 0
338 -6.71909 22.0723 0
339 -3.0266 22.138 0
340 0.639869 22.2252 0
341 4.44259 22.2821 0
342 8.08013 22.398 0
343 11.8451 22.4363 0
344 15.5562 22.4509 0
345 19.1775 22.522 0
346 22.8263 22.6739 0
347 26.5139 22.6761 0
348 30.2254 22.7498 0
349 33.9902 22.7959 0
350 37.694 22.8682 0
351 41.3501 22.9953 0
352 45.0845 23.1919 0
353 48.8222 23.1198 0
354 52.5343 23.1729 0
355 56.1783 23.2022 0
356 59.9309 23.2604 0
357 63.6498 23.3478 0
358 67.3714 23.4827 0
359 71.0806 23.5624 0
360 74.8012 23.6238 0
361 78.5039 23.7131 0
362 82.1457 23.7342 0
363 85.856 23.8842 0
364 89.6245 23.9648 0
365 93.3573 24.0736 0
366 97.0263 24.1516 0
367 100.763 24.0671 0
368 104.441 24.1359 0
369 108.144 24.2671 0
370 111.849 24.4202 0
371 115.493 24.4803 0
372 119.294 24.4449 0
373 123.033 24.6152 0
374 126.678 24.6685 0
375 130.392 24.73 0
376 134.104 24.7827 0
377 137.768 24.8126 0
378 141.523 24.8649 0
379 145.224 24.8691 0
380 148.894 24.9337 0
381 152.561 25.0055 0
382 156.274 25.1087 0
383 159.977 25.1683 0
384 163.824 25.2087 0
385 -12.3747 25.2414 0
386 -8.69874 25.2538 0
387 -4.92929 25.3451 0
388 -1.25 25.3814 0
389 2.47825 25.477 0
390 6.14698 25.4998 0
391 9.81437 25.6621 0
392 13.5819 25.702 0
393 17.3348 25.7128 0
394 20.9949 25.7706 0
395 24.6579 25.8923 0
396 28.3308 25.8762 0
397 32.0243 25.9591 0
398 35.752 26.0113 0
399 39.4115 26.1075 0
400 43.1453 26.2783 0
401 46.9062 26.3191 0
402 50.5695 26.3817 0
403 54.278 26.4716 0
404 57.9139 26.4788 0
405 61.7197 26.5153 0
406 65.4482 26.5603 0
407 69.176 26.7873 0
408 72.8849 26.8382 0
409 76.5883 26.9061 0
410 80.2611 26.9992 0
411 83.9282 27.0196 0
412 87.6572 27.1439 0
413 91.3335 27.2849 0
414 95.1138 27.3084 0
415 98.8645 27.3674 0
416 102.572 27.3161 0
417 106.221 27.4276 0
418 109.912 27.5294 0
419 113.643 27.642 0
420 117.377 27.7074 0
421 121.017 27.7915 0
422 124.739 27.8824 0
423 128.471 27.8915 0
424 132.168 27.9378 0
425 135.87 27.9662 0
426 139.565 28.0038 0
427 143.258 28.0704 0
428 146.947 28.1211 0
429 150.674 28.194 0
430 154.363 28.2658 0
431 158.086 28.3851 0
432 161.765 28.407 0
433 -14.2183 28.3943 0
434 -10.5699 28.4447 0
435 -6.83808 28.4624 0
436 -3.17505 28.5626 0
437 0.482533 28.638 0
438 4.18377 28.6594 0
439 7.87139 28.7912 0
440 11.6277 28.8297 0
441 15.3228 28.9347 0
442 19.0659 28.9827 0
443 22.6666 29.0621 0
444 26.3887 29.1243 0
445 30.0864 29.1685 0
446 33.8035 29.2143 0
447 37.4614 29.3428 0
448 41.2458 29.3801 0
449 44.9003 29.4503 0
450 48.6134 29.4843 0
451 52.283 29.5883 0
452 56.0508 29.6725 0
453 59.7753 29.7389 0
454 63.4735 29.7181 0
455 67.1809 29.888 0
456 70.9211 30.0038 0
457 74.5854 30.0616 0
458 78.3635 30.1314 0
459 82.0477 30.2309 0
460 85.776 30.3797 0
461 89.4585 30.4195 0
462 93.1406 30.508 0
463 96.9196 30.5108 0
464 100.669 30.5459 0
465 104.325 30.6056 0
466 107.92 30.6893 0
467 111.669 30.771 0
468 115.368 30.9102 0
469 119.163 30.9494 0
470 122.862 31.0292 0
471 126.556 31.0754 0
472 130.241 31.1347 0
473 133.972 31.1376 0
474 137.629 31.1609 0
475 141.348 31.2235 0
476 145.027 31.3344 0
477 148.681 31.3592 0
478 152.428 31.4721 0
479 156.092 31.5131 0
480 159.92 31.602 0
481 -16.2441 31.5909 0
482 -12.494 31.6951 0
483 -8.81506 31.6941 0
484 -5.05768 31.8339 0
485 -1.37223 31.7995 0
486 2.29528 31.8901 0
487 5.97501 31.9856 0
488 9.67131 32.0186 0
489 13.3908 32.1104 0
490 17.0991 32.1533 0
491 20.7944 32.263 0
492 24.5244 32.3441 0
493 28.1715 32.4166 0
494 31.8058 32.4379 0
495 35.4573 32.5223 0
496 39.279 32.5931 0
497 42.9922 32.5443 0
498 46.6766 32.6522 0
499 50.3474 32.8015 0
500 54.0859 32.8163 0
501 57.8169 32.9444 0
502 61.5935 32.9153 0
503 65.2767 33.0338 0
504 68.9503 33.1313 0
505 72.6937 33.2347 0
506 76.3338 33.3325 0
507 80.0349 33.428 0
508 83.7471 33.4857 0
509 87.4902 33.5626 0
510 91.2464 33.6469 0
511 94.857 33.685 0
512 98.6418 33.7166 0
513 102.336 33.8142 0
514 106.006 33.8809 0
515 109.691 33.8967 0
516 113.416 34.0041 0
517 117.198 34.0933 0
518 120.897 34.2108 0
519 124.67 34.2203 0
520 128.368 34.3049 0
521 132.019 34.3886 0
522 135.713 34.346 0
523 139.395 34.3774 0
524 143.107 34.5369 0
525 146.773 34.6097 0
526 150.456 34.6221 0
527 154.153 34.7503 0
528 157.92 34.7457 0
529 -18.1442 34.8183 0
530 -14.445 34.8506 0
531 -10.6991 34.9123 0
532 -7.01491 35 0
533 -3.29969 35.0745 0
534 0.420433 35.06 0
535 4.07883 35.1717 0
536 7.77145 35.1938 0
537 11.4646 35.3397 0
538 15.1523 35.3716 0
539 18.8256 35.4293 0
540 22.5469 35.5094 0
541 26.2552 35.5928 0
542 29.9121 35.6266 0
543 33.5919 35.7272 0
544 37.2886 35.7768 0
545 41.006 35.8018 0
546 44.7038 35.8266 0
547 48.406 35.9043 0
548 52.1709 36.0703 0
549 55.8658 36.0842 0
550 59.6238 36.1989 0
551 63.258 36.209 0
552 67.112 36.2208 0
553 70.7609 36.4065 0
554 74.3951 36.4674 0
555 78.1465 36.6688 0
556 81.8476 36.6292 0
557 85.5414 36.7133 0
558 89.2455 36.748 0
559 92.9796 36.933 0
560 96.6732 36.96 0
561 100.415 36.939 0
562 104.09 37.0614 0
563 107.846 37.1383 0
564 111.505 37.1973 0
565 115.302 37.2837 0
566 118.99 37.3539 0
567 122.638 37.3611 0
568 126.382 37.5054 0
569 130.111 37.5731 0
570 133.809 37.6633 0
571 137.502 37.686 0
572 141.244 37.7367 0
573 144.906 37.7488 0
574 148.578 37.8574 0
575 152.285 37.8589 0
576 155.992 37.9007 0
577 -20.1055 37.9491 0
578 -16.4486 38.0866 0
579 -12.7224 38.1452 0
580 -8.95793 38.141 0
581 -5.22719 38.2234 0
582 -1.566 38.2757 0
583 2.13102 38.3458 0
584 5.80431 38.4033 0
585 9.51226 38.4748 0
586 13.2161 38.6065 0
587 16.9536 38.6807 0
588 20.587 38.6961 0
589 24.3088 38.7599 0
590 28.0205 38.8066 0
591 31.657 38.9216 0
592 35.401 38.9519 0
593 39.1097 39.0042 0
594 42.7754 39.0011 0
595 46.4796 39.1391 0
596 50.1518 39.1731 0
597 53.9144 39.2648 0
598 57.6408 39.378 0
599 61.3855 39.4421 0
600 65.0557 39.3897 0
601 68.7215 39.5243 0
602 72.5101 39.6706 0
603 76.2671 39.7632 0
604 79.9108 39.8873 0
605 83.6032 39.9481 0
606 87.291 39.9507 0
607 90.9737 40.0152 0
608 94.6786 40.1725 0
609 98.4806 40.1521 0
610 102.181 40.2516 0
611 105.92 40.2791 0
612 109.663 40.4032 0
613 113.335 40.4677 0
614 117.015 40.5081 0
615 120.754 40.5599 0
616 124.457 40.666 0
617 128.197 40.7771 0
618 131.861 40.8751 0
619 135.568 40.8475 0
620 139.288 40.9095 0
621 142.996 40.988 0
622 146.724 41.0206 0
623 150.412 41.1044 0
624 154.132 41.0125 0
625 -22.0515 41.1433 0
626 -18.3538 41.2205 0
627 -14.573 41.247 0
628 -10.9246 41.3365 0
629 -7.20472 41.4242 0
630 -3.5045 41.4516 0
631 0.154682 41.4992 0
632 3.84696 41.6014 0
633 7.56144 41.6721 0
634 11.3006 41.7603 0
635 14.9795 41.7996 0
636 18.7044 41.8621 0
637 22.3727 41.8827 0
638 26.0801 42.001 0
639 29.7738 42.0715 0
640 33.4288 42.1385 0
641 37.1636 42.1601 0
642 40.8048 42.2533 0
643 44.5546 42.2831 0
644 48.2629 42.4828 0
645 52.0217 42.5194 0
646 55.7383 42.6061 0
647 59.4141 42.716 0
648 63.1439 42.7681 0
649 66.8616 42.7369 0
650 70.6175 42.8388 0
651 74.3272 42.948 0
652 78.0189 43.0848 0
653 81.7268 43.1207 0
654 85.4073 43.106 0
655 89.0669 43.2173 0
656 92.8138 43.2312 0
657 96.5248 43.3168 0
658 100.207 43.4493 0
659 103.979 43.5028 0
660 107.678 43.5625 0
661 111.45 43.6181 0
662 115.117 43.7192 0
663 118.801 43.7828 0
664 122.473 43.8749 0
665 126.264 43.9486 0
666 129.991 44.0216 0
667 133.639 44.0577 0
668 137.297 44.0918 0
669 141.02 44.1703 0
670 144.824 44.1983 0
671 148.525 44.2266 0
672 152.269 44.3257 0
673 -23.957 44.3049 0
674 -20.2096 44.346 0
675 -16.5448 44.446 0
676 -12.8582 44.4935 0
677 -9.11091 44.6034 0
678 -5.44648 44.6453 0
679 -1.82402 44.706 0
680 1.91461 44.7455 0
681 5.5871 44.8604 0
682 9.31886 44.9019 0
683 13.0069 44.9606 0
684 16.7211 44.9704 0
685 20.4117 45.0883 0
686 24.1354 45.1091 0
687 27.879 45.2146 0
688 31.5818 45.284 0
689 35.2368 45.3673 0
690 38.9828 45.4058 0
691 42.6397 45.4606 0
692 46.3297 45.5983 0
693 50.001 45.6584 0
694 53.7353 45.8175 0
695 57.5094 45.8616 0
696 61.2426 45.8732 0
697 64.929 45.9189 0
698 68.6188 45.9666 0
699 72.3279 46.1731 0
700 76.0136 46.2081 0
701 79.8061 46.2775 0
702 83.4723 46.333 0
703 87.2195 46.3255 0
704 90.9387 46.4376 0
705 94.658 46.541 0
706 98.3214 46.6324 0
707 102.037 46.6679 0
708 105.673 46.7977 0
709 109.503 46.8867 0
710 113.188 46.883 0
711 116.93 46.9269 0
712 120.561 47.0389 0
713 124.254 47.1178 0
714 128.043 47.1062 0
715 131.712 47.206 0
716 135.442 47.2847 0
717 139.206 47.3443 0
718 142.841 47.4079 0
719 146.571 47.4747 0
720 150.318 47.4863 0
721 -25.8493 47.6351 0
722 -22.2207 47.6251 0
723 -18.5931 47.7177 0
724 -14.7438 47.802 0
725 -11.0812 47.8544 0
726 -7.34916 47.9065 0
727 -3.71547 47.9262 0
728 -0.0087995 47.9623 0
729 3.6876 48.0434 0
730 7.41569 48.1152 0
731 11.1267 48.1253 0
732 14.7539 48.1972 0
733 18.4836 48.2215 0
734 22.2151 48.2896 0
735 25.9825 48.3521 0
736 29.6913 48.4425 0
737 33.3074 48.4982 0
738 37.0033 48.5197 0
739 40.7195 48.6759 0
740 44.4808 48.7401 0
741 48.1495 48.8574 0
742 51.8086 48.9191 0
743 55.6038 48.9973 0
744 59.3357 49.0493 0
745 62.9494 49.159 0
746 66.5901 49.2419 0
747 70.3829 49.2883 0
748 74.0949 49.3521 0
749 77.807 49.3978 0
750 81.5682 49.4761 0
751 85.2464 49.5985 0
752 88.9732 49.6884 0
753 92.7415 49.6692 0
754 96.4244 49.8079 0
755 100.074 49.8432 0
756 103.768 49.9179 0
757 107.507 50.0053 0
758 111.181 50.128 0
759 114.946 50.1369 0
760 118.676 50.1816 0
761 122.357 50.2597 0
762 126.078 50.2687 0
763 129.776 50.3346 0
764 133.46 50.474 0
765 137.258 50.5591 0
766 140.958 50.5371 0
767 144.6 50.6428 0
768 148.349 50.6833 0
769 -27.8779 50.8146 0
770 -24.1451 50.8488 0
771 -20.5147 50.932 0
772 -16.7342 51.0071 0
773 -12.9955 51.1089 0
774 -9.35568 51.1476 0
775 -5.5831 51.1578 0
776 -1.93048 51.2075 0
777 1.84779 51.2143 0
778 5.53413 51.345 0
779 9.23671 51.3571 0
780 12.906 51.3725 0
781 16.6388 51.4233 0
782 20.2964 51.4534 0
783 24.0295 51.5839 0
784 27.7116 51.593 0
785 31.4171 51.5842 0
786 35.0996 51.7384 0
787 38.8056 51.7744 0
788 42.4871 51.8662 0
789 46.1811 52.0032 0
790 49.9462 52.0915 0
791 53.6284 52.1025 0
792 57.4035 52.2069 0
793 61.0726 52.3342 0
794 64.7765 52.3879 0
795 68.4992 52.4305 0
796 72.2414 52.5032 0
797 75.8438 52.6482 0
798 79.6072 52.6306 0
799 83.3385 52.7762 0
800 87.0174 52.8539 0
801 90.762 52.8081 0
802 94.4536 52.948 0
803 98.1544 52.9981 0
804 101.904 53.0113 0
805 105.611 53.198 0
806 109.289 53.2761 0
807 112.993 53.3123 0
808 116.757 53.3518 0
809 120.477 53.4207 0
810 124.124 53.4977 0
811 127.83 53.5065 0
812 131.522 53.6479 0
813 135.227 53.6379 0
814 139.02 53.7851 0
815 142.688 53.88 0
816 146.384 53.9119 0
817 -29.8053 53.931 0
818 -26.077 54.0048 0
819 -22.428 54.1206 0
820 -18.7487 54.1695 0
821 -14.9824 54.2879 0
822 -11.2454 54.359 0
823 -7.61084 54.4397 0
824 -3.88959 54.4462 0
825 -0.11477 54.3852 0
826 3.62701 54.5122 0
827 7.34712 54.5224 0
828 11.0521 54.5461 0
829 14.6957 54.5786 0
830 18.3858 54.6424 0
831 22.1251 54.7067 0
832 25.7855 54.7692 0
833 29.4959 54.8131 0
834 33.1464 54.8751 0
835 36.8585 54.9992 0
836 40.5932 55.0219 0
837 44.3339 55.1807 0
838 48.0214 55.205 0
839 51.7335 55.2384 0
840 55.5131 55.3544 0
841 59.1598 55.4622 0
842 62.8487 55.5349 0
843 66.5699 55.5718 0
844 70.2508 55.677 0
845 73.9992 55.7791 0
846 77.683 55.7973 0
847 81.3655 55.8988 0
848 85.0907 56.0094 0
849 88.7421 55.9984 0
850 92.4635 56.0984 0
851 96.2169 56.1682 0
852 99.8905 56.2703 0
853 103.634 56.3581 0
854 107.288 56.3923 0
855 111.054 56.4991 0
856 114.795 56.537 0
857 118.548 56.6219 0
858 122.249 56.7071 0
859 125.919 56.7396 0
860 129.613 56.743 0
861 133.276 56.8672 0
862 136.944 56.9282 0
863 140.743 56.9994 0
864 144.523 57.0672 0
865 -31.7222 57.0824 0
866 -28.0199 57.1815 0
867 -24.275 57.3034 0
868 -20.6159 57.3224 0
869 -16.8074 57.3733 0
870 -13.1631 57.4903 0
871 -9.5039 57.5861 0
872 -5.72671 57.6149 0
873 -1.97624 57.6438 0
874 1.70411 57.6375 0
875 5.42045 57.7797 0
876 9.15483 57.7477 0
877 12.7992 57.7891 0
878 16.4824 57.8169 0
879 20.2143 57.9482 0
880 23.8841 57.9796 0
881 27.5679 58.009 0
882 31.2043 58.0654 0
883 34.9233 58.1554 0
884 38.6208 58.2266 0
885 42.3671 58.3576 0
886 46.0809 58.4296 0
887 49.7544 58.4232 0
888 53.5654 58.4949 0
889 57.2247 58.6182 0
890 61.0016 58.757 0
891 64.6816 58.7905 0
892 68.3659 58.8328 0
893 72.0573 58.9174 0
894 75.73 58.9337 0
895 79.4101 59.0049 0
896 83.1314 59.2177 0
897 86.793 59.2812 0
898 90.5225 59.3071 0
899 94.2241 59.3761 0
900 97.8684 59.4344 0
901 101.602 59.5319 0
902 105.399 59.578 0
903 109.148 59.6773 0
904 112.861 59.6701 0
905 116.495 59.7715 0
906 120.277 59.8314 0
907 124.01 59.9011 0
908 127.657 59.9742 0
909 131.366 60.0982 0
910 135.028 60.0977 0
911 138.772 60.1139 0
912 142.518 60.2579 0
913 -33.6145 60.3307 0
914 -29.9652 60.3521 0
915 -26.247 60.4709 0
916 -22.4935 60.5217 0
917 -18.8138 60.6227 0
918 -15.0988 60.6616 0
919 -11.388 60.7695 0
920 -7.69295 60.7937 0
921 -4.0133 60.8588 0
922 -0.211394 60.9072 0
923 3.51727 60.8993 0
924 7.28449 60.9533 0
925 10.92 60.993 0
926 14.5395 61.1148 0
927 18.23 61.0792 0
928 21.9763 61.2077 0
929 25.6914 61.175 0
930 29.3541 61.2413 0
931 33.0052 61.2456 0
932 36.7111 61.3878 0
933 40.4732 61.5048 0
934 44.1464 61.604 0
935 47.8261 61.6071 0
936 51.5483 61.6311 0
937 55.3098 61.7206 0
938 59.0139 61.8709 0
939 62.706 62.0119 0
940 66.3597 62.0051 0
941 70.1034 62.0554 0
942 73.7626 62.1193 0
943 77.478 62.1844 0
944 81.1768 62.337 0
945 84.8966 62.4013 0
946 88.5604 62.4688 0
947 92.2976 62.6095 0
948 95.982 62.7437 0
949 99.6411 62.7478 0
950 103.374 62.8036 0
951 107.205 62.804 0
952 110.987 62.9235 0
953 114.612 62.9229 0
954 118.307 62.9894 0
955 122.002 63.0731 0
956 125.762 63.0781 0
957 129.443 63.2251 0
958 133.139 63.2969 0
959 136.819 63.3247 0
960 140.58 63.382 0
961 -35.6053 63.4805 0
962 -31.8946 63.542 0
963 -28.169 63.6542 0
964 -24.4355 63.7271 0
965 -20.7219 63.7894 0
966 -16.9859 63.8752 0
967 -13.3669 63.9026 0
968 -9.66895 63.9695 0
969 -5.94768 64.023 0
970 -2.2283 64.0581 0
971 1.55301 64.0911 0
972 5.23978 64.1672 0
973 8.98491 64.2074 0
974 12.6362 64.2584 0
975 16.3249 64.2678 0
976 20.055 64.3001 0
977 23.7855 64.4483 0
978 27.4552 64.455 0
979 31.1218 64.5754 0
980 34.8188 64.504 0
981 38.4898 64.6171 0
982 42.1766 64.6893 0
983 45.92 64.8165 0
984 49.5738 64.8282 0
985 53.3268 64.9013 0
986 57.0541 65.0228 0
987 60.7494 65.1328 0
988 64.4896 65.2294 0
989 68.1687 65.2266 0
990 71.8436 65.2678 0
991 75.499 65.3516 0
992 79.271 65.4977 0
993 82.957 65.5461 0
994 86.6238 65.5661 0
995 90.291 65.6527 0
996 93.9885 65.8713 0
997 97.752 65.9083 0
998 101.507 66.0286 0
999 105.144 66.0887 0
1000 108.907 66.1752 0
1001 112.664 66.1862 0
1002 116.319 66.1729 0
1003 120.008 66.2569 0
1004 123.705 66.3603 0
1005 127.455 66.3619 0
1006 131.221 66.4611 0
1007 134.889 66.5115 0
1008 138.566 66.5697 0
1009 -37.5872 66.6862 0
1010 -33.9102 66.8087 0
1011 -30.1638 66.8531 0
1012 -26.4272 66.908 0
1013 -22.6654 66.9563 0
1014 -18.9576 67.0309 0
1015 -15.2335 67.1353 0
1016 -11.5243 67.1526 0
1017 -7.84566 67.2007 0
1018 -4.1125 67.2048 0
1019 -0.368038 67.2656 0
1020 3.32273 67.3184 0
1021 7.04819 67.3937 0
1022 10.7473 67.3847 0
1023 14.4434 67.4427 0
1024 18.0659 67.5036 0
1025 21.824 67.6012 0
1026 25.5125 67.703 0
1027 29.1589 67.735 0
1028 32.9006 67.7251 0
1029 36.6061 67.8058 0
1030 40.3052 67.8705 0
1031 43.9553 67.9686 0
1032 47.6704 68.0064 0
1033 51.4267 68.1076 0
1034 55.0825 68.1483 0
1035 58.7673 68.2488 0
1036 62.476 68.4048 0
1037 66.2112 68.4454 0
1038 69.9279 68.4143 0
1039 73.5975 68.541 0
1040 77.3551 68.6331 0
1041 81.1103 68.7397 0
1042 84.7584 68.8001 0
1043 88.4176 68.8649 0
1044 92.0773 69.0117 0
1045 95.8588 69.0986 0
1046 99.5521 69.1447 0
1047 103.294 69.269 0
1048 106.973 69.3514 0
1049 110.634 69.3778 0
1050 114.418 69.3691 0
1051 118.082 69.4137 0
1052 121.825 69.5343 0
1053 125.507 69.6337 0
1054 129.257 69.6135 0
1055 132.96 69.7335 0
1056 136.712 69.7201 0
1057 -39.5079 69.81 0
1058 -35.7925 69.9643 0
1059 -32.124 70.0562 0
1060 -28.3571 70.0178 0
1061 -24.6315 70.1335 0
1062 -20.907 70.184 0
1063 -17.2088 70.3371 0
1064 -13.4583 70.3319 0
1065 -9.73531 70.3535 0
1066 -6.05539 70.4226 0
1067 -2.33241 70.4287 0
1068 1.3498 70.5091 0
1069 5.05718 70.5603 0
1070 8.74839 70.5749 0
1071 12.4216 70.6472 0
1072 16.148 70.6767 0
1073 19.835 70.7815 0
1074 23.6417 70.8659 0
1075 27.294 70.9436 0
1076 30.9699 70.9198 0
1077 34.6048 70.9899 0
1078 38.3619 71.0482 0
1079 42.0495 71.1662 0
1080 45.7479 71.1957 0
1081 49.4793 71.3248 0
1082 53.1286 71.3919 0
1083 56.8518 71.355 0
1084 60.5625 71.4746 0
1085 64.2903 71.604 0
1086 67.9625 71.6098 0
1087 71.7201 71.738 0
1088 75.4263 71.7692 0
1089 79.1723 71.8875 0
1090 82.861 71.9075 0
1091 86.5318 72.0745 0
1092 90.1935 72.1661 0
1093 93.8156 72.2186 0
1094 97.6254 72.29 0
1095 101.336 72.4385 0
1096 105.091 72.4756 0
1097 108.796 72.5134 0
1098 112.484 72.5469 0
1099 116.193 72.6331 0
1100 119.867 72.6637 0
1101 123.493 72.8028 0
1102 127.335 72.8193 0
1103 131.061 72.8945 0
1104 134.738 72.8638 0
1105 -41.4168 73.0284 0
1106 -37.7215 73.1174 0
1107 -34.0314 73.1523 0
1108 -30.29 73.2185 0
1109 -26.5657 73.2835 0
1110 -22.8246 73.3487 0
1111 -19.104 73.5231 0
1112 -15.4151 73.5455 0
1113 -11.6661 73.5591 0
1114 -7.92153 73.6002 0
1115 -4.33607 73.6674 0
1116 -0.654099 73.7197 0
1117 3.08436 73.7549 0
1118 6.85742 73.8052 0
1119 10.5491 73.8307 0
1120 14.2457 73.8621 0
1121 17.9447 73.9457 0
1122 21.6389 74.0861 0
1123 25.383 74.0862 0
1124 29.1066 74.0875 0
1125 32.7327 74.1775 0
1126 36.4162 74.1672 0
1127 40.1228 74.2612 0
1128 43.7959 74.377 0
1129 47.4832 74.4396 0
1130 51.2212 74.5229 0
1131 54.9746 74.5579 0
1132 58.6676 74.6567 0
1133 62.4308 74.7339 0
1134 66.1074 74.7682 0
1135 69.8293 74.8762 0
1136 73.521 74.929 0
1137 77.2287 75.0232 0
1138 80.94 75.1394 0
1139 84.6634 75.1557 0
1140 88.2948 75.2718 0
1141 91.9774 75.4146 0
1142 95.6857 75.4649 0
1143 99.3985 75.6001 0
1144 103.127 75.6134 0
1145 106.812 75.7155 0
1146 110.571 75.7792 0
1147 114.248 75.8 0
1148 117.947 75.9158 0
1149 121.578 75.9673 0
1150 125.353 76.0662 0
1151 129.077 76.0434 0
1152 132.828 76.1603 0
1153 -43.4003 76.1501 0
1154 -39.6064 76.2159 0
1155 -35.914 76.2501 0
1156 -32.2551 76.4155 0
1157 -28.4906 76.4629 0
1158 -24.7761 76.4847 0
1159 -21.0328 76.6213 0
1160 -17.2478 76.7614 0
1161 -13.6127 76.7727 0
1162 -9.91096 76.7782 0
1163 -6.19285 76.8251 0
1164 -2.54544 76.9408 0
1165 1.15742 76.9561 0
1166 4.95107 77.0133 0
1167 8.5926 76.9823 0
1168 12.2594 77.0594 0
1169 15.9718 77.1479 0
1170 19.7341 77.1882 0
1171 23.4561 77.2585 0
1172 27.143 77.3451 0
1173 30.7695 77.4003 0
1174 34.4489 77.4222 0
1175 38.2069 77.4611 0
1176 41.8914 77.5721 0
1177 45.641 77.6214 0
1178 49.2726 77.5955 0
1179 53.1293 77.7698 0
1180 56.7467 77.7994 0
1181 60.5029 77.9493 0
1182 64.1751 77.9264 0
1183 67.8537 78.1044 0
1184 71.5541 78.1194 0
1185 75.2853 78.2188 0
1186 78.9904 78.3606 0
1187 82.6693 78.3515 0
1188 86.3925 78.4949 0
1189 90.1728 78.585 0
1190 93.797 78.6395 0
1191 97.4495 78.7099 0
1192 101.162 78.7785 0
1193 104.856 78.8381 0
1194 108.592 78.9379 0
1195 112.332 78.9714 0
1196 116.037 79.0343 0
1197 119.739 79.1111 0
1198 123.442 79.1734 0
1199 127.169 79.2154 0
1200 130.876 79.2766 0
1201 -45.314 79.3602 0
1202 -41.548 79.3567 0
1203 -37.8608 79.452 0
1204 -34.1318 79.5461 0
1205 -30.3553 79.7036 0
1206 -26.6811 79.7577 0
1207 -22.9996 79.7447 0
1208 -19.2949 79.853 0
1209 -15.5618 79.9585 0
1210 -11.8241 79.979 0
1211 -8.115 80.0214 0
1212 -4.48181 80.0824 0
1213 -0.758472 80.1156 0
1214 2.99513 80.1865 0
1215 6.65169 80.2673 0
1216 10.3834 80.2046 0
1217 14.1546 80.313 0
1218 17.8626 80.3345 0
1219 21.5707 80.423 0
1220 25.2232 80.4967 0
1221 28.9276 80.6209 0
1222 32.5912 80.6329 0
1223 36.2301 80.6715 0
1224 39.9051 80.7282 0
1225 43.7235 80.7969 0
1226 47.4304 80.8664 0
1227 51.1417 80.9279 0
1228 54.892 80.9605 0
1229 58.6164 81.1189 0
1230 62.2766 81.1562 0
1231 65.9718 81.227 0
1232 69.6329 81.3308 0
1233 73.3046 81.3891 0
1234 77.012 81.4441 0
1235 80.6968 81.5351 0
1236 84.3902 81.5857 0
1237 88.1836 81.7284 0
1238 91.8635 81.8074 0
1239 95.5157 81.9242 0
1240 99.2331 81.9849 0
1241 102.936 82.0572 0
1242 106.673 82.0875 0
1243 110.45 82.1615 0
1244 114.189 82.1737 0
1245 117.821 82.2761 0
1246 121.471 82.3517 0
1247 125.119 82.3894 0
1248 128.912 82.433 0
1249 -47.2156 82.5097 0
1250 -43.5166 82.5546 0
1251 -39.7961 82.5562 0
1252 -36.0508 82.6421 0
1253 -32.3402 82.7467 0
1254 -28.5994 82.8875 0
1255 -24.9074 83.0076 0
1256 -21.2686 83.0383 0
1257 -17.4932 83.0398 0
1258 -13.7693 83.1157 0
1259 -10.0862 83.2363 0
1260 -6.39206 83.2381 0
1261 -2.69258 83.3571 0
1262 1.05333 83.397 0
1263 4.75714 83.3993 0
1264 8.53027 83.3991 0
1265 12.2431 83.5132 0
1266 15.936 83.5329 0
1267 19.6439 83.6358 0
1268 23.3163 83.738 0
1269 27.0038 83.764 0
1270 30.6913 83.8599 0
1271 34.3487 83.9018 0
1272 38.02 83.9794 0
1273 41.7432 83.9813 0
1274 45.4371 84.0255 0
1275 49.243 84.0489 0
1276 52.9704 84.1137 0
1277 56.6213 84.1969 0
1278 60.3871 84.3199 0
1279 64.0082 84.4559 0
1280 67.7107 84.4675 0
1281 71.3425 84.5889 0
1282 75.1096 84.5836 0
1283 78.8228 84.7144 0
1284 82.5026 84.7581 0
1285 86.1742 84.8816 0
1286 89.892 84.9969 0
1287 93.602 85.0553 0
1288 97.3421 85.1595 0
1289 101.063 85.2102 0
1290 104.768 85.2155 0
1291 108.498 85.2698 0
1292 112.223 85.3511 0
1293 115.941 85.4695 0
1294 119.655 85.5418 0
1295 123.322 85.61 0
1296 127.01 85.6722 0
1297 -49.124 85.681 0
1298 -45.4182 85.767 0
1299 -41.7325 85.8564 0
1300 -38.0927 85.8402 0
1301 -34.2818 85.8782 0
1302 -30.6006 86.0546 0
1303 -26.8675 86.1413 0
1304 -23.1497 86.2051 0
1305 -19.3998 86.2431 0
1306 -15.7282 86.331 0
1307 -12.114 86.4282 0
1308 -8.34185 86.4287 0
1309 -4.6492 86.4872 0
1310 -0.907332 86.5577 0
1311 2.89681 86.5595 0
1312 6.51562 86.619 0
1313 10.2454 86.6639 0
1314 13.8883 86.7627 0
1315 17.6697 86.78 0
1316 21.3594 86.9284 0
1317 25.1118 86.9203 0
1318 28.7904 87.0246 0
1319 32.5205 87.0928 0
1320 36.1423 87.1102 0
1321 39.8999 87.1631 0
1322 43.5304 87.2179 0
1323 47.2992 87.227 0
1324 51.015 87.3149 0
1325 54.7169 87.4013 0
1326 58.3682 87.4983 0
1327 62.087 87.5759 0
1328 65.8219 87.6781 0
1329 69.4501 87.7643 0
1330 73.1742 87.7496 0
1331 76.9634 87.8872 0
1332 80.5818 88.0177 0
1333 84.2174 88.0588 0
1334 87.936 88.1238 0
1335 91.6291 88.2233 0
1336 95.38 88.3174 0
1337 99.0638 88.3646 0
1338 102.864 88.432 0
1339 106.58 88.4644 0
1340 110.288 88.5742 0
1341 114.008 88.5968 0
1342 117.722 88.7019 0
1343 121.461 88.7534 0
1344 125.148 88.8291 0
1345 -51.0927 88.9257 0
1346 -47.3466 88.9668 0
1347 -43.678 88.9554 0
1348 -40.0001 89.0358 0
1349 -36.2996 89.1254 0
1350 -32.47 89.1704 0
1351 -28.7655 89.3105 0
1352 -25.0939 89.377 0
1353 -21.3134 89.4144 0
1354 -17.6527 89.5122 0
1355 -13.9552 89.616 0
1356 -10.2666 89.5726 0
1357 -6.46577 89.6666 0
1358 -2.7463 89.7083 0
1359 0.942724 89.7977 0
1360 4.65194 89.8205 0
1361 8.31626 89.8994 0
1362 11.9965 89.9046 0
1363 15.7479 90.0077 0
1364 19.4262 90.0194 0
1365 23.1084 90.1753 0
1366 26.8927 90.2759 0
1367 30.6083 90.3182 0
1368 34.3372 90.3383 0
1369 38.0259 90.3148 0
1370 41.7016 90.4049 0
1371 45.4207 90.4068 0
1372 49.1029 90.5099 0
1373 52.7601 90.6004 0
1374 56.4782 90.7463 0
1375 60.1248 90.7984 0
1376 63.821 90.9321 0
1377 67.5694 90.9726 0
1378 71.3139 90.9616 0
1379 74.9859 91.045 0
1380 78.66 91.1311 0
1381 82.3401 91.2271 0
1382 86.0451 91.3189 0
1383 89.6728 91.3316 0
1384 93.446 91.5339 0
1385 97.1763 91.6018 0
1386 100.88 91.6053 0
1387 104.612 91.668 0
1388 108.327 91.7373 0
1389 112.072 91.7249 0
1390 115.798 91.7965 0
1391 119.511 91.9221 0
1392 123.199 91.9426 0
1393 -52.9427 92.1024 0
1394 -49.3169 92.1419 0
1395 -45.5514 92.1697 0
1396 -41.9014 92.1776 0
1397 -38.2244 92.2841 0
1398 -34.4506 92.3894 0
1399 -30.7456 92.5118 0
1400 -26.9675 92.5571 0
1401 -23.2291 92.589 0
1402 -19.5774 92.6235 0
1403 -15.8749 92.7508 0
1404 -12.1175 92.7956 0
1405 -8.47122 92.8177 0
1406 -4.61222 92.8583 0
1407 -0.90612 92.9757 0
1408 2.76631 92.9872 0
1409 6.43746 93.1096 0
1410 10.0996 93.1875 0
1411 13.8202 93.2513 0
1412 17.5185 93.266 0
1413 21.2462 93.353 0
1414 24.9002 93.3763 0
1415 28.6949 93.4988 0
1416 32.3984 93.5711 0
1417 36.0753 93.5415 0
1418 39.7525 93.5572 0
1419 43.4951 93.6383 0
1420 47.2118 93.6422 0
1421 50.8464 93.7745 0
1422 54.4854 93.8558 0
1423 58.2391 93.941 0
1424 61.9802 94.058 0
1425 65.6608 94.1355 0
1426 69.3171 94.2128 0
1427 73.0479 94.3196 0
1428 76.7437 94.2986 0
1429 80.3958 94.4052 0
1430 84.1324 94.5455 0
1431 87.847 94.522 0
1432 91.5425 94.6281 0
1433 95.3191 94.7704 0
1434 98.9408 94.8337 0
1435 102.63 94.8935 0
1436 106.397 94.9859 0
1437 110.144 94.9496 0
1438 113.846 94.9699 0
1439 117.547 95.0506 0
1440 121.236 95.1368 0
1441 -54.8568 95.2312 0
1442 -51.1517 95.3491 0
1443 -47.4387 95.3358 0
1444 -43.7481 95.3506 0
1445 -40.0469 95.4125 0
1446 -36.3714 95.4976 0
1447 -32.6441 95.7248 0
1448 -28.9052 95.8023 0
1449 -25.2124 95.7454 0
1450 -21.5731 95.8467 0
1451 -17.8035 95.8941 0
1452 -14.0823 95.9643 0
1453 -10.3219 96.0251 0
1454 -6.59691 96.053 0
1455 -2.8802 96.1606 0
1456 0.878301 96.2367 0
1457 4.54421 96.2441 0
1458 8.23071 96.3201 0
1459 11.9227 96.4194 0
1460 15.597 96.4135 0
1461 19.3102 96.5423 0
1462 22.9851 96.6256 0
1463 26.7237 96.6694 0
1464 30.4426 96.7927 0
1465 34.1657 96.8304 0
1466 37.7955 96.7663 0
1467 41.5283 96.8311 0
1468 45.2325 96.9013 0
1469 48.928 97.0035 0
1470 52.5937 97.051 0
1471 56.345 97.0989 0
1472 60.1089 97.2157 0
1473 63.7389 97.2606 0
1474 67.4369 97.4187 0
1475 71.1044 97.4606 0
1476 74.7879 97.4812 0
1477 78.4849 97.6309 0
1478 82.1673 97.6504 0
1479 85.886 97.7864 0
1480 89.5691 97.8494 0
1481 93.3284 97.8803 0
1482 97.0267 97.9738 0
1483 100.74 98.0089 0
1484 104.456 98.181 0
1485 108.227 98.1872 0
1486 111.907 98.2093 0
1487 115.572 98.2085 0
1488 119.304 98.3094 0
1489 -56.8806 98.4166 0
1490 -53.1416 98.479 0
1491 -49.4067 98.5619 0
1492 -45.7001 98.5895 0
1493 -42.0271 98.6596 0
1494 -38.3586 98.7373 0
1495 -34.5582 98.8762 0
1496 -30.8276 98.9696 0
1497 -27.09 98.9791 0
1498 -23.4279 99.0319 0
1499 -19.6855 99.0419 0
1500 -15.98 99.1136 0
1501 -12.3845 99.264 0
1502 -8.55801 99.2544 0
1503 -4.90987 99.308 0
1504 -1.16192 99.3769 0
1505 2.55902 99.5051 0
1506 6.25716 99.4637 0
1507 9.9757 99.5959 0
1508 13.6711 99.6805 0
1509 17.3674 99.6736 0
1510 21.068 99.7462 0
1511 24.7844 99.878 0
1512 28.5394 99.9352 0
1513 32.2953 99.9583 0
1514 35.9608 99.9275 0
1515 39.6353 100.047 0
1516 43.2694 100.096 0
1517 47.015 100.174 0
1518 50.6968 100.256 0
1519 54.4686 100.293 0
1520 58.1491 100.322 0
1521 61.8604 100.519 0
1522 65.5903 100.624 0
1523 69.2284 100.653 0
1524 72.8993 100.642 0
1525 76.5637 100.745 0
1526 80.2466 100.954 0
1527 83.8779 100.92 0
1528 87.6251 101.02 0
1529 91.3576 101.067 0
1530 95.0421 101.129 0
1531 98.7225 101.21 0
1532 102.506 101.294 0
1533 106.259 101.454 0
1534 110.003 101.368 0
1535 113.703 101.447 0
1536 117.331 101.511 0
1537 -58.8227 101.556 0
1538 -55.0935 101.676 0
1539 -51.3233 101.664 0
1540 -47.6104 101.804 0
1541 -43.9218 101.849 0
1542 -40.2135 101.901 0
1543 -36.5425 102.008 0
1544 -32.7995 102.117 0
1545 -29.0608 102.184 0
1546 -25.2995 102.231 0
1547 -21.603 102.231 0
1548 -17.938 102.335 0
1549 -14.2527 102.412 0
1550 -10.5436 102.435 0
1551 -6.80793 102.522 0
1552 -3.12816 102.581 0
1553 0.627982 102.662 0
1554 4.29595 102.743 0
1555 8.06853 102.745 0
1556 11.8179 102.815 0
1557 15.4234 102.87 0
1558 19.0986 102.954 0
1559 22.9148 103.043 0
1560 26.593 103.115 0
1561 30.3251 103.174 0
1562 34.0193 103.258 0
1563 37.7302 103.252 0
1564 41.4361 103.37 0
1565 45.0984 103.332 0
1566 48.7663 103.469 0
1567 52.5086 103.482 0
1568 56.2933 103.489 0
1569 59.9178 103.579 0
1570 63.7064 103.809 0
1571 67.3246 103.854 0
1572 70.9967 103.877 0
1573 74.6448 103.949 0
1574 78.3506 104.106 0
1575 82.0842 104.218 0
1576 85.7479 104.244 0
1577 89.4097 104.281 0
1578 93.1644 104.319 0
1579 96.8217 104.389 0
1580 100.516 104.516 0
1581 104.295 104.582 0
1582 108.062 104.588 0
1583 111.774 104.707 0
1584 115.451 104.755 0
1585 -60.7903 104.76 0
1586 -57.0752 104.803 0
1587 -53.3529 104.874 0
1588 -49.5907 104.91 0
1589 -45.9101 105.019 0
1590 -42.1801 105.189 0
1591 -38.4164 105.181 0
1592 -34.7202 105.237 0
1593 -31.0196 105.288 0
1594 -27.323 105.326 0
1595 -23.5873 105.483 0
1596 -19.9116 105.46 0
1597 -16.1755 105.561 0
1598 -12.4822 105.617 0
1599 -8.76342 105.646 0
1600 -5.00395 105.795 0
1601 -1.31508 105.899 0
1602 2.38515 105.936 0
1603 6.04549 105.926 0
1604 9.80044 105.989 0
1605 13.5457 106.038 0
1606 17.2429 106.154 0
1607 20.9875 106.181 0
1608 24.7365 106.311 0
1609 28.4289 106.351 0
1610 32.0811 106.425 0
1611 35.7811 106.45 0
1612 39.5375 106.478 0
1613 43.2218 106.569 0
1614 46.8112 106.633 0
1615 50.5773 106.663 0
1616 54.3439 106.692 0
1617 57.9828 106.778 0
1618 61.7406 106.907 0
1619 65.4637 107.017 0
1620 69.1346 107.079 0
1621 72.7604 107.096 0
1622 76.4861 107.293 0
1623 80.162 107.339 0
1624 83.8455 107.442 0
1625 87.5217 107.462 0
1626 91.2199 107.546 0
1627 94.9407 107.64 0
1628 98.6015 107.693 0
1629 102.351 107.776 0
1630 106.109 107.775 0
1631 109.86 107.797 0
1632 113.512 107.925 0
1633 -62.6702 107.911 0
1634 -59.0239 107.976 0
1635 -55.2867 108.033 0
1636 -51.5585 108.077 0
1637 -47.8659 108.152 0
1638 -44.1808 108.256 0
1639 -40.4317 108.35 0
1640 -36.6119 108.422 0
1641 -32.9713 108.535 0
1642 -29.2052 108.532 0
1643 -25.5067 108.597 0
1644 -21.8671 108.707 0
1645 -18.0677 108.709 0
1646 -14.407 108.817 0
1647 -10.7097 108.794 0
1648 -6.94636 108.901 0
1649 -3.30178 109.047 0
1650 0.421717 109.146 0
1651 4.10936 109.243 0
1652 7.84782 109.226 0
1653 11.5622 109.223 0
1654 15.3463 109.329 0
1655 19.0107 109.358 0
1656 22.7708 109.453 0
1657 26.4871 109.48 0
1658 30.1602 109.553 0
1659 33.8212 109.673 0
1660 37.591 109.588 0
1661 41.2789 109.721 0
1662 45.0255 109.803 0
1663 48.7195 109.825 0
1664 52.3639 109.88 0
1665 56.0985 110.05 0
1666 59.7272 110.06 0
1667 63.406 110.177 0
1668 67.2359 110.172 0
1669 70.845 110.279 0
1670 74.5406 110.357 0
1671 78.2179 110.492 0
1672 81.9825 110.643 0
1673 85.6974 110.633 0
1674 89.3493 110.726 0
1675 93.0261 110.765 0
1676 96.6715 110.86 0
1677 100.366 110.908 0
1678 104.185 110.968 0
1679 107.843 111.002 0
1680 111.553 111.021 0
1681 -64.6193 111.154 0
1682 -60.9369 111.231 0
1683 -57.2344 111.229 0
1684 -53.5126 111.327 0
1685 -49.7944 111.272 0
1686 -46.0868 111.459 0
1687 -42.356 111.527 0
1688 -38.5438 111.565 0
1689 -34.8757 111.684 0
1690 -31.1528 111.69 0
1691 -27.4578 111.77 0
1692 -23.701 111.867 0
1693 -19.9835 111.922 0
1694 -16.3072 111.984 0
1695 -12.603 112.067 0
1696 -8.94645 112.003 0
1697 -5.25541 112.169 0
1698 -1.54699 112.296 0
1699 2.18155 112.461 0
1700 5.8233 112.495 0
1701 9.64551 112.462 0
1702 13.3428 112.427 0
1703 17.1037 112.584 0
1704 20.827 112.66 0
1705 24.5618 112.714 0
1706 28.271 112.856 0
1707 31.971 112.837 0
1708 35.71 112.888 0
1709 39.4245 112.872 0
1710 43.145 112.926 0
1711 46.7837 113.093 0
1712 50.4288 113.051 0
1713 54.1051 113.178 0
1714 57.776 113.269 0
1715 61.4872 113.313 0
1716 65.2089 113.376 0
1717 68.8936 113.478 0
1718 72.5768 113.552 0
1719 76.3244 113.681 0
1720 80.0263 113.736 0
1721 83.7773 113.84 0
1722 87.4831 113.921 0
1723 91.111 113.936 0
1724 94.8398 114.011 0
1725 98.5373 114.124 0
1726 102.237 114.145 0
1727 105.918 114.129 0
1728 109.585 114.189 0
1729 -66.6016 114.278 0
1730 -62.9008 114.322 0
1731 -59.1751 114.451 0
1732 -55.4431 114.459 0
1733 -51.7773 114.6 0
1734 -48.0596 114.619 0
1735 -44.2404 114.724 0
1736 -40.5457 114.718 0
1737 -36.7151 114.782 0
1738 -33.024 114.894 0
1739 -29.353 114.984 0
1740 -25.6893 115.07 0
1741 -21.9668 115.12 0
1742 -18.2265 115.162 0
1743 -14.564 115.186 0
1744 -10.8361 115.259 0
1745 -7.14212 115.348 0
1746 -3.45003 115.512 0
1747 0.296938 115.621 0
1748 3.95642 115.685 0
1749 7.75912 115.64 0
1750 11.4734 115.638 0
1751 15.116 115.715 0
1752 18.8974 115.86 0
1753 22.6711 115.904 0
1754 26.3846 115.954 0
1755 30.0703 116.067 0
1756 33.7668 116.077 0
1757 37.5366 116.168 0
1758 41.1989 116.162 0
1759 44.8288 116.242 0
1760 48.5018 116.427 0
1761 52.1205 116.46 0
1762 55.822 116.497 0
1763 59.5503 116.521 0
1764 63.2408 116.63 0
1765 66.9727 116.67 0
1766 70.6233 116.75 0
1767 74.3356 116.768 0
1768 78.1249 116.908 0
1769 81.7986 116.954 0
1770 85.5719 117.065 0
1771 89.2758 117.118 0
1772 92.9256 117.11 0
1773 96.63 117.218 0
1774 100.266 117.306 0
1775 103.976 117.377 0
1776 107.642 117.445 0
1777 -68.4777 117.471 0
1778 -64.8125 117.514 0
1779 -61.1169 117.566 0
1780 -57.355 117.673 0
1781 -53.6816 117.748 0
1782 -49.9795 117.886 0
1783 -46.1824 117.857 0
1784 -42.4723 117.934 0
1785 -38.7995 117.925 0
1786 -35.0123 118.05 0
1787 -31.315 118.146 0
1788 -27.5967 118.216 0
1789 -23.8381 118.263 0
1790 -20.1458 118.316 0
1791 -16.4539 118.364 0
1792 -12.7167 118.429 0
1793 -9.06135 118.565 0
1794 -5.34237 118.605 0
1795 -1.69851 118.703 0
1796 2.1161 118.803 0
1797 5.85485 118.88 0
1798 9.53847 118.803 0
1799 13.2162 118.846 0
1800 16.8741 118.986 0
1801 20.5946 119.047 0
1802 24.4419 119.144 0
1803 28.1724 119.245 0
1804 31.8551 119.226 0
1805 35.5428 119.356 0
1806 39.2392 119.386 0
1807 42.9347 119.475 0
1808 46.5844 119.629 0
1809 50.2997 119.631 0
1810 53.9705 119.673 0
1811 57.6246 119.711 0
1812 61.3451 119.76 0
1813 65.0373 119.841 0
1814 68.7285 119.915 0
1815 72.3868 119.928 0
1816 76.1931 120.041 0
1817 79.8164 120.169 0
1818 83.4964 120.188 0
1819 87.2949 120.302 0
1820 90.978 120.351 0
1821 94.6525 120.404 0
1822 98.3362 120.553 0
1823 102.064 120.661 0
1824 105.743 120.606 0
1825 -70.3845 120.658 0
1826 -66.6843 120.738 0
1827 -62.9829 120.769 0
1828 -59.2694 120.832 0
1829 -55.5169 120.966 0
1830 -51.8931 121.003 0
1831 -48.0864 121.073 0
1832 -44.3942 121.152 0
1833 -40.7059 121.228 0
1834 -36.8938 121.201 0
1835 -33.1673 121.303 0
1836 -29.5124 121.405 0
1837 -25.7867 121.464 0
1838 -22.0587 121.512 0
1839 -18.3721 121.605 0
1840 -14.6686 121.612 0
1841 -10.9839 121.764 0
1842 -7.23769 121.759 0
1843 -3.58303 121.811 0
1844 0.18858 121.922 0
1845 3.90846 121.979 0
1846 7.6078 122.084 0
1847 11.2578 122.198 0
1848 15.0116 122.183 0
1849 18.6896 122.258 0
1850 22.3348 122.279 0
1851 26.1158 122.369 0
1852 29.9353 122.412 0
1853 33.5846 122.469 0
1854 37.3013 122.627 0
1855 40.9511 122.636 0
1856 44.6443 122.796 0
1857 48.3818 122.842 0
1858 52.0078 122.918 0
1859 55.7161 122.932 0
1860 59.462 122.97 0
1861 63.078 123.011 0
1862 66.7915 123.094 0
1863 70.4853 123.187 0
1864 74.2194 123.152 0
1865 77.8705 123.276 0
1866 81.5975 123.382 0
1867 85.3213 123.409 0
1868 89.032 123.495 0
1869 92.7167 123.636 0
1870 96.4583 123.683 0
1871 100.107 123.781 0
1872 103.802 123.835 0
1873 -72.2849 123.885 0
1874 -68.6044 123.944 0
1875 -64.852 123.973 0
1876 -61.1586 124.017 0
1877 -57.4521 124.033 0
1878 -53.7459 124.202 0
1879 -50.0896 124.292 0
1880 -46.3036 124.302 0
1881 -42.5413 124.389 0
1882 -38.8934 124.363 0
1883 -35.1513 124.452 0
1884 -31.4492 124.579 0
1885 -27.729 124.681 0
1886 -23.987 124.715 0
1887 -20.2833 124.779 0
1888 -16.5921 124.868 0
1889 -12.9704 124.95 0
1890 -9.26237 124.987 0
1891 -5.57339 125.037 0
1892 -1.82187 125.057 0
1893 1.89056 125.155 0
1894 5.59748 125.216 0
1895 9.33406 125.404 0
1896 13.1064 125.399 0
1897 16.7634 125.376 0
1898 20.4629 125.483 0
1899 24.159 125.518 0
1900 27.8851 125.579 0
1901 31.6905 125.722 0
1902 35.3994 125.798 0
1903 38.997 125.82 0
1904 42.7719 125.917 0
1905 46.4365 126.054 0
1906 50.1061 126.063 0
1907 53.8443 126.086 0
1908 57.5282 126.133 0
1909 61.2049 126.214 0
1910 64.8629 126.262 0
1911 68.4641 126.36 0
1912 72.1667 126.417 0
1913 75.9676 126.432 0
1914 79.6693 126.549 0
1915 83.3557 126.688 0
1916 87.1394 126.658 0
1917 90.8187 126.747 0
1918 94.5147 126.834 0
1919 98.157 126.966 0
1920 101.911 127.057 0
1921 -74.3121 126.971 0
1922 -70.572 127.094 0
1923 -66.8029 127.171 0
1924 -63.1011 127.177 0
1925 -59.4093 127.277 0
1926 -55.6663 127.336 0
1927 -51.9823 127.432 0
1928 -48.2229 127.539 0
1929 -44.5236 127.547 0
1930 -40.776 127.567 0
1931 -37.0785 127.67 0
1932 -33.373 127.696 0
1933 -29.6826 127.882 0
1934 -25.9291 127.865 0
1935 -22.2595 127.962 0
1936 -18.5527 128.025 0
1937 -14.8697 128.128 0
1938 -11.1741 128.205 0
1939 -7.39755 128.217 0
1940 -3.70878 128.226 0
1941 -0.0290842 128.348 0
1942 3.65835 128.416 0
1943 7.34129 128.532 0
1944 11.1503 128.554 0
1945 14.8646 128.653 0
1946 18.5218 128.721 0
1947 22.2042 128.685 0
1948 25.9634 128.758 0
1949 29.6951 128.881 0
1950 33.4124 128.962 0
1951 37.0352 129.059 0
1952 40.7838 129.063 0
1953 44.4923 129.181 0
1954 48.2384 129.3 0
1955 51.9112 129.335 0
1956 55.6035 129.35 0
1957 59.2555 129.394 0
1958 62.9472 129.406 0
1959 66.5909 129.602 0
1960 70.2652 129.578 0
1961 74.015 129.586 0
1962 77.714 129.672 0
1963 81.3589 129.853 0
1964 85.0781 129.939 0
1965 88.9003 129.888 0
1966 92.6286 130.017 0
1967 96.2908 130.179 0
1968 99.954 130.144 0
1969 -76.2066 130.286 0
1970 -72.4999 130.284 0
1971 -68.7608 130.392 0
1972 -65.0634 130.435 0
1973 -61.3557 130.49 0
1974 -57.6817 130.575 0
1975 -53.9619 130.651 0
1976 -50.2275 130.684 0
1977 -46.3621 130.717 0
1978 -42.7019 130.779 0
1979 -39.0144 130.802 0
1980 -35.3304 130.914 0
1981 -31.5942 130.931 0
1982 -27.9552 131.012 0
1983 -24.2209 131.083 0
1984 -20.5204 131.223 0
1985 -16.8239 131.294 0
1986 -13.0777 131.295 0
1987 -9.36549 131.398 0
1988 -5.65341 131.484 0
1989 -1.96595 131.516 0
1990 1.789 131.602 0
1991 5.50218 131.678 0
1992 9.27569 131.779 0
1993 12.9214 131.832 0
1994 16.6352 131.859 0
1995 20.3294 131.918 0
1996 24.0024 131.898 0
1997 27.7701 132.006 0
1998 31.4888 132.143 0
1999 35.175 132.286 0
2000 38.8464 132.359 0
2001 42.5219 132.356 0
2002 46.2666 132.419 0
2003 49.9961 132.522 0
2004 53.6505 132.553 0
2005 57.3589 132.562 0
2006 61.0489 132.596 0
2007 64.7693 132.692 0
2008 68.4133 132.755 0
2009 72.0603 132.875 0
2010 75.8005 132.828 0
2011 79.5047 132.959 0
2012 83.1509 133.048 0
2013 86.9287 133.111 0
2014 90.6962 133.183 0
2015 94.3779 133.27 0
2016 98.0689 133.324 0
2017 -78.0914 133.416 0
2018 -74.39 133.447 0
2019 -70.7218 133.589 0
2020 -66.9755 133.633 0
2021 -63.3392 133.661 0
2022 -59.6481 133.739 0
2023 -55.9238 133.836 0
2024 -52.1854 133.914 0
2025 -48.4517 133.878 0
2026 -44.6326 134.037 0
2027 -40.9087 134.005 0
2028 -37.261 134.143 0
2029 -33.5918 134.187 0
2030 -29.8815 134.219 0
2031 -26.2103 134.313 0
2032 -22.4065 134.304 0
2033 -18.7336 134.46 0
2034 -15.056 134.511 0
2035 -11.3364 134.583 0
2036 -7.6233 134.626 0
2037 -3.88325 134.688 0
2038 -0.168302 134.777 0
2039 3.45957 134.903 0
2040 7.27439 134.975 0
2041 10.9091 135.097 0
2042 14.6897 135.173 0
2043 18.4082 135.184 0
2044 22.0988 135.171 0
2045 25.862 135.128 0
2046 29.5244 135.265 0
2047 33.2159 135.436 0
2048 36.9047 135.449 0
2049 40.6022 135.608 0
2050 44.2938 135.613 0
2051 47.9614 135.68 0
2052 51.7249 135.763 0
2053 55.4445 135.769 0
2054 59.1567 135.816 0
2055 62.8603 135.854 0
2056 66.5023 135.895 0
2057 70.1509 136.058 0
2058 73.8873 136.057 0
2059 77.5891 136.129 0
2060 81.2496 136.168 0
2061 84.9807 136.271 0
2062 88.788 136.334 0
2063 92.4866 136.437 0
2064 96.1185 136.508 0
2065 -80.1118 136.564 0
2066 -76.29 136.635 0
2067 -72.6 136.733 0
2068 -68.9739 136.807 0
2069 -65.2522 136.835 0
2070 -61.59 136.948 0
2071 -57.8684 137.008 0
2072 -54.0568 137.043 0
2073 -50.3069 137.123 0
2074 -46.5502 137.203 0
2075 -42.8557 137.292 0
2076 -39.1008 137.375 0
2077 -35.4559 137.326 0
2078 -31.7525 137.345 0
2079 -28.0967 137.406 0
2080 -24.3867 137.487 0
2081 -20.6996 137.619 0
2082 -17.0285 137.676 0
2083 -13.2082 137.727 0
2084 -9.57921 137.829 0
2085 -5.85039 137.922 0
2086 -2.14098 138.058 0
2087 1.5377 138.042 0
2088 5.23936 138.117 0
2089 8.92946 138.202 0
2090 12.6947 138.281 0
2091 16.4231 138.318 0
2092 20.105 138.427 0
2093 23.9189 138.414 0
2094 27.5784 138.528 0
2095 31.2239 138.569 0
2096 35.0079 138.587 0
2097 38.7237 138.733 0
2098 42.416 138.789 0
2099 46.0564 138.858 0
2100 49.7291 138.901 0
2101 53.4838 138.962 0
2102 57.2424 138.994 0
2103 60.8714 139.054 0
2104 64.556 139.122 0
2105 68.2369 139.224 0
2106 71.9515 139.292 0
2107 75.6613 139.302 0
2108 79.4117 139.412 0
2109 83.0845 139.447 0
2110 86.7486 139.493 0
2111 90.587 139.581 0
2112 94.2866 139.67 0
2113 -82.0021 139.715 0
2114 -78.3391 139.756 0
2115 -74.6107 139.867 0
2116 -70.8709 139.991 0
2117 -67.1522 139.987 0
2118 -63.4635 140.12 0
2119 -59.7973 140.162 0
2120 -56.067 140.183 0
2121 -52.316 140.252 0
2122 -48.5838 140.333 0
2123 -44.8467 140.485 0
2124 -41.1006 140.531 0
2125 -37.391 140.581 0
2126 -33.7066 140.612 0
2127 -30.0002 140.635 0
2128 -26.3067 140.668 0
2129 -22.6483 140.801 0
2130 -18.9551 140.828 0
2131 -15.1985 140.944 0
2132 -11.477 140.989 0
2133 -7.74054 141.073 0
2134 -4.0439 141.153 0
2135 -0.318934 141.238 0
2136 3.35645 141.295 0
2137 7.03849 141.374 0
2138 10.8311 141.538 0
2139 14.5535 141.576 0
2140 18.2414 141.57 0
2141 21.9215 141.617 0
2142 25.6148 141.671 0
2143 29.3549 141.772 0
2144 33.0333 141.871 0
2145 36.752 141.922 0
2146 40.3946 141.975 0
2147 44.2176 142.008 0
2148 47.896 142.036 0
2149 51.5834 142.071 0
2150 55.2182 142.281 0
2151 58.9778 142.159 0
2152 62.6457 142.26 0
2153 66.3253 142.404 0
2154 70.0478 142.469 0
2155 73.8123 142.52 0
2156 77.5072 142.55 0
2157 81.1684 142.619 0
2158 84.8741 142.69 0
2159 88.5206 142.684 0
2160 92.2559 142.825 0
2161 -83.887 142.859 0
2162 -80.1382 142.949 0
2163 -76.4947 142.98 0
2164 -72.7798 143.176 0
2165 -69.0379 143.209 0
2166 -65.3539 143.221 0
2167 -61.6993 143.36 0
2168 -57.9654 143.31 0
2169 -54.2822 143.359 0
2170 -50.5244 143.459 0
2171 -46.797 143.587 0
2172 -43.0778 143.686 0
2173 -39.334 143.792 0
2174 -35.5838 143.791 0
2175 -31.9064 143.801 0
2176 -28.226 143.843 0
2177 -24.5812 143.985 0
2178 -20.8616 144.025 0
2179 -17.1704 144.054 0
2180 -13.4856 144.257 0
2181 -9.75061 144.316 0
2182 -6.0919 144.359 0
2183 -2.29738 144.399 0
2184 1.41039 144.488 0
2185 5.07224 144.507 0
2186 8.85361 144.671 0
2187 12.6135 144.769 0
2188 16.3734 144.755 0
2189 20.0341 144.807 0
2190 23.6462 144.816 0
2191 27.3858 144.92 0
2192 31.1071 145.06 0
2193 34.7935 145.16 0
2194 38.5016 145.199 0
2195 42.2195 145.13 0
2196 45.9498 145.236 0
2197 49.678 145.33 0
2198 53.2409 145.434 0
2199 57.0256 145.523 0
2200 60.7091 145.506 0
2201 64.3675 145.506 0
2202 68.1119 145.638 0
2203 71.8607 145.713 0
2204 75.5678 145.769 0
2205 79.2841 145.829 0
2206 83.0019 145.867 0
2207 86.6311 145.972 0
2208 90.3404 145.945 0
2209 -85.8236 146.035 0
2210 -82.1578 146.056 0
2211 -78.39 146.171 0
2212 -74.7122 146.248 0
2213 -70.9926 146.331 0
2214 -67.3192 146.428 0
2215 -63.5749 146.497 0
2216 -59.9335 146.54 0
2217 -56.148 146.61 0
2218 -52.4504 146.654 0
2219 -48.6882 146.732 0
2220 -44.9836 146.814 0
2221 -41.3008 146.88 0
2222 -37.614 146.996 0
2223 -33.8985 147.055 0
2224 -30.1537 147.037 0
2225 -26.4832 147.117 0
2226 -22.7795 147.206 0
2227 -19.0943 147.349 0
2228 -15.3702 147.449 0
2229 -11.7196 147.446 0
2230 -7.95396 147.572 0
2231 -4.23183 147.596 0
2232 -0.52662 147.688 0
2233 3.13832 147.73 0
2234 6.82604 147.817 0
2235 10.5554 147.92 0
2236 14.3585 147.943 0
2237 18.0772 148.036 0
2238 21.7358 148.061 0
2239 25.3574 148.052 0
2240 29.1337 148.159 0
2241 32.7974 148.268 0
2242 36.5493 148.393 0
2243 40.3187 148.327 0
2244 43.9996 148.292 0
2245 47.6874 148.561 0
2246 51.3901 148.566 0
2247 55.0576 148.647 0
2248 58.7965 148.749 0
2249 62.5004 148.778 0
2250 66.2034 148.82 0
2251 69.9098 148.868 0
2252 73.6623 148.936 0
2253 77.3696 148.98 0
2254 81.0679 149.064 0
2255 84.7423 149.13 0
2256 88.4143 149.191 0
2257 -87.792 149.184 0
2258 -84.0127 149.228 0
2259 -80.3681 149.268 0
2260 -76.6513 149.367 0
2261 -72.9731 149.573 0
2262 -69.1834 149.594 0
2263 -65.4489 149.627 0
2264 -61.762 149.737 0
2265 -58.0907 149.712 0
2266 -54.3885 149.859 0
2267 -50.6711 149.799 0
2268 -46.9298 150.088 0
2269 -43.2162 150.168 0
2270 -39.5753 150.171 0
2271 -35.8464 150.306 0
2272 -32.1142 150.286 0
2273 -28.4872 150.347 0
2274 -24.7276 150.429 0
2275 -21.0048 150.474 0
2276 -17.3449 150.589 0
2277 -13.628 150.676 0
2278 -9.8819 150.745 0
2279 -6.13687 150.814 0
2280 -2.43318 150.852 0
2281 1.23804 150.9 0
2282 4.90863 150.966 0
2283 8.63595 151.052 0
2284 12.333 151.095 0
2285 16.0853 151.172 0
2286 19.7543 151.241 0
2287 23.4907 151.256 0
2288 27.1849 151.274 0
2289 30.9125 151.398 0
2290 34.6237 151.548 0
2291 38.3409 151.607 0
2292 42.0433 151.576 0
2293 45.7556 151.687 0
2294 49.4805 151.749 0
2295 53.1328 151.849 0
2296 56.8311 151.928 0
2297 60.5162 151.971 0
2298 64.2354 151.988 0
2299 67.9375 152.032 0
2300 71.6709 152.13 0
2301 75.4069 152.134 0
2302 79.0731 152.226 0
2303 82.7697 152.312 0
2304 86.4956 152.354 0
2305 -89.6676 152.352 0
2306 -85.9118 152.356 0
2307 -82.2914 152.45 0
2308 -78.5833 152.526 0
2309 -74.8549 152.738 0
2310 -71.1642 152.759 0
2311 -67.4502 152.81 0
2312 -63.7346 152.903 0
2313 -59.9481 152.953 0
2314 -56.3021 153.011 0
2315 -52.5757 153.073 0
2316 -48.8625 153.2 0
2317 -45.0298 153.328 0
2318 -41.3688 153.31 0
2319 -37.7335 153.413 0
2320 -34.0537 153.517 0
2321 -30.3978 153.526 0
2322 -26.689 153.611 0
2323 -22.9846 153.713 0
2324 -19.2265 153.806 0
2325 -15.5705 153.885 0
2326 -11.8904 153.913 0
2327 -8.04405 153.995 0
2328 -4.39099 154.018 0
2329 -0.668144 154.121 0
2330 3.01453 154.106 0
2331 6.69096 154.274 0
2332 10.3903 154.258 0
2333 14.1254 154.378 0
2334 17.8477 154.411 0
2335 21.5234 154.44 0
2336 25.2747 154.595 0
2337 29.068 154.627 0
2338 32.7317 154.697 0
2339 36.4603 154.848 0
2340 40.1642 154.854 0
2341 43.8527 154.873 0
2342 47.5299 154.896 0
2343 51.2625 154.995 0
2344 54.9545 155.111 0
2345 58.572 155.109 0
2346 62.3287 155.191 0
2347 66.0093 155.257 0
2348 69.7666 155.265 0
2349 73.4918 155.325 0
2350 77.1819 155.407 0
2351 80.8485 155.461 0
2352 84.6301 155.483 0
2353 -91.5518 155.549 0
2354 -87.8364 155.596 0
2355 -84.2092 155.616 0
2356 -80.5283 155.69 0
2357 -76.7712 155.863 0
2358 -73.068 155.972 0
2359 -69.3548 156.027 0
2360 -65.6669 156.053 0
2361 -62.0014 156.114 0
2362 -58.2296 156.205 0
2363 -54.5555 156.271 0
2364 -50.7927 156.388 0
2365 -47.122 156.48 0
2366 -43.3162 156.526 0
2367 -39.6263 156.62 0
2368 -35.946 156.72 0
2369 -32.2847 156.795 0
2370 -28.5758 156.748 0
2371 -24.8686 156.864 0
2372 -21.2196 156.961 0
2373 -17.522 157.067 0
2374 -13.7354 157.113 0
2375 -10.0293 157.19 0
2376 -6.33137 157.217 0
2377 -2.60764 157.228 0
2378 1.08947 157.303 0
2379 4.70163 157.409 0
2380 8.48659 157.434 0
2381 12.1948 157.497 0
2382 15.9106 157.56 0
2383 19.6136 157.609 0
2384 23.325 157.734 0
2385 27.0318 157.816 0
2386 30.7563 157.922 0
2387 34.5183 157.965 0
2388 38.2044 158.038 0
2389 41.9343 158.143 0
2390 45.6251 158.095 0
2391 49.3185 158.179 0
2392 53.0113 158.273 0
2393 56.7117 158.332 0
2394 60.369 158.297 0
2395 64.1159 158.395 0
2396 67.8605 158.432 0
2397 71.5344 158.529 0
2398 75.2839 158.582 0
2399 78.9071 158.626 0
2400 82.6561 158.659 0
2401 -93.507 158.741 0
2402 -89.8261 158.82 0
2403 -86.0981 158.81 0
2404 -82.3832 158.855 0
2405 -78.7352 158.948 0
2406 -74.9464 159.094 0
2407 -71.2349 159.158 0
2408 -67.5553 159.223 0
2409 -63.8175 159.322 0
2410 -60.1225 159.43 0
2411 -56.4449 159.515 0
2412 -52.7795 159.586 0
2413 -49.0469 159.645 0
2414 -45.3068 159.656 0
2415 -41.5649 159.802 0
2416 -37.8695 159.868 0
2417 -34.179 159.918 0
2418 -30.5467 160.016 0
2419 -26.9142 160.002 0
2420 -23.1388 160.115 0
2421 -19.4243 160.211 0
2422 -15.6677 160.323 0
2423 -11.9864 160.368 0
2424 -8.21797 160.339 0
2425 -4.54296 160.397 0
2426 -0.803139 160.505 0
2427 2.84742 160.573 0
2428 6.50327 160.583 0
2429 10.3058 160.7 0
2430 13.9667 160.677 0
2431 17.642 160.82 0
2432 21.3665 160.957 0
2433 25.063 161.01 0
2434 28.7784 161.072 0
2435 32.5766 161.138 0
2436 36.1992 161.219 0
2437 40.0058 161.269 0
2438 43.7206 161.307 0
2439 47.3234 161.354 0
2440 51.0402 161.46 0
2441 54.7947 161.527 0
2442 58.4855 161.561 0
2443 62.1622 161.612 0
2444 65.8664 161.658 0
2445 69.5928 161.743 0
2446 73.2727 161.81 0
2447 76.9588 161.831 0
2448 80.7403 161.833 0
2449 -95.4788 161.86 0
2450 -91.7531 161.99 0
2451 -88.039 162.026 0
2452 -84.3594 162.072 0
2453 -80.7065 162.143 0
2454 -76.9654 162.213 0
2455 -73.1186 162.302 0
2456 -69.4546 162.437 0
2457 -65.7869 162.477 0
2458 -62.115 162.59 0
2459 -58.394 162.673 0
2460 -54.7014 162.736 0
2461 -50.9604 162.783 0
2462 -47.2487 162.832 0
2463 -43.498 162.855 0
2464 -39.7746 163.032 0
2465 -36.0636 163.112 0
2466 -32.4313 163.166 0
2467 -28.7652 163.247 0
2468 -25.1146 163.306 0
2469 -21.3828 163.346 0
2470 -17.6474 163.478 0
2471 -13.9083 163.516 0
2472 -10.2219 163.57 0
2473 -6.5162 163.636 0
2474 -2.83173 163.707 0
2475 0.888364 163.724 0
2476 4.58587 163.779 0
2477 8.33014 163.848 0
2478 12.0268 163.903 0
2479 15.7783 163.982 0
2480 19.4052 164.143 0
2481 23.0718 164.141 0
2482 26.8221 164.231 0
2483 30.5271 164.303 0
2484 34.3246 164.371 0
2485 38.0375 164.476 0
2486 41.7472 164.533 0
2487 45.416 164.615 0
2488 49.1743 164.64 0
2489 52.8514 164.619 0
2490 56.5462 164.718 0
2491 60.2439 164.766 0
2492 63.9868 164.84 0
2493 67.6325 164.865 0
2494 71.2995 165.029 0
2495 75.0641 165.071 0
2496 78.7132 165.107 0
