# Time-averaged data for fix 3
# TimeStep Number-of-rows
# Row c_center[1] c_center[2] c_center[3]
8000 2496
1 3.11686 -0.0547397 0
2 6.7856 0.0859975 0
3 10.5259 0.106235 0
4 14.1836 0.229883 0
5 17.9217 0.275879 0
6 21.6221 0.259338 0
7 25.3808 0.336708 0
8 29.0008 0.403665 0
9 32.696 0.428164 0
10 36.4764 0.480578 0
11 40.1987 0.547014 0
12 43.8621 0.604425 0
13 47.5355 0.710763 0
14 51.2337 0.821402 0
15 54.9323 0.959659 0
16 58.7342 0.881514 0
17 62.4342 0.940662 0
18 66.1665 1.00332 0
19 69.9044 1.13694 0
20 73.5164 1.15055 0
21 77.1885 1.16777 0
22 80.8369 1.27551 0
23 84.6033 1.33887 0
24 88.2899 1.39046 0
25 91.9574 1.4673 0
26 95.714 1.5944 0
27 99.4058 1.63573 0
28 103.096 1.73272 0
29 106.894 1.72541 0
30 110.601 1.79044 0
31 114.327 1.92036 0
32 118.071 2.05346 0
33 121.796 2.07967 0
34 125.472 2.13768 0
35 129.233 2.19183 0
36 132.895 2.27468 0
37 136.557 2.30305 0
38 140.24 2.39245 0
39 144.066 2.50862 0
40 147.714 2.46462 0
41 151.457 2.66856 0
42 155.1 2.64558 0
43 158.781 2.7416 0
44 162.437 2.90314 0
45 166.254 2.87379 0
46 170.007 2.97471 0
47 173.71 2.95663 0
48 177.339 2.96446 0
49 1.22574 3.03579 0
50 4.83879 3.15654 0
51 8.54058 3.35604 0
52 12.3003 3.36748 0
53 16.0079 3.45261 0
54 19.7846 3.50068 0
55 23.4467 3.54376 0
56 27.0909 3.55709 0
57 30.7758 3.58541 0
58 34.462 3.58015 0
59 38.2667 3.6793 0
60 41.9029 3.8541 0
61 45.6062 3.90409 0
62 49.3522 3.98076 0
63 53.0191 4.04498 0
64 56.7096 4.09425 0
65 60.4737 4.14103 0
66 64.2567 4.15907 0
67 67.9202 4.32128 0
68 71.592 4.32104 0
69 75.2675 4.36077 0
70 78.9626 4.46109 0
71 82.6367 4.50909 0
72 86.4195 4.54126 0
73 90.1022 4.61623 0
74 93.7716 4.73684 0
75 97.4435 4.83963 0
76 101.111 4.87312 0
77 104.902 4.95886 0
78 108.64 4.97384 0
79 112.442 5.02867 0
80 116.182 5.15249 0
81 119.783 5.24819 0
82 123.546 5.34288 0
83 127.217 5.46355 0
84 130.943 5.5695 0
85 134.655 5.55555 0
86 138.335 5.57929 0
87 142.041 5.66795 0
88 145.842 5.6883 0
89 149.492 5.80414 0
90 153.253 5.84947 0
91 156.88 5.93217 0
92 160.51 6.0303 0
93 164.278 6.05162 0
94 167.978 6.18184 0
95 171.727 6.15829 0
96 175.451 6.20994 0
97 -0.735524 6.27699 0
98 2.93048 6.31673 0
99 6.60764 6.4588 0
100 10.3744 6.52719 0
101 14.0674 6.60785 0
102 17.7591 6.66555 0
103 21.4938 6.68705 0
104 25.1792 6.71308 0
105 28.8716 6.77408 0
106 32.5727 6.80282 0
107 36.2451 6.81961 0
108 39.9375 6.97658 0
109 43.6599 7.03405 0
110 47.3256 7.16772 0
111 51.1159 7.23477 0
112 54.8676 7.24039 0
113 58.5419 7.31004 0
114 62.2095 7.34821 0
115 65.941 7.35442 0
116 69.6865 7.52321 0
117 73.3648 7.61611 0
118 77.0463 7.57344 0
119 80.7618 7.63487 0
120 84.474 7.69252 0
121 88.0884 7.8248 0
122 91.8175 7.92639 0
123 95.4907 7.9617 0
124 99.2822 8.07675 0
125 102.973 8.1653 0
126 106.73 8.20369 0
127 110.487 8.19604 0
128 114.228 8.23325 0
129 117.905 8.36621 0
130 121.621 8.50226 0
131 125.276 8.63191 0
132 128.979 8.7746 0
133 132.745 8.85948 0
134 136.45 8.83437 0
135 140.091 8.81665 0
136 143.766 8.89338 0
137 147.601 8.97271 0
138 151.302 8.96428 0
139 154.979 9.11942 0
140 158.615 9.19154 0
141 162.351 9.23224 0
142 166.036 9.31335 0
143 169.746 9.33789 0
144 173.472 9.42223 0
145 -2.69858 9.44592 0
146 0.941812 9.54641 0
147 4.64275 9.61165 0
148 8.3006 9.68465 0
149 12.1298 9.74904 0
150 15.9384 9.85134 0
151 19.6259 9.85205 0
152 23.2457 9.86213 0
153 27.0017 9.95575 0
154 30.6764 9.96795 0
155 34.3777 10.0031 0
156 38.0183 10.0856 0
157 41.7543 10.1592 0
158 45.4278 10.2469 0
159 49.1703 10.3724 0
160 52.8846 10.4131 0
161 56.5554 10.4817 0
162 60.2347 10.5294 0
163 64.0292 10.4894 0
164 67.6502 10.5973 0
165 71.3666 10.741 0
166 75.0947 10.8352 0
167 78.8287 10.7937 0
168 82.5534 10.8466 0
169 86.1972 10.9492 0
170 89.892 11.0662 0
171 93.5182 11.1198 0
172 97.2561 11.2222 0
173 101.1 11.3219 0
174 104.845 11.4457 0
175 108.537 11.4181 0
176 112.305 11.5032 0
177 116.024 11.601 0
178 119.724 11.6462 0
179 123.423 11.7318 0
180 127.126 11.9038 0
181 130.78 12.0048 0
182 134.491 12.0506 0
183 138.206 12.0194 0
184 141.901 12.0374 0
185 145.638 12.1753 0
186 149.396 12.1425 0
187 153.04 12.2414 0
188 156.717 12.3098 0
189 160.413 12.3891 0
190 164.093 12.4538 0
191 167.848 12.5156 0
192 171.507 12.564 0
193 -4.65356 12.5976 0
194 -0.929788 12.7459 0
195 2.71937 12.7785 0
196 6.37594 12.9211 0
197 10.1116 12.8933 0
198 13.8663 12.9528 0
199 17.6171 13.0772 0
200 21.3662 13.1076 0
201 25.0711 13.1112 0
202 28.7227 13.122 0
203 32.4429 13.1951 0
204 36.1889 13.2349 0
205 39.813 13.3729 0
206 43.5185 13.5001 0
207 47.1564 13.5272 0
208 50.9171 13.5955 0
209 54.6471 13.6284 0
210 58.3303 13.699 0
211 61.9864 13.718 0
212 65.7292 13.8086 0
213 69.4495 13.8823 0
214 73.1829 13.9704 0
215 76.9007 14.0522 0
216 80.6685 14.111 0
217 84.3334 14.1409 0
218 88.0003 14.2121 0
219 91.6965 14.3007 0
220 95.397 14.3557 0
221 99.065 14.4147 0
222 102.902 14.6548 0
223 106.629 14.6527 0
224 110.354 14.6687 0
225 114.041 14.8011 0
226 117.769 14.8473 0
227 121.442 14.9296 0
228 125.198 15.0822 0
229 128.863 15.2085 0
230 132.598 15.2053 0
231 136.293 15.1752 0
232 140.001 15.2497 0
233 143.745 15.2735 0
234 147.427 15.3767 0
235 151.042 15.461 0
236 154.746 15.4947 0
237 158.483 15.5557 0
238 162.208 15.5804 0
239 165.923 15.7568 0
240 169.564 15.7975 0
241 -6.63852 15.8312 0
242 -2.90795 15.8857 0
243 0.800724 15.9641 0
244 4.47962 16.0315 0
245 8.1801 16.0766 0
246 11.8513 16.1026 0
247 15.5838 16.1683 0
248 19.3349 16.2684 0
249 23.0788 16.3252 0
250 26.8105 16.3161 0
251 30.519 16.3625 0
252 34.1541 16.4109 0
253 37.9208 16.5234 0
254 41.658 16.6071 0
255 45.3187 16.6985 0
256 49.0232 16.7035 0
257 52.685 16.8666 0
258 56.3808 16.9136 0
259 60.0797 16.94 0
260 63.7757 16.9359 0
261 67.4919 17.0597 0
262 71.1489 17.1411 0
263 74.8732 17.1704 0
264 78.5961 17.2784 0
265 82.4129 17.3188 0
266 86.0673 17.4173 0
267 89.7308 17.4472 0
268 93.4928 17.5785 0
269 97.2261 17.6404 0
270 101.004 17.8078 0
271 104.642 17.8714 0
272 108.42 17.8662 0
273 112.085 17.9357 0
274 115.774 18.043 0
275 119.427 18.0701 0
276 123.156 18.1841 0
277 126.917 18.3004 0
278 130.677 18.3977 0
279 134.386 18.455 0
280 138.054 18.4467 0
281 141.793 18.4243 0
282 145.459 18.5423 0
283 149.128 18.6446 0
284 152.817 18.6783 0
285 156.563 18.7264 0
286 160.281 18.7692 0
287 164.024 18.857 0
288 167.683 18.9554 0
289 -8.49039 19.074 0
290 -4.76359 19.0931 0
291 -1.10098 19.1524 0
292 2.59379 19.2629 0
293 6.31116 19.2669 0
294 10.0387 19.3367 0
295 13.7387 19.3427 0
296 17.4695 19.3887 0
297 21.1566 19.471 0
298 24.8745 19.5184 0
299 28.6206 19.4831 0
300 32.3481 19.5766 0
301 36.0364 19.6136 0
302 39.7434 19.7104 0
303 43.4784 19.8623 0
304 47.1344 19.9119 0
305 50.7587 19.9438 0
306 54.4545 20.0363 0
307 58.2313 20.0803 0
308 61.8783 20.1708 0
309 65.6331 20.2929 0
310 69.2255 20.3212 0
311 72.9581 20.3451 0
312 76.6683 20.3509 0
313 80.3989 20.4698 0
314 84.1338 20.5295 0
315 87.8358 20.6116 0
316 91.5551 20.719 0
317 95.2372 20.8117 0
318 98.9822 20.9304 0
319 102.731 21.0067 0
320 106.446 21.0732 0
321 110.031 21.1664 0
322 113.739 21.2136 0
323 117.513 21.2219 0
324 121.2 21.3151 0
325 124.989 21.4367 0
326 128.718 21.4837 0
327 132.444 21.5834 0
328 136.086 21.6735 0
329 139.804 21.6404 0
330 143.476 21.736 0
331 147.196 21.7396 0
332 150.93 21.7951 0
333 154.723 21.8969 0
334 158.391 21.9504 0
335 162.061 21.973 0
336 165.788 22.1724 0
337 -10.4365 22.2061 0
338 -6.70562 22.2727 0
339 -3.0785 22.3682 0
340 0.70837 22.4141 0
341 4.41953 22.4539 0
342 8.08111 22.4855 0
343 11.7661 22.5134 0
344 15.5813 22.5992 0
345 19.2027 22.6085 0
346 22.9093 22.7034 0
347 26.6262 22.6848 0
348 30.3894 22.7638 0
349 34.2069 22.8303 0
350 37.8405 22.9335 0
351 41.4498 22.9566 0
352 45.1468 23.0651 0
353 48.8469 23.1448 0
354 52.5834 23.187 0
355 56.27 23.2645 0
356 59.9226 23.3926 0
357 63.6358 23.4698 0
358 67.3773 23.5664 0
359 71.0553 23.5396 0
360 74.763 23.5428 0
361 78.4731 23.6748 0
362 82.2104 23.7918 0
363 85.9509 23.8317 0
364 89.6159 23.9036 0
365 93.3381 24.0103 0
366 97.0045 24.0685 0
367 100.656 24.1495 0
368 104.466 24.2087 0
369 108.154 24.3166 0
370 111.873 24.3973 0
371 115.534 24.4441 0
372 119.266 24.5007 0
373 122.964 24.5833 0
374 126.77 24.6502 0
375 130.434 24.7706 0
376 134.213 24.7897 0
377 137.873 24.8548 0
378 141.484 24.9299 0
379 145.187 25.0466 0
380 148.989 25.0545 0
381 152.693 25.086 0
382 156.476 25.1702 0
383 160.197 25.2683 0
384 163.871 25.3204 0
385 -12.3238 25.3605 0
386 -8.60654 25.4948 0
387 -4.93748 25.5177 0
388 -1.24471 25.5753 0
389 2.49153 25.6581 0
390 6.21624 25.6887 0
391 9.90479 25.6845 0
392 13.5911 25.7457 0
393 17.28 25.9143 0
394 21.0085 25.8876 0
395 24.7116 25.8476 0
396 28.3767 25.881 0
397 32.1394 25.9823 0
398 35.8956 26.0362 0
399 39.5466 26.1948 0
400 43.2213 26.2101 0
401 46.8799 26.3202 0
402 50.6094 26.3692 0
403 54.2781 26.4326 0
404 57.9692 26.5015 0
405 61.7434 26.5966 0
406 65.4094 26.6602 0
407 69.1274 26.7464 0
408 72.8522 26.7507 0
409 76.5962 26.8527 0
410 80.2737 26.9167 0
411 83.9351 27.0312 0
412 87.616 27.098 0
413 91.3354 27.257 0
414 95.0673 27.2948 0
415 98.6928 27.387 0
416 102.443 27.4738 0
417 106.186 27.5291 0
418 109.907 27.5907 0
419 113.619 27.7059 0
420 117.367 27.7115 0
421 120.943 27.7516 0
422 124.78 27.8215 0
423 128.549 27.8878 0
424 132.171 27.9618 0
425 135.899 28.0312 0
426 139.628 28.0959 0
427 143.313 28.2402 0
428 146.992 28.3005 0
429 150.694 28.3131 0
430 154.496 28.3527 0
431 158.2 28.4123 0
432 161.92 28.4892 0
433 -14.247 28.6085 0
434 -10.5499 28.5916 0
435 -6.81733 28.7409 0
436 -3.16646 28.7834 0
437 0.616251 28.7368 0
438 4.348 28.839 0
439 8.00076 28.9601 0
440 11.7525 28.9817 0
441 15.3648 28.9998 0
442 19.0719 29.1128 0
443 22.7714 29.1331 0
444 26.548 29.0422 0
445 30.2034 29.1294 0
446 33.9145 29.2171 0
447 37.589 29.3552 0
448 41.2916 29.4285 0
449 44.9527 29.4675 0
450 48.6182 29.5905 0
451 52.3279 29.6334 0
452 56.0162 29.706 0
453 59.7822 29.7018 0
454 63.5398 29.8007 0
455 67.2299 29.9069 0
456 70.9594 30.0457 0
457 74.6612 30.0769 0
458 78.2826 30.1153 0
459 82.0258 30.2595 0
460 85.7231 30.3333 0
461 89.5086 30.4587 0
462 93.1388 30.4903 0
463 96.7837 30.579 0
464 100.658 30.6402 0
465 104.277 30.6891 0
466 107.915 30.7443 0
467 111.623 30.7958 0
468 115.302 30.9196 0
469 119.078 30.9789 0
470 122.813 31.0937 0
471 126.577 31.1391 0
472 130.245 31.135 0
473 133.924 31.1892 0
474 137.668 31.2287 0
475 141.381 31.46 0
476 145.089 31.4975 0
477 148.781 31.5172 0
478 152.516 31.5811 0
479 156.227 31.5906 0
480 159.926 31.6345 0
481 -16.1909 31.74 0
482 -12.4459 31.7793 0
483 -8.73819 31.8456 0
484 -5.07556 31.9132 0
485 -1.31192 31.9287 0
486 2.34689 32.0509 0
487 6.04221 32.1088 0
488 9.78395 32.1327 0
489 13.4574 32.1809 0
490 17.1955 32.239 0
491 20.8654 32.3079 0
492 24.5121 32.2911 0
493 28.2954 32.2994 0
494 31.965 32.4074 0
495 35.6523 32.5211 0
496 39.2922 32.6207 0
497 43.0099 32.6036 0
498 46.7049 32.7179 0
499 50.3638 32.811 0
500 54.1044 32.8643 0
501 57.7592 32.8363 0
502 61.5794 32.9609 0
503 65.3363 33.1119 0
504 68.9575 33.1486 0
505 72.6996 33.2851 0
506 76.3525 33.3745 0
507 80.1147 33.4278 0
508 83.8864 33.5043 0
509 87.5773 33.5887 0
510 91.2295 33.7192 0
511 94.8972 33.7996 0
512 98.5578 33.8308 0
513 102.281 33.8488 0
514 105.98 33.9368 0
515 109.677 33.9615 0
516 113.336 34.1142 0
517 117.066 34.2363 0
518 120.872 34.2821 0
519 124.587 34.3873 0
520 128.354 34.4479 0
521 131.934 34.4004 0
522 135.724 34.3678 0
523 139.438 34.553 0
524 143.2 34.6375 0
525 146.869 34.7049 0
526 150.607 34.7481 0
527 154.279 34.7712 0
528 157.998 34.7898 0
529 -18.1749 34.8695 0
530 -14.4037 34.8615 0
531 -10.6191 34.94 0
532 -6.9657 35.112 0
533 -3.32061 35.1052 0
534 0.313204 35.2581 0
535 4.02262 35.3128 0
536 7.75683 35.3332 0
537 11.5461 35.4228 0
538 15.224 35.5013 0
539 18.9616 35.4857 0
540 22.6264 35.5021 0
541 26.2858 35.5491 0
542 29.9826 35.5731 0
543 33.6646 35.6668 0
544 37.4041 35.7667 0
545 41.0721 35.7635 0
546 44.8035 35.8634 0
547 48.4422 35.997 0
548 52.1479 36.0465 0
549 55.8578 36.0231 0
550 59.5541 36.1116 0
551 63.3539 36.193 0
552 67.0854 36.3683 0
553 70.8378 36.4631 0
554 74.4739 36.5156 0
555 78.1003 36.5798 0
556 81.8879 36.697 0
557 85.6238 36.7856 0
558 89.3484 36.9395 0
559 93.011 37.0066 0
560 96.7071 36.9667 0
561 100.375 37.0321 0
562 104.029 37.1373 0
563 107.706 37.1578 0
564 111.416 37.2699 0
565 115.152 37.3518 0
566 118.894 37.4852 0
567 122.6 37.574 0
568 126.337 37.6666 0
569 130.104 37.6934 0
570 133.772 37.6769 0
571 137.512 37.6682 0
572 141.231 37.8004 0
573 145.02 37.8474 0
574 148.668 37.8857 0
575 152.301 37.9856 0
576 155.977 38.082 0
577 -20.0967 38.0348 0
578 -16.4259 38.1515 0
579 -12.748 38.1002 0
580 -8.98472 38.2414 0
581 -5.2556 38.3446 0
582 -1.5691 38.3655 0
583 2.09628 38.4597 0
584 5.82377 38.4557 0
585 9.59678 38.5349 0
586 13.2971 38.6527 0
587 16.9299 38.6976 0
588 20.6646 38.7104 0
589 24.377 38.8235 0
590 28.0601 38.8601 0
591 31.7498 38.8753 0
592 35.4032 38.9216 0
593 39.1374 38.961 0
594 42.8475 39.061 0
595 46.5329 39.1009 0
596 50.1827 39.2653 0
597 53.9865 39.2862 0
598 57.6659 39.285 0
599 61.3338 39.3377 0
600 65.0249 39.3935 0
601 68.7974 39.6307 0
602 72.5642 39.6584 0
603 76.2607 39.7924 0
604 79.9498 39.87 0
605 83.7087 39.9399 0
606 87.3583 40.0796 0
607 91.0674 40.19 0
608 94.785 40.2045 0
609 98.4526 40.1985 0
610 102.118 40.3349 0
611 105.821 40.3772 0
612 109.513 40.4346 0
613 113.209 40.4642 0
614 117.034 40.6512 0
615 120.65 40.7056 0
616 124.386 40.774 0
617 128.113 40.8099 0
618 131.94 40.865 0
619 135.574 40.8853 0
620 139.229 40.9812 0
621 142.968 41.0177 0
622 146.757 41.1045 0
623 150.399 41.1769 0
624 154.08 41.166 0
625 -22.0875 41.2856 0
626 -18.3469 41.3096 0
627 -14.6632 41.3063 0
628 -10.8697 41.4132 0
629 -7.13623 41.4742 0
630 -3.46699 41.572 0
631 0.20803 41.6193 0
632 3.87825 41.6561 0
633 7.61101 41.7012 0
634 11.4034 41.8119 0
635 15.0877 41.8701 0
636 18.763 41.8655 0
637 22.4486 41.9378 0
638 26.1557 42.0506 0
639 29.8004 42.1133 0
640 33.529 42.0966 0
641 37.2169 42.1486 0
642 41.0038 42.276 0
643 44.677 42.2928 0
644 48.3265 42.4287 0
645 52.0022 42.4634 0
646 55.7598 42.4779 0
647 59.4682 42.5552 0
648 63.1284 42.6351 0
649 66.8843 42.8045 0
650 70.6087 42.8925 0
651 74.3564 42.9945 0
652 78.0488 43.0104 0
653 81.739 43.0876 0
654 85.3728 43.2149 0
655 89.0938 43.3519 0
656 92.7471 43.4045 0
657 96.4383 43.5135 0
658 100.114 43.4951 0
659 103.91 43.5338 0
660 107.583 43.5987 0
661 111.329 43.6276 0
662 115.045 43.7916 0
663 118.795 43.9829 0
664 122.474 44.0131 0
665 126.199 43.9978 0
666 129.913 44.0909 0
667 133.659 44.0604 0
668 137.352 44.1927 0
669 141.046 44.2432 0
670 144.743 44.2716 0
671 148.529 44.4259 0
672 152.192 44.4404 0
673 -23.9434 44.4873 0
674 -20.2521 44.4715 0
675 -16.558 44.5017 0
676 -12.8839 44.5686 0
677 -9.10931 44.6187 0
678 -5.41465 44.6444 0
679 -1.70108 44.8094 0
680 1.99395 44.8702 0
681 5.7125 44.8886 0
682 9.38467 44.9255 0
683 13.1739 45.0496 0
684 16.8944 45.0757 0
685 20.5668 45.1609 0
686 24.2255 45.2461 0
687 27.8745 45.2095 0
688 31.6053 45.3054 0
689 35.3153 45.3875 0
690 39.0128 45.4226 0
691 42.7518 45.5062 0
692 46.3971 45.5967 0
693 50.0943 45.6897 0
694 53.814 45.6668 0
695 57.5056 45.74 0
696 61.2043 45.8025 0
697 64.8862 45.8916 0
698 68.6519 46.0825 0
699 72.4035 46.2417 0
700 76.0834 46.2147 0
701 79.7283 46.3364 0
702 83.4706 46.3905 0
703 87.1212 46.4441 0
704 90.7985 46.5213 0
705 94.601 46.6733 0
706 98.1987 46.7378 0
707 101.925 46.798 0
708 105.675 46.767 0
709 109.389 46.7726 0
710 113.139 46.8893 0
711 116.829 47.0464 0
712 120.54 47.2273 0
713 124.229 47.1496 0
714 127.969 47.2399 0
715 131.787 47.2169 0
716 135.504 47.3083 0
717 139.163 47.4969 0
718 142.819 47.528 0
719 146.503 47.5733 0
720 150.25 47.6673 0
721 -25.8428 47.659 0
722 -22.1858 47.7026 0
723 -18.4753 47.7613 0
724 -14.7734 47.7585 0
725 -10.9969 47.7463 0
726 -7.29854 47.8616 0
727 -3.65477 47.9214 0
728 -0.0048675 48.0338 0
729 3.78595 48.0725 0
730 7.46215 48.1391 0
731 11.1359 48.2328 0
732 14.8934 48.3035 0
733 18.6181 48.2951 0
734 22.3234 48.3938 0
735 25.9894 48.4801 0
736 29.6293 48.5005 0
737 33.3994 48.5905 0
738 37.0404 48.6448 0
739 40.792 48.6767 0
740 44.5374 48.7281 0
741 48.2079 48.8203 0
742 51.9328 48.854 0
743 55.6004 48.8904 0
744 59.3432 48.9004 0
745 63.0385 49.0463 0
746 66.7282 49.1578 0
747 70.4596 49.3546 0
748 74.1782 49.4415 0
749 77.8773 49.5103 0
750 81.5519 49.5987 0
751 85.2202 49.652 0
752 88.8918 49.6955 0
753 92.6181 49.7129 0
754 96.3078 49.9216 0
755 100.07 49.9375 0
756 103.803 49.9419 0
757 107.421 50.002 0
758 111.191 50.0574 0
759 114.867 50.1913 0
760 118.521 50.3503 0
761 122.298 50.3624 0
762 126.035 50.4263 0
763 129.703 50.3694 0
764 133.454 50.4632 0
765 137.2 50.5982 0
766 140.96 50.6577 0
767 144.619 50.7672 0
768 148.269 50.8975 0
769 -27.8088 50.8399 0
770 -24.153 50.918 0
771 -20.4078 50.921 0
772 -16.6876 50.9271 0
773 -12.9807 50.9561 0
774 -9.22097 51.0488 0
775 -5.55859 51.0982 0
776 -1.88158 51.1726 0
777 1.82553 51.2533 0
778 5.54655 51.3173 0
779 9.18544 51.4268 0
780 13.0363 51.4904 0
781 16.7741 51.4781 0
782 20.4268 51.5597 0
783 24.1196 51.6639 0
784 27.7857 51.6543 0
785 31.531 51.9074 0
786 35.2163 51.9307 0
787 38.8791 51.8373 0
788 42.5705 51.956 0
789 46.2277 51.987 0
790 49.951 52.0209 0
791 53.6813 52.1019 0
792 57.4197 52.1208 0
793 61.1152 52.218 0
794 64.8406 52.3033 0
795 68.5547 52.4804 0
796 72.2642 52.6057 0
797 75.9901 52.6651 0
798 79.6639 52.7583 0
799 83.4002 52.7638 0
800 87.0074 52.846 0
801 90.7251 52.9936 0
802 94.4256 53.011 0
803 98.1805 53.1259 0
804 101.856 53.1903 0
805 105.556 53.2332 0
806 109.21 53.2897 0
807 112.867 53.38 0
808 116.614 53.4505 0
809 120.295 53.556 0
810 124.04 53.6206 0
811 127.768 53.623 0
812 131.443 53.6973 0
813 135.139 53.8071 0
814 138.859 53.8969 0
815 142.61 53.9137 0
816 146.312 54.0089 0
817 -29.7229 54.0372 0
818 -25.9979 54.0074 0
819 -22.3463 54.1194 0
820 -18.5848 54.1315 0
821 -14.8825 54.1556 0
822 -11.2418 54.197 0
823 -7.49449 54.2484 0
824 -3.78175 54.3726 0
825 -0.112855 54.5036 0
826 3.58278 54.514 0
827 7.30868 54.5741 0
828 11.0149 54.6438 0
829 14.8002 54.6713 0
830 18.4948 54.7174 0
831 22.1173 54.802 0
832 25.8728 54.8401 0
833 29.6386 54.9974 0
834 33.3251 55.1453 0
835 36.9847 55.1941 0
836 40.6069 55.2043 0
837 44.3565 55.1715 0
838 48.0039 55.2045 0
839 51.6499 55.3156 0
840 55.4504 55.3285 0
841 59.1262 55.3918 0
842 62.8309 55.4891 0
843 66.5255 55.6546 0
844 70.2534 55.7388 0
845 73.9823 55.807 0
846 77.6885 55.9295 0
847 81.3697 55.9323 0
848 85.0779 56.0363 0
849 88.748 56.1395 0
850 92.5268 56.2327 0
851 96.1939 56.2508 0
852 99.9029 56.3225 0
853 103.566 56.3707 0
854 107.345 56.3986 0
855 110.992 56.5441 0
856 114.636 56.5831 0
857 118.415 56.7302 0
858 122.076 56.8202 0
859 125.776 56.8463 0
860 129.503 56.8626 0
861 133.21 56.9546 0
862 136.951 57.0494 0
863 140.619 57.0219 0
864 144.298 57.1577 0
865 -31.7767 57.2379 0
866 -27.9684 57.2799 0
867 -24.2662 57.3436 0
868 -20.5944 57.3209 0
869 -16.8091 57.3792 0
870 -13.1459 57.4175 0
871 -9.48127 57.4639 0
872 -5.80566 57.6113 0
873 -2.09865 57.6259 0
874 1.64071 57.7062 0
875 5.34755 57.6704 0
876 9.03345 57.8382 0
877 12.7949 57.8319 0
878 16.5553 57.8956 0
879 20.2234 57.9804 0
880 23.8575 58.0003 0
881 27.6236 58.0639 0
882 31.3727 58.3316 0
883 35.0615 58.3502 0
884 38.7681 58.4141 0
885 42.4199 58.4121 0
886 46.0562 58.4314 0
887 49.7694 58.4764 0
888 53.5292 58.5229 0
889 57.2424 58.578 0
890 60.921 58.633 0
891 64.6201 58.791 0
892 68.2035 58.9263 0
893 71.9881 58.9895 0
894 75.8265 59.055 0
895 79.4674 59.1375 0
896 83.1976 59.1937 0
897 86.8376 59.2772 0
898 90.4819 59.422 0
899 94.2749 59.4212 0
900 97.9327 59.4686 0
901 101.627 59.5665 0
902 105.384 59.6235 0
903 109.027 59.7069 0
904 112.749 59.8195 0
905 116.422 59.9188 0
906 120.159 59.9299 0
907 123.876 60.0506 0
908 127.504 60.0797 0
909 131.266 60.1144 0
910 134.968 60.2406 0
911 138.727 60.2248 0
912 142.488 60.3126 0
913 -33.7098 60.4192 0
914 -29.9761 60.4361 0
915 -26.2332 60.4789 0
916 -22.5434 60.5429 0
917 -18.7654 60.5367 0
918 -15.0524 60.5689 0
919 -11.4478 60.7071 0
920 -7.75847 60.7319 0
921 -4.0302 60.8296 0
922 -0.288332 60.8434 0
923 3.45926 60.8959 0
924 7.04371 60.9038 0
925 10.8178 61.0687 0
926 14.5911 61.0864 0
927 18.2868 61.1888 0
928 21.9917 61.1703 0
929 25.6727 61.2756 0
930 29.4722 61.4796 0
931 33.219 61.5202 0
932 36.8997 61.5722 0
933 40.5435 61.6135 0
934 44.1934 61.6117 0
935 47.935 61.6676 0
936 51.5922 61.7313 0
937 55.3253 61.7712 0
938 59.0423 61.8745 0
939 62.6674 61.928 0
940 66.3444 62.0778 0
941 70.0126 62.1087 0
942 73.8762 62.173 0
943 77.5792 62.2837 0
944 81.2826 62.3297 0
945 84.9767 62.4322 0
946 88.6364 62.5731 0
947 92.2906 62.6104 0
948 96.077 62.638 0
949 99.7683 62.7089 0
950 103.464 62.7592 0
951 107.171 62.8863 0
952 110.83 62.9188 0
953 114.525 63.0181 0
954 118.217 63.1284 0
955 121.948 63.1997 0
956 125.659 63.2972 0
957 129.32 63.2718 0
958 133.088 63.4163 0
959 136.818 63.4757 0
960 140.568 63.4642 0
961 -35.604 63.5353 0
962 -31.8937 63.6189 0
963 -28.1988 63.6487 0
964 -24.4821 63.693 0
965 -20.7871 63.8008 0
966 -17.0233 63.7566 0
967 -13.2565 63.8687 0
968 -9.63833 63.9222 0
969 -5.92243 64.0837 0
970 -2.24502 64.0754 0
971 1.49996 64.0744 0
972 5.22749 64.0685 0
973 8.9324 64.1589 0
974 12.6142 64.2638 0
975 16.342 64.3171 0
976 20.1123 64.3552 0
977 23.7895 64.384 0
978 27.4443 64.5782 0
979 31.2568 64.7043 0
980 34.9412 64.7174 0
981 38.6959 64.7911 0
982 42.3254 64.8517 0
983 46.0008 64.8603 0
984 49.6944 64.8942 0
985 53.3442 64.9325 0
986 57.1167 65.0254 0
987 60.7746 65.0626 0
988 64.474 65.2253 0
989 68.1726 65.2575 0
990 71.9399 65.3171 0
991 75.6399 65.4733 0
992 79.324 65.5346 0
993 83.0102 65.6273 0
994 86.6767 65.6884 0
995 90.4045 65.7863 0
996 94.0754 65.8503 0
997 97.814 65.8467 0
998 101.517 65.9519 0
999 105.205 66.0646 0
1000 108.953 66.174 0
1001 112.674 66.1583 0
1002 116.35 66.2484 0
1003 120.041 66.3312 0
1004 123.814 66.4535 0
1005 127.553 66.5226 0
1006 131.197 66.5214 0
1007 134.859 66.6286 0
1008 138.653 66.6212 0
1009 -37.5497 66.6525 0
1010 -33.7262 66.7245 0
1011 -30.1293 66.7765 0
1012 -26.3639 66.9047 0
1013 -22.691 66.9394 0
1014 -18.9563 66.9146 0
1015 -15.1905 67.0325 0
1016 -11.5515 67.1333 0
1017 -7.88349 67.2382 0
1018 -4.12597 67.302 0
1019 -0.450985 67.2967 0
1020 3.28773 67.2521 0
1021 6.97947 67.2686 0
1022 10.6843 67.3997 0
1023 14.4391 67.4829 0
1024 18.1859 67.5736 0
1025 21.8068 67.6282 0
1026 25.5188 67.7503 0
1027 29.2904 67.7823 0
1028 32.9998 67.9614 0
1029 36.7052 67.9148 0
1030 40.4103 68.0081 0
1031 44.1137 68.0283 0
1032 47.8138 68.1007 0
1033 51.4697 68.1216 0
1034 55.0725 68.1342 0
1035 58.8795 68.3103 0
1036 62.5416 68.3382 0
1037 66.2647 68.3956 0
1038 69.9244 68.5047 0
1039 73.7118 68.6233 0
1040 77.3921 68.7414 0
1041 81.1045 68.7867 0
1042 84.7611 68.8267 0
1043 88.3991 68.9298 0
1044 92.1952 68.9958 0
1045 95.902 68.9828 0
1046 99.6161 69.1214 0
1047 103.295 69.1675 0
1048 107.002 69.2969 0
1049 110.765 69.3636 0
1050 114.468 69.4216 0
1051 118.247 69.5104 0
1052 121.88 69.6184 0
1053 125.616 69.7415 0
1054 129.403 69.8121 0
1055 133.039 69.8219 0
1056 136.666 69.8345 0
1057 -39.4194 69.8852 0
1058 -35.6599 69.9515 0
1059 -32.0328 70.0552 0
1060 -28.3537 70.0452 0
1061 -24.5877 70.0832 0
1062 -20.8003 70.1238 0
1063 -17.1493 70.1687 0
1064 -13.4708 70.2191 0
1065 -9.79487 70.348 0
1066 -6.03734 70.4825 0
1067 -2.27995 70.5459 0
1068 1.44645 70.5199 0
1069 5.169 70.4854 0
1070 8.77707 70.5651 0
1071 12.4485 70.6454 0
1072 16.1449 70.7853 0
1073 19.894 70.8423 0
1074 23.6384 70.9279 0
1075 27.3253 70.9889 0
1076 31.0743 71.1048 0
1077 34.802 71.2422 0
1078 38.4132 71.2482 0
1079 42.184 71.2324 0
1080 45.8775 71.2637 0
1081 49.5596 71.3179 0
1082 53.2151 71.365 0
1083 56.8909 71.4223 0
1084 60.5876 71.5126 0
1085 64.3032 71.5999 0
1086 67.976 71.729 0
1087 71.6395 71.725 0
1088 75.4387 71.8177 0
1089 79.1755 71.9251 0
1090 82.8175 72.0013 0
1091 86.5293 72.0181 0
1092 90.2124 72.1377 0
1093 94.0034 72.193 0
1094 97.6793 72.2552 0
1095 101.412 72.3837 0
1096 105.08 72.4544 0
1097 108.86 72.539 0
1098 112.564 72.5899 0
1099 116.254 72.6603 0
1100 119.978 72.8218 0
1101 123.713 72.8954 0
1102 127.344 72.9779 0
1103 131.08 73.0677 0
1104 134.83 73.0363 0
1105 -41.3317 73.0584 0
1106 -37.5686 73.199 0
1107 -33.8848 73.1886 0
1108 -30.2014 73.2008 0
1109 -26.5237 73.3172 0
1110 -22.8609 73.2935 0
1111 -19.0485 73.3172 0
1112 -15.3897 73.3943 0
1113 -11.6992 73.5626 0
1114 -7.94499 73.6359 0
1115 -4.22554 73.7039 0
1116 -0.533042 73.7431 0
1117 3.22303 73.679 0
1118 6.91318 73.7178 0
1119 10.6054 73.8153 0
1120 14.2992 73.9064 0
1121 17.9344 73.9993 0
1122 21.7014 74.0853 0
1123 25.4405 74.1276 0
1124 29.1376 74.2106 0
1125 32.8913 74.3878 0
1126 36.5987 74.4267 0
1127 40.2582 74.4065 0
1128 43.9312 74.499 0
1129 47.7362 74.5357 0
1130 51.3463 74.6107 0
1131 55.0195 74.6136 0
1132 58.6758 74.6555 0
1133 62.3718 74.6915 0
1134 66.0952 74.786 0
1135 69.8719 74.9239 0
1136 73.5717 75.0051 0
1137 77.2131 75.0173 0
1138 80.9709 75.1818 0
1139 84.6426 75.2312 0
1140 88.3351 75.2991 0
1141 92.0447 75.366 0
1142 95.7847 75.4351 0
1143 99.4269 75.5006 0
1144 103.14 75.6017 0
1145 106.858 75.7412 0
1146 110.586 75.8119 0
1147 114.307 75.8606 0
1148 117.945 75.903 0
1149 121.737 76.0234 0
1150 125.422 76.1217 0
1151 129.2 76.2987 0
1152 132.829 76.2345 0
1153 -43.308 76.2518 0
1154 -39.5543 76.3192 0
1155 -35.833 76.3974 0
1156 -32.1196 76.3816 0
1157 -28.4108 76.4863 0
1158 -24.7683 76.5089 0
1159 -21.031 76.5487 0
1160 -17.3363 76.525 0
1161 -13.6369 76.6253 0
1162 -9.86426 76.7622 0
1163 -6.14748 76.8812 0
1164 -2.37875 76.88 0
1165 1.25358 76.9889 0
1166 4.97025 76.9053 0
1167 8.6832 77.049 0
1168 12.3397 77.067 0
1169 16.0494 77.1923 0
1170 19.7901 77.234 0
1171 23.4935 77.2764 0
1172 27.1432 77.3483 0
1173 30.9476 77.4772 0
1174 34.6537 77.5893 0
1175 38.3088 77.618 0
1176 42.0406 77.6581 0
1177 45.733 77.6866 0
1178 49.4482 77.7689 0
1179 53.1206 77.8315 0
1180 56.7159 77.8579 0
1181 60.4405 77.8449 0
1182 64.1228 77.9663 0
1183 67.9065 78.0568 0
1184 71.6153 78.1647 0
1185 75.3048 78.2857 0
1186 79.0818 78.3421 0
1187 82.7456 78.4471 0
1188 86.4125 78.5274 0
1189 90.1133 78.5869 0
1190 93.7683 78.6825 0
1191 97.5182 78.7326 0
1192 101.207 78.7384 0
1193 104.892 78.8755 0
1194 108.684 78.9359 0
1195 112.346 79.0448 0
1196 116.027 79.1124 0
1197 119.783 79.0862 0
1198 123.497 79.254 0
1199 127.193 79.3601 0
1200 130.993 79.4161 0
1201 -45.1696 79.4469 0
1202 -41.4846 79.4917 0
1203 -37.7472 79.5301 0
1204 -34.1018 79.607 0
1205 -30.4175 79.6118 0
1206 -26.6096 79.6534 0
1207 -22.9791 79.7676 0
1208 -19.2863 79.7238 0
1209 -15.5263 79.8105 0
1210 -11.7795 79.9091 0
1211 -8.12236 80.067 0
1212 -4.32579 80.1201 0
1213 -0.640223 80.1139 0
1214 3.09642 80.1357 0
1215 6.73823 80.2395 0
1216 10.488 80.2882 0
1217 14.1475 80.382 0
1218 17.8095 80.4095 0
1219 21.5803 80.4376 0
1220 25.2734 80.5171 0
1221 28.9257 80.5783 0
1222 32.6514 80.7653 0
1223 36.4075 80.7847 0
1224 40.0791 80.837 0
1225 43.756 80.8949 0
1226 47.4648 80.889 0
1227 51.1863 80.9758 0
1228 54.8755 81.0291 0
1229 58.5245 81.0187 0
1230 62.2543 81.162 0
1231 65.9131 81.1977 0
1232 69.6572 81.3053 0
1233 73.3316 81.3766 0
1234 77.1321 81.4273 0
1235 80.7525 81.5647 0
1236 84.4832 81.7111 0
1237 88.1489 81.8326 0
1238 91.8668 81.8693 0
1239 95.5413 81.8807 0
1240 99.2 81.9432 0
1241 102.939 81.9914 0
1242 106.663 82.0576 0
1243 110.416 82.2504 0
1244 114.093 82.2543 0
1245 117.796 82.3358 0
1246 121.454 82.3845 0
1247 125.286 82.4935 0
1248 128.988 82.5891 0
1249 -47.1035 82.6352 0
1250 -43.4242 82.705 0
1251 -39.7632 82.6713 0
1252 -36.0458 82.8011 0
1253 -32.3517 82.8175 0
1254 -28.5721 82.7931 0
1255 -24.8503 82.8898 0
1256 -21.1715 82.9397 0
1257 -17.4435 82.9493 0
1258 -13.7424 83.0526 0
1259 -10.0674 83.1584 0
1260 -6.3349 83.2555 0
1261 -2.59023 83.3391 0
1262 1.1577 83.3698 0
1263 4.79886 83.4666 0
1264 8.51752 83.4419 0
1265 12.2653 83.5811 0
1266 15.9042 83.6326 0
1267 19.5926 83.6448 0
1268 23.2962 83.7212 0
1269 27.0532 83.7736 0
1270 30.76 83.8737 0
1271 34.4326 83.99 0
1272 38.2469 84.0521 0
1273 41.8977 84.0743 0
1274 45.6002 84.0758 0
1275 49.296 84.1096 0
1276 52.9732 84.169 0
1277 56.6475 84.2208 0
1278 60.336 84.3126 0
1279 64.0275 84.4118 0
1280 67.693 84.4754 0
1281 71.4207 84.5578 0
1282 75.1258 84.6808 0
1283 78.7906 84.7979 0
1284 82.5503 84.8493 0
1285 86.2506 84.9116 0
1286 89.9336 85.0314 0
1287 93.6294 85.077 0
1288 97.3492 85.1261 0
1289 101.016 85.1375 0
1290 104.761 85.1912 0
1291 108.455 85.3217 0
1292 112.234 85.4239 0
1293 115.877 85.4653 0
1294 119.581 85.5419 0
1295 123.318 85.5931 0
1296 127.142 85.7409 0
1297 -49.0586 85.8489 0
1298 -45.3583 85.8919 0
1299 -41.6008 85.8646 0
1300 -37.9333 85.913 0
1301 -34.2443 85.9709 0
1302 -30.5242 85.9826 0
1303 -26.7928 86.0489 0
1304 -23.0999 86.0978 0
1305 -19.3766 86.1356 0
1306 -15.6835 86.2149 0
1307 -12.0119 86.335 0
1308 -8.23133 86.4327 0
1309 -4.51194 86.4886 0
1310 -0.84788 86.5777 0
1311 2.8723 86.6313 0
1312 6.60682 86.6751 0
1313 10.3289 86.7247 0
1314 13.9587 86.8243 0
1315 17.6551 86.9766 0
1316 21.3557 86.8841 0
1317 24.9979 87.017 0
1318 28.8715 87.0537 0
1319 32.5577 87.0663 0
1320 36.2198 87.2049 0
1321 39.9681 87.3424 0
1322 43.7617 87.3043 0
1323 47.4261 87.3164 0
1324 51.0495 87.2879 0
1325 54.7731 87.3678 0
1326 58.4325 87.4543 0
1327 62.0997 87.5452 0
1328 65.7799 87.6187 0
1329 69.4491 87.7176 0
1330 73.1501 87.8757 0
1331 76.861 87.9439 0
1332 80.6109 88.0186 0
1333 84.2712 88.1663 0
1334 88.0408 88.1447 0
1335 91.7522 88.2259 0
1336 95.4572 88.314 0
1337 99.1245 88.3617 0
1338 102.854 88.4034 0
1339 106.581 88.513 0
1340 110.297 88.6047 0
1341 113.975 88.6702 0
1342 117.702 88.7448 0
1343 121.368 88.819 0
1344 125.046 88.9013 0
1345 -51.0293 88.9475 0
1346 -47.3154 89.0491 0
1347 -43.5252 89.0652 0
1348 -39.8727 89.0769 0
1349 -36.1882 89.082 0
1350 -32.5429 89.1554 0
1351 -28.7715 89.2271 0
1352 -25.0116 89.2996 0
1353 -21.3342 89.3122 0
1354 -17.6504 89.4189 0
1355 -13.9441 89.4515 0
1356 -10.2025 89.5335 0
1357 -6.45746 89.67 0
1358 -2.73434 89.7587 0
1359 1.01518 89.8198 0
1360 4.69812 89.8498 0
1361 8.34517 89.9519 0
1362 12.0411 90.0529 0
1363 15.7777 90.1015 0
1364 19.45 90.0872 0
1365 23.1107 90.1768 0
1366 26.9235 90.2145 0
1367 30.6726 90.2762 0
1368 34.342 90.3709 0
1369 37.991 90.4356 0
1370 41.7973 90.4949 0
1371 45.4918 90.5503 0
1372 49.1415 90.6327 0
1373 52.8429 90.5276 0
1374 56.5094 90.6264 0
1375 60.1886 90.7262 0
1376 63.9249 90.7554 0
1377 67.555 90.8935 0
1378 71.2425 91.0427 0
1379 74.9728 91.1176 0
1380 78.6644 91.1703 0
1381 82.3858 91.2721 0
1382 86.0656 91.3239 0
1383 89.8931 91.3781 0
1384 93.5258 91.4536 0
1385 97.2694 91.5473 0
1386 100.916 91.5849 0
1387 104.62 91.7081 0
1388 108.361 91.7874 0
1389 112.048 91.8096 0
1390 115.799 91.8729 0
1391 119.464 91.9525 0
1392 123.111 91.9634 0
1393 -53.0353 92.1322 0
1394 -49.1243 92.1649 0
1395 -45.454 92.1978 0
1396 -41.7432 92.2578 0
1397 -38.0925 92.3177 0
1398 -34.4826 92.3327 0
1399 -30.7127 92.4453 0
1400 -26.9355 92.4289 0
1401 -23.2406 92.6095 0
1402 -19.4947 92.5995 0
1403 -15.8354 92.6022 0
1404 -12.1051 92.7552 0
1405 -8.36813 92.8416 0
1406 -4.72005 92.8669 0
1407 -0.98019 92.9511 0
1408 2.71729 93.0244 0
1409 6.44213 93.134 0
1410 10.1463 93.2277 0
1411 13.8181 93.2532 0
1412 17.5318 93.2979 0
1413 21.2274 93.2882 0
1414 24.9676 93.3741 0
1415 28.6419 93.5104 0
1416 32.3877 93.5098 0
1417 36.0737 93.6141 0
1418 39.7682 93.6759 0
1419 43.5129 93.709 0
1420 47.1991 93.7632 0
1421 50.921 93.8391 0
1422 54.6122 93.7848 0
1423 58.337 93.8703 0
1424 61.9823 93.928 0
1425 65.6138 94.0242 0
1426 69.2797 94.152 0
1427 73.0144 94.294 0
1428 76.7669 94.3268 0
1429 80.4447 94.4483 0
1430 84.1246 94.5072 0
1431 87.8791 94.5247 0
1432 91.6357 94.6172 0
1433 95.2832 94.6777 0
1434 99.0498 94.7764 0
1435 102.69 94.8399 0
1436 106.388 94.8876 0
1437 110.185 95.0103 0
1438 113.86 94.9882 0
1439 117.548 95.1154 0
1440 121.3 95.1489 0
1441 -54.8554 95.2714 0
1442 -51.1291 95.3075 0
1443 -47.3536 95.3958 0
1444 -43.6371 95.3792 0
1445 -39.9679 95.4774 0
1446 -36.3206 95.558 0
1447 -32.6382 95.5949 0
1448 -28.8883 95.6933 0
1449 -25.2359 95.7228 0
1450 -21.5569 95.8066 0
1451 -17.7833 95.8261 0
1452 -14.0391 95.8877 0
1453 -10.3245 96.0612 0
1454 -6.65252 96.0903 0
1455 -2.95306 96.203 0
1456 0.835471 96.1832 0
1457 4.60155 96.3258 0
1458 8.2578 96.3973 0
1459 11.9217 96.4279 0
1460 15.6586 96.4438 0
1461 19.3273 96.5086 0
1462 23.0286 96.5813 0
1463 26.8409 96.6285 0
1464 30.5103 96.6805 0
1465 34.1587 96.7334 0
1466 37.8769 96.8657 0
1467 41.5558 96.9101 0
1468 45.2108 97.0058 0
1469 48.9728 97.0429 0
1470 52.6646 97.0576 0
1471 56.3702 97.015 0
1472 60.1245 97.1742 0
1473 63.7841 97.2343 0
1474 67.435 97.3262 0
1475 71.1359 97.4785 0
1476 74.8616 97.5133 0
1477 78.5442 97.6039 0
1478 82.2195 97.663 0
1479 85.9419 97.7008 0
1480 89.636 97.7033 0
1481 93.3735 97.8199 0
1482 97.0846 97.8939 0
1483 100.828 97.997 0
1484 104.518 98.0876 0
1485 108.214 98.16 0
1486 111.917 98.1959 0
1487 115.622 98.2587 0
1488 119.349 98.3517 0
1489 -56.8004 98.4176 0
1490 -52.9958 98.4406 0
1491 -49.3005 98.5188 0
1492 -45.5713 98.5619 0
1493 -41.8827 98.6555 0
1494 -38.154 98.8018 0
1495 -34.4451 98.8746 0
1496 -30.7983 98.8621 0
1497 -27.1335 98.9182 0
1498 -23.4678 99.0096 0
1499 -19.7651 98.9849 0
1500 -16.0135 99.1073 0
1501 -12.3169 99.1669 0
1502 -8.62165 99.2232 0
1503 -4.82914 99.2952 0
1504 -1.11687 99.4008 0
1505 2.56406 99.4449 0
1506 6.30249 99.5605 0
1507 10.0218 99.6357 0
1508 13.6929 99.6593 0
1509 17.3705 99.7033 0
1510 21.0554 99.7876 0
1511 24.8022 99.8485 0
1512 28.5409 99.9213 0
1513 32.2586 100.046 0
1514 35.9965 100.038 0
1515 39.6718 100.118 0
1516 43.3061 100.168 0
1517 47.0523 100.206 0
1518 50.6799 100.248 0
1519 54.4815 100.296 0
1520 58.1015 100.305 0
1521 61.8245 100.38 0
1522 65.5666 100.507 0
1523 69.2607 100.666 0
1524 72.9137 100.675 0
1525 76.5519 100.746 0
1526 80.3462 100.826 0
1527 84.0069 100.868 0
1528 87.7253 100.922 0
1529 91.491 100.97 0
1530 95.1402 101.013 0
1531 98.8481 101.104 0
1532 102.593 101.257 0
1533 106.316 101.285 0
1534 109.995 101.352 0
1535 113.741 101.41 0
1536 117.462 101.492 0
1537 -58.7334 101.577 0
1538 -54.9708 101.643 0
1539 -51.2673 101.694 0
1540 -47.5385 101.725 0
1541 -43.8193 101.76 0
1542 -40.1031 101.874 0
1543 -36.4113 102.006 0
1544 -32.7021 102.11 0
1545 -29.0495 102.103 0
1546 -25.4049 102.194 0
1547 -21.6497 102.194 0
1548 -17.9498 102.29 0
1549 -14.273 102.342 0
1550 -10.5037 102.414 0
1551 -6.8062 102.397 0
1552 -3.08395 102.54 0
1553 0.698553 102.578 0
1554 4.42181 102.732 0
1555 8.10987 102.777 0
1556 11.7423 102.83 0
1557 15.4357 102.923 0
1558 19.1685 102.958 0
1559 22.8644 102.979 0
1560 26.5675 103.039 0
1561 30.2954 103.215 0
1562 34.0788 103.22 0
1563 37.7501 103.245 0
1564 41.4309 103.341 0
1565 45.0794 103.365 0
1566 48.8217 103.458 0
1567 52.5196 103.479 0
1568 56.1695 103.612 0
1569 59.9289 103.576 0
1570 63.6016 103.722 0
1571 67.3423 103.815 0
1572 71.0266 103.944 0
1573 74.7609 104.022 0
1574 78.4341 103.937 0
1575 82.1931 104.074 0
1576 85.8206 104.102 0
1577 89.4967 104.163 0
1578 93.2592 104.173 0
1579 96.9141 104.274 0
1580 100.646 104.348 0
1581 104.373 104.434 0
1582 108.119 104.583 0
1583 111.861 104.66 0
1584 115.481 104.631 0
1585 -60.5978 104.76 0
1586 -56.8605 104.83 0
1587 -53.1791 104.894 0
1588 -49.5036 104.898 0
1589 -45.8036 104.992 0
1590 -42.0755 105.117 0
1591 -38.3746 105.136 0
1592 -34.6678 105.208 0
1593 -30.9431 105.272 0
1594 -27.2662 105.339 0
1595 -23.5818 105.406 0
1596 -19.89 105.509 0
1597 -16.2289 105.536 0
1598 -12.4434 105.617 0
1599 -8.70785 105.7 0
1600 -5.04398 105.772 0
1601 -1.32563 105.758 0
1602 2.39146 105.882 0
1603 6.13816 105.966 0
1604 9.82704 106.041 0
1605 13.5025 106.105 0
1606 17.2612 106.176 0
1607 20.9732 106.168 0
1608 24.6597 106.221 0
1609 28.3417 106.39 0
1610 32.0676 106.431 0
1611 35.83 106.431 0
1612 39.4504 106.492 0
1613 43.1441 106.624 0
1614 46.905 106.656 0
1615 50.6262 106.663 0
1616 54.3169 106.795 0
1617 57.9887 106.811 0
1618 61.6968 106.83 0
1619 65.4367 106.975 0
1620 69.0369 107.062 0
1621 72.7421 107.171 0
1622 76.5428 107.165 0
1623 80.3138 107.239 0
1624 83.9347 107.324 0
1625 87.5978 107.335 0
1626 91.2725 107.378 0
1627 94.986 107.422 0
1628 98.7388 107.524 0
1629 102.445 107.629 0
1630 106.132 107.698 0
1631 109.902 107.806 0
1632 113.627 107.844 0
1633 -62.5289 107.891 0
1634 -58.8616 107.999 0
1635 -55.1248 108.063 0
1636 -51.4004 108.108 0
1637 -47.755 108.196 0
1638 -44.05 108.2 0
1639 -40.385 108.314 0
1640 -36.601 108.336 0
1641 -32.9113 108.433 0
1642 -29.121 108.483 0
1643 -25.4265 108.569 0
1644 -21.7749 108.65 0
1645 -18.0904 108.654 0
1646 -14.4159 108.79 0
1647 -10.6563 108.836 0
1648 -6.90352 108.897 0
1649 -3.22978 108.971 0
1650 0.438403 109.017 0
1651 4.18666 109.128 0
1652 7.85401 109.179 0
1653 11.4985 109.26 0
1654 15.2382 109.304 0
1655 19.0258 109.386 0
1656 22.7492 109.448 0
1657 26.3949 109.566 0
1658 30.0761 109.628 0
1659 33.8238 109.666 0
1660 37.5555 109.703 0
1661 41.2269 109.765 0
1662 44.944 109.837 0
1663 48.6707 109.87 0
1664 52.4012 109.936 0
1665 56.1199 109.949 0
1666 59.8016 110.049 0
1667 63.5212 110.151 0
1668 67.1725 110.25 0
1669 70.8683 110.394 0
1670 74.5971 110.368 0
1671 78.3309 110.404 0
1672 82.0601 110.51 0
1673 85.7501 110.512 0
1674 89.3718 110.565 0
1675 93.1248 110.571 0
1676 96.832 110.667 0
1677 100.556 110.748 0
1678 104.288 110.923 0
1679 107.973 111.009 0
1680 111.675 111.057 0
1681 -64.4579 111.104 0
1682 -60.7571 111.186 0
1683 -57.1149 111.231 0
1684 -53.3489 111.234 0
1685 -49.6513 111.294 0
1686 -45.9792 111.419 0
1687 -42.2716 111.452 0
1688 -38.5934 111.548 0
1689 -34.8439 111.625 0
1690 -31.0553 111.684 0
1691 -27.3477 111.73 0
1692 -23.6604 111.779 0
1693 -20.0063 111.856 0
1694 -16.3093 111.945 0
1695 -12.6124 111.992 0
1696 -8.91 112.028 0
1697 -5.10247 112.102 0
1698 -1.43835 112.2 0
1699 2.25174 112.298 0
1700 6.00672 112.402 0
1701 9.70095 112.418 0
1702 13.4245 112.458 0
1703 17.1077 112.558 0
1704 20.8123 112.637 0
1705 24.4863 112.704 0
1706 28.2281 112.863 0
1707 31.94 112.879 0
1708 35.6071 112.912 0
1709 39.272 112.918 0
1710 42.9736 113.029 0
1711 46.7517 113.065 0
1712 50.4661 113.123 0
1713 54.1548 113.101 0
1714 57.8388 113.247 0
1715 61.5756 113.269 0
1716 65.2972 113.416 0
1717 68.9878 113.526 0
1718 72.6711 113.583 0
1719 76.327 113.612 0
1720 80.1067 113.634 0
1721 83.8118 113.707 0
1722 87.4887 113.721 0
1723 91.2141 113.8 0
1724 94.9697 113.852 0
1725 98.5948 113.978 0
1726 102.276 113.975 0
1727 106.003 114.107 0
1728 109.683 114.191 0
1729 -66.3783 114.25 0
1730 -62.694 114.368 0
1731 -58.9805 114.432 0
1732 -55.2558 114.418 0
1733 -51.614 114.468 0
1734 -47.9025 114.581 0
1735 -44.1462 114.631 0
1736 -40.5013 114.665 0
1737 -36.7554 114.723 0
1738 -33.0693 114.831 0
1739 -29.3346 114.94 0
1740 -25.5708 114.993 0
1741 -21.9738 115.038 0
1742 -18.2227 115.164 0
1743 -14.5109 115.122 0
1744 -10.7607 115.182 0
1745 -7.07252 115.228 0
1746 -3.33808 115.332 0
1747 0.364228 115.472 0
1748 4.04936 115.569 0
1749 7.78523 115.593 0
1750 11.5393 115.618 0
1751 15.2247 115.66 0
1752 18.883 115.762 0
1753 22.5856 115.857 0
1754 26.2814 115.963 0
1755 29.9553 116.04 0
1756 33.6756 116.069 0
1757 37.3459 116.1 0
1758 40.9898 116.145 0
1759 44.7214 116.186 0
1760 48.518 116.31 0
1761 52.2398 116.382 0
1762 55.9593 116.441 0
1763 59.6809 116.488 0
1764 63.2966 116.569 0
1765 67.0561 116.682 0
1766 70.7532 116.812 0
1767 74.4586 116.775 0
1768 78.1835 116.863 0
1769 81.8945 116.855 0
1770 85.5888 116.998 0
1771 89.3084 117.031 0
1772 93.0093 117.034 0
1773 96.7095 117.152 0
1774 100.368 117.219 0
1775 104.02 117.267 0
1776 107.741 117.406 0
1777 -68.3382 117.424 0
1778 -64.6595 117.543 0
1779 -60.9624 117.597 0
1780 -57.177 117.667 0
1781 -53.5035 117.7 0
1782 -49.8169 117.734 0
1783 -46.1856 117.821 0
1784 -42.4594 117.902 0
1785 -38.6934 117.9 0
1786 -35.0158 117.995 0
1787 -31.2973 118.058 0
1788 -27.6142 118.156 0
1789 -23.9459 118.236 0
1790 -20.1718 118.351 0
1791 -16.4069 118.349 0
1792 -12.6909 118.355 0
1793 -8.98884 118.4 0
1794 -5.24914 118.58 0
1795 -1.58784 118.624 0
1796 2.04755 118.632 0
1797 5.86959 118.75 0
1798 9.61544 118.82 0
1799 13.3329 118.918 0
1800 16.9801 118.975 0
1801 20.6419 119.011 0
1802 24.3249 119.106 0
1803 28.0379 119.222 0
1804 31.7237 119.215 0
1805 35.4373 119.267 0
1806 39.1111 119.357 0
1807 42.84 119.415 0
1808 46.4968 119.489 0
1809 50.2115 119.545 0
1810 54.0591 119.615 0
1811 57.7548 119.734 0
1812 61.3916 119.795 0
1813 65.1484 119.874 0
1814 68.761 119.904 0
1815 72.5031 119.977 0
1816 76.249 120.003 0
1817 79.9683 120.049 0
1818 83.7085 120.164 0
1819 87.4263 120.253 0
1820 91.0988 120.288 0
1821 94.7582 120.358 0
1822 98.4758 120.426 0
1823 102.162 120.396 0
1824 105.863 120.493 0
1825 -70.2767 120.64 0
1826 -66.6028 120.66 0
1827 -62.8671 120.735 0
1828 -59.1902 120.828 0
1829 -55.4865 120.919 0
1830 -51.7135 120.922 0
1831 -48.1156 120.927 0
1832 -44.3946 120.993 0
1833 -40.6363 121.05 0
1834 -36.9466 121.142 0
1835 -33.1971 121.178 0
1836 -29.5187 121.329 0
1837 -25.8407 121.434 0
1838 -22.1235 121.476 0
1839 -18.4307 121.535 0
1840 -14.6569 121.553 0
1841 -10.941 121.665 0
1842 -7.23915 121.699 0
1843 -3.46978 121.822 0
1844 0.215747 121.858 0
1845 3.82784 121.907 0
1846 7.53341 122.043 0
1847 11.2697 122.113 0
1848 14.9972 122.184 0
1849 18.7332 122.276 0
1850 22.4765 122.204 0
1851 26.1432 122.329 0
1852 29.7844 122.383 0
1853 33.4923 122.44 0
1854 37.1981 122.521 0
1855 40.8138 122.59 0
1856 44.5694 122.613 0
1857 48.3403 122.693 0
1858 51.9374 122.711 0
1859 55.7448 122.857 0
1860 59.5111 122.971 0
1861 63.1862 123.024 0
1862 66.941 123.187 0
1863 70.6048 123.218 0
1864 74.311 123.155 0
1865 78.032 123.219 0
1866 81.8037 123.372 0
1867 85.5281 123.375 0
1868 89.1904 123.494 0
1869 92.7956 123.505 0
1870 96.5088 123.647 0
1871 100.242 123.614 0
1872 103.892 123.695 0
1873 -72.2805 123.775 0
1874 -68.5777 123.897 0
1875 -64.8346 123.901 0
1876 -61.0733 124.018 0
1877 -57.4277 124.063 0
1878 -53.7321 124.078 0
1879 -50.0202 124.175 0
1880 -46.2635 124.155 0
1881 -42.5968 124.197 0
1882 -38.8974 124.299 0
1883 -35.126 124.404 0
1884 -31.5084 124.477 0
1885 -27.7502 124.584 0
1886 -24.0377 124.601 0
1887 -20.3391 124.715 0
1888 -16.6404 124.759 0
1889 -12.9548 124.811 0
1890 -9.20515 124.859 0
1891 -5.4219 124.985 0
1892 -1.74058 125.067 0
1893 1.99515 125.133 0
1894 5.62406 125.13 0
1895 9.36204 125.261 0
1896 13.1495 125.355 0
1897 16.8247 125.433 0
1898 20.5515 125.429 0
1899 24.2509 125.528 0
1900 27.8574 125.643 0
1901 31.5589 125.741 0
1902 35.2933 125.686 0
1903 38.9661 125.777 0
1904 42.6514 125.846 0
1905 46.4024 125.892 0
1906 50.0716 125.942 0
1907 53.7844 125.988 0
1908 57.4894 126.12 0
1909 61.3288 126.172 0
1910 65.0588 126.335 0
1911 68.7736 126.404 0
1912 72.5098 126.41 0
1913 76.1506 126.433 0
1914 79.8445 126.486 0
1915 83.6027 126.562 0
1916 87.2597 126.72 0
1917 90.9021 126.754 0
1918 94.603 126.826 0
1919 98.2757 126.888 0
1920 101.952 126.956 0
1921 -74.2046 126.959 0
1922 -70.5682 127.155 0
1923 -66.8014 127.136 0
1924 -62.9843 127.192 0
1925 -59.3308 127.221 0
1926 -55.6469 127.237 0
1927 -51.9121 127.3 0
1928 -48.2213 127.344 0
1929 -44.5245 127.456 0
1930 -40.7696 127.523 0
1931 -37.0791 127.574 0
1932 -33.3729 127.663 0
1933 -29.743 127.68 0
1934 -26.0397 127.844 0
1935 -22.3549 127.888 0
1936 -18.6692 127.861 0
1937 -14.8722 127.945 0
1938 -11.1634 128.046 0
1939 -7.45181 128.149 0
1940 -3.75922 128.273 0
1941 -0.014452 128.344 0
1942 3.77928 128.371 0
1943 7.43338 128.417 0
1944 11.1974 128.519 0
1945 14.9133 128.603 0
1946 18.6212 128.628 0
1947 22.3137 128.761 0
1948 26.0306 128.746 0
1949 29.6519 128.872 0
1950 33.4138 128.92 0
1951 37.0531 128.911 0
1952 40.7496 129.072 0
1953 44.4401 129.074 0
1954 48.1217 129.135 0
1955 51.8076 129.207 0
1956 55.5814 129.286 0
1957 59.3292 129.331 0
1958 63.0608 129.483 0
1959 66.7734 129.564 0
1960 70.5942 129.563 0
1961 74.2982 129.593 0
1962 77.9445 129.651 0
1963 81.621 129.756 0
1964 85.2875 129.873 0
1965 89.0418 129.945 0
1966 92.6928 129.943 0
1967 96.2968 130.038 0
1968 99.9642 130.13 0
1969 -76.1386 130.159 0
1970 -72.3956 130.284 0
1971 -68.675 130.255 0
1972 -64.9881 130.39 0
1973 -61.2777 130.454 0
1974 -57.5866 130.5 0
1975 -53.8984 130.489 0
1976 -50.1525 130.602 0
1977 -46.5182 130.693 0
1978 -42.8011 130.72 0
1979 -38.9595 130.757 0
1980 -35.3014 130.834 0
1981 -31.6181 130.921 0
1982 -27.9794 130.955 0
1983 -24.2873 131.057 0
1984 -20.5194 131.06 0
1985 -16.7746 131.108 0
1986 -13.0154 131.184 0
1987 -9.39112 131.223 0
1988 -5.67152 131.393 0
1989 -1.9233 131.459 0
1990 1.792 131.577 0
1991 5.49428 131.648 0
1992 9.24669 131.693 0
1993 12.9341 131.826 0
1994 16.6552 131.881 0
1995 20.3813 131.872 0
1996 24.0496 131.994 0
1997 27.7342 132.013 0
1998 31.3901 132.089 0
1999 35.1598 132.18 0
2000 38.8256 132.182 0
2001 42.5259 132.299 0
2002 46.1541 132.34 0
2003 49.9325 132.38 0
2004 53.6857 132.489 0
2005 57.387 132.464 0
2006 61.0892 132.565 0
2007 64.9055 132.707 0
2008 68.6132 132.76 0
2009 72.3488 132.773 0
2010 76.0737 132.832 0
2011 79.7178 132.928 0
2012 83.3914 133.116 0
2013 87.0407 133.113 0
2014 90.7104 133.181 0
2015 94.3568 133.296 0
2016 98.0705 133.328 0
2017 -78.0601 133.384 0
2018 -74.2806 133.448 0
2019 -70.6087 133.466 0
2020 -66.874 133.524 0
2021 -63.1445 133.593 0
2022 -59.4553 133.622 0
2023 -55.7809 133.692 0
2024 -52.0861 133.777 0
2025 -48.4231 133.806 0
2026 -44.7551 133.888 0
2027 -40.9752 133.923 0
2028 -37.2833 134.006 0
2029 -33.5956 134.058 0
2030 -29.9161 134.144 0
2031 -26.2287 134.239 0
2032 -22.3413 134.269 0
2033 -18.6588 134.376 0
2034 -14.9596 134.362 0
2035 -11.2629 134.421 0
2036 -7.61501 134.539 0
2037 -3.84396 134.627 0
2038 -0.144524 134.697 0
2039 3.59003 134.817 0
2040 7.31565 134.937 0
2041 11.001 135.005 0
2042 14.668 135.046 0
2043 18.3965 135.074 0
2044 22.1265 135.117 0
2045 25.8253 135.172 0
2046 29.5181 135.244 0
2047 33.2672 135.361 0
2048 36.9409 135.447 0
2049 40.6777 135.497 0
2050 44.3256 135.548 0
2051 48.0372 135.573 0
2052 51.7587 135.572 0
2053 55.4896 135.678 0
2054 59.2286 135.7 0
2055 62.9207 135.834 0
2056 66.6458 135.914 0
2057 70.3477 135.912 0
2058 74.1006 136.022 0
2059 77.8312 136.106 0
2060 81.4716 136.222 0
2061 85.1956 136.324 0
2062 88.8498 136.324 0
2063 92.4411 136.485 0
2064 96.2292 136.505 0
2065 -79.9336 136.581 0
2066 -76.1723 136.526 0
2067 -72.4797 136.649 0
2068 -68.8102 136.696 0
2069 -65.154 136.732 0
2070 -61.4061 136.772 0
2071 -57.7029 136.913 0
2072 -54.0428 136.969 0
2073 -50.415 137.048 0
2074 -46.6994 137.094 0
2075 -42.9463 137.041 0
2076 -39.2376 137.138 0
2077 -35.538 137.183 0
2078 -31.8284 137.28 0
2079 -28.1378 137.36 0
2080 -24.4244 137.48 0
2081 -20.6771 137.523 0
2082 -16.9075 137.608 0
2083 -13.2401 137.643 0
2084 -9.50408 137.702 0
2085 -5.844 137.757 0
2086 -2.08315 137.884 0
2087 1.56674 137.952 0
2088 5.29701 138.04 0
2089 9.08913 138.114 0
2090 12.8027 138.211 0
2091 16.4901 138.233 0
2092 20.1439 138.276 0
2093 23.7999 138.369 0
2094 27.579 138.427 0
2095 31.2959 138.59 0
2096 35.0205 138.683 0
2097 38.7039 138.66 0
2098 42.3922 138.757 0
2099 46.1358 138.747 0
2100 49.8334 138.803 0
2101 53.5408 138.898 0
2102 57.3177 138.934 0
2103 60.968 138.961 0
2104 64.7177 139.054 0
2105 68.4107 139.087 0
2106 72.1347 139.19 0
2107 75.8585 139.261 0
2108 79.5676 139.371 0
2109 83.289 139.488 0
2110 86.9619 139.578 0
2111 90.6634 139.571 0
2112 94.3 139.642 0
2113 -81.882 139.77 0
2114 -78.0887 139.746 0
2115 -74.4569 139.774 0
2116 -70.7337 139.895 0
2117 -67.0365 139.897 0
2118 -63.3278 139.954 0
2119 -59.6328 139.993 0
2120 -55.8963 140.159 0
2121 -52.2689 140.241 0
2122 -48.5911 140.279 0
2123 -44.8364 140.281 0
2124 -41.1719 140.299 0
2125 -37.4801 140.427 0
2126 -33.7941 140.349 0
2127 -30.0641 140.546 0
2128 -26.303 140.679 0
2129 -22.5586 140.648 0
2130 -18.8355 140.731 0
2131 -15.1694 140.868 0
2132 -11.4445 140.827 0
2133 -7.74895 140.913 0
2134 -3.98013 140.959 0
2135 -0.305873 141.096 0
2136 3.33606 141.171 0
2137 7.04602 141.252 0
2138 10.8466 141.347 0
2139 14.5333 141.461 0
2140 18.2083 141.525 0
2141 21.9411 141.528 0
2142 25.6176 141.592 0
2143 29.3037 141.729 0
2144 33.0585 141.878 0
2145 36.8011 141.91 0
2146 40.5508 141.907 0
2147 44.2491 141.928 0
2148 47.9505 141.938 0
2149 51.6119 142.059 0
2150 55.3373 142.138 0
2151 59.0789 142.138 0
2152 62.7416 142.18 0
2153 66.4953 142.285 0
2154 70.2192 142.429 0
2155 73.8792 142.493 0
2156 77.6683 142.516 0
2157 81.347 142.674 0
2158 84.9945 142.741 0
2159 88.7275 142.754 0
2160 92.3752 142.797 0
2161 -83.7749 142.902 0
2162 -80.0431 142.958 0
2163 -76.3337 143.005 0
2164 -72.6602 142.976 0
2165 -68.9413 143.076 0
2166 -65.2372 143.114 0
2167 -61.5458 143.119 0
2168 -57.8636 143.319 0
2169 -54.1506 143.442 0
2170 -50.482 143.446 0
2171 -46.7738 143.535 0
2172 -43.0796 143.562 0
2173 -39.3765 143.54 0
2174 -35.649 143.656 0
2175 -32.043 143.719 0
2176 -28.2882 143.819 0
2177 -24.4797 143.851 0
2178 -20.7643 143.883 0
2179 -17.1053 144.017 0
2180 -13.3659 144.06 0
2181 -9.7473 144.097 0
2182 -6.00932 144.102 0
2183 -2.29964 144.239 0
2184 1.41928 144.322 0
2185 5.0925 144.41 0
2186 8.8502 144.46 0
2187 12.5629 144.594 0
2188 16.2327 144.655 0
2189 19.933 144.713 0
2190 23.6892 144.811 0
2191 27.3859 144.88 0
2192 31.0882 144.964 0
2193 34.8119 145.066 0
2194 38.5472 145.127 0
2195 42.2361 145.17 0
2196 45.9982 145.21 0
2197 49.7391 145.183 0
2198 53.4387 145.338 0
2199 57.1609 145.307 0
2200 60.8826 145.361 0
2201 64.5801 145.438 0
2202 68.2464 145.572 0
2203 71.9284 145.691 0
2204 75.718 145.708 0
2205 79.351 145.862 0
2206 83.0376 145.944 0
2207 86.8801 145.962 0
2208 90.502 146.006 0
2209 -85.6545 146.059 0
2210 -81.9677 146.1 0
2211 -78.2207 146.206 0
2212 -74.506 146.194 0
2213 -70.8602 146.257 0
2214 -67.1892 146.318 0
2215 -63.5214 146.321 0
2216 -59.791 146.528 0
2217 -56.1292 146.65 0
2218 -52.3369 146.618 0
2219 -48.6549 146.622 0
2220 -44.9884 146.689 0
2221 -41.3047 146.751 0
2222 -37.6218 146.836 0
2223 -33.8902 146.854 0
2224 -30.1234 146.994 0
2225 -26.4921 147.049 0
2226 -22.7634 147.101 0
2227 -19.0927 147.158 0
2228 -15.3475 147.182 0
2229 -11.644 147.259 0
2230 -7.92395 147.297 0
2231 -4.23239 147.45 0
2232 -0.578595 147.593 0
2233 3.14889 147.607 0
2234 6.85412 147.59 0
2235 10.5827 147.784 0
2236 14.2445 147.899 0
2237 17.9883 147.893 0
2238 21.7482 147.961 0
2239 25.4601 148.082 0
2240 29.1509 148.094 0
2241 32.8735 148.222 0
2242 36.611 148.246 0
2243 40.3192 148.326 0
2244 44.0299 148.293 0
2245 47.773 148.366 0
2246 51.4938 148.462 0
2247 55.2074 148.594 0
2248 58.9155 148.592 0
2249 62.5814 148.644 0
2250 66.302 148.761 0
2251 70.016 148.88 0
2252 73.7037 148.873 0
2253 77.3807 149.03 0
2254 81.0428 149.067 0
2255 84.7889 149.167 0
2256 88.6377 149.177 0
2257 -87.5361 149.232 0
2258 -83.8406 149.259 0
2259 -80.1349 149.348 0
2260 -76.4648 149.37 0
2261 -72.7334 149.421 0
2262 -69.0869 149.514 0
2263 -65.4038 149.601 0
2264 -61.7319 149.691 0
2265 -58.0178 149.775 0
2266 -54.2779 149.81 0
2267 -50.5447 149.844 0
2268 -46.8668 149.907 0
2269 -43.1729 150.009 0
2270 -39.4277 150.076 0
2271 -35.7586 150.097 0
2272 -32.0239 150.118 0
2273 -28.3156 150.178 0
2274 -24.6253 150.268 0
2275 -20.9546 150.359 0
2276 -17.2087 150.371 0
2277 -13.5613 150.414 0
2278 -9.86708 150.522 0
2279 -6.20841 150.596 0
2280 -2.5147 150.684 0
2281 1.21153 150.814 0
2282 4.90233 150.839 0
2283 8.57389 150.867 0
2284 12.3957 151.016 0
2285 16.1349 151.102 0
2286 19.8429 151.162 0
2287 23.5325 151.291 0
2288 27.3158 151.318 0
2289 30.9735 151.385 0
2290 34.6314 151.39 0
2291 38.3655 151.423 0
2292 42.1174 151.464 0
2293 45.8532 151.575 0
2294 49.5284 151.66 0
2295 53.2887 151.723 0
2296 56.9166 151.839 0
2297 60.7216 151.906 0
2298 64.3738 151.935 0
2299 68.0613 152.068 0
2300 71.7523 152.149 0
2301 75.4325 152.241 0
2302 79.1539 152.278 0
2303 82.7979 152.293 0
2304 86.5761 152.308 0
2305 -89.4963 152.367 0
2306 -85.8103 152.512 0
2307 -82.198 152.57 0
2308 -78.3949 152.672 0
2309 -74.6963 152.624 0
2310 -71.0291 152.711 0
2311 -67.2873 152.794 0
2312 -63.6455 152.9 0
2313 -59.9692 152.919 0
2314 -56.2768 152.959 0
2315 -52.5711 153.049 0
2316 -48.8027 153.075 0
2317 -45.0887 153.098 0
2318 -41.396 153.233 0
2319 -37.7158 153.335 0
2320 -33.9469 153.368 0
2321 -30.2696 153.447 0
2322 -26.6038 153.515 0
2323 -22.9151 153.573 0
2324 -19.2306 153.555 0
2325 -15.4637 153.637 0
2326 -11.8082 153.766 0
2327 -8.10666 153.767 0
2328 -4.40707 153.881 0
2329 -0.749313 153.959 0
2330 2.98034 154.026 0
2331 6.71476 154.024 0
2332 10.4585 154.147 0
2333 14.2046 154.25 0
2334 17.9192 154.32 0
2335 21.6316 154.45 0
2336 25.3954 154.474 0
2337 29.0556 154.53 0
2338 32.7509 154.62 0
2339 36.4178 154.556 0
2340 40.1294 154.621 0
2341 43.8834 154.721 0
2342 47.567 154.749 0
2343 51.2309 154.873 0
2344 54.976 155.03 0
2345 58.6881 155.049 0
2346 62.4884 155.132 0
2347 66.2168 155.158 0
2348 69.8198 155.325 0
2349 73.5094 155.426 0
2350 77.1903 155.497 0
2351 80.8443 155.468 0
2352 84.5784 155.562 0
2353 -91.5667 155.609 0
2354 -87.7308 155.673 0
2355 -84.126 155.816 0
2356 -80.4939 155.904 0
2357 -76.6433 155.899 0
2358 -72.9269 155.912 0
2359 -69.2719 155.972 0
2360 -65.5413 156.117 0
2361 -61.8659 156.16 0
2362 -58.1547 156.172 0
2363 -54.4867 156.175 0
2364 -50.7646 156.233 0
2365 -47.0088 156.265 0
2366 -43.3556 156.403 0
2367 -39.6655 156.498 0
2368 -35.9059 156.511 0
2369 -32.1974 156.624 0
2370 -28.5217 156.686 0
2371 -24.8073 156.744 0
2372 -21.1214 156.744 0
2373 -17.417 156.849 0
2374 -13.6675 156.91 0
2375 -10.0277 156.974 0
2376 -6.41236 157.029 0
2377 -2.70456 157.109 0
2378 1.04484 157.192 0
2379 4.76697 157.181 0
2380 8.49466 157.32 0
2381 12.1795 157.38 0
2382 15.9477 157.507 0
2383 19.6201 157.574 0
2384 23.336 157.686 0
2385 27.1236 157.738 0
2386 30.86 157.778 0
2387 34.5206 157.839 0
2388 38.1826 157.852 0
2389 41.9175 157.878 0
2390 45.6535 158.067 0
2391 49.3649 158.119 0
2392 53.0725 158.222 0
2393 56.7381 158.186 0
2394 60.4963 158.312 0
2395 64.2509 158.349 0
2396 67.9029 158.444 0
2397 71.5866 158.554 0
2398 75.309 158.669 0
2399 78.9524 158.745 0
2400 82.6435 158.785 0
2401 -93.4604 158.772 0
2402 -89.7264 158.86 0
2403 -86.0286 158.913 0
2404 -82.3264 159.058 0
2405 -78.6999 159.084 0
2406 -75.0108 159.088 0
2407 -71.2247 159.167 0
2408 -67.5545 159.21 0
2409 -63.7876 159.325 0
2410 -60.0662 159.388 0
2411 -56.4342 159.41 0
2412 -52.6877 159.441 0
2413 -49.04 159.455 0
2414 -45.2244 159.53 0
2415 -41.4853 159.717 0
2416 -37.834 159.692 0
2417 -34.1263 159.779 0
2418 -30.3825 159.815 0
2419 -26.7297 159.883 0
2420 -23.0116 159.967 0
2421 -19.327 159.992 0
2422 -15.5823 160.062 0
2423 -11.8808 160.186 0
2424 -8.27336 160.275 0
2425 -4.56914 160.347 0
2426 -0.894775 160.388 0
2427 2.8655 160.376 0
2428 6.57671 160.516 0
2429 10.2795 160.605 0
2430 14.0305 160.654 0
2431 17.7482 160.725 0
2432 21.3956 160.786 0
2433 25.0887 160.884 0
2434 28.8858 160.981 0
2435 32.568 160.977 0
2436 36.3501 161.105 0
2437 40.0099 161.103 0
2438 43.7592 161.174 0
2439 47.4718 161.309 0
2440 51.157 161.404 0
2441 54.8645 161.451 0
2442 58.5567 161.493 0
2443 62.2848 161.512 0
2444 65.953 161.672 0
2445 69.6169 161.728 0
2446 73.3068 161.848 0
2447 77.059 161.914 0
2448 80.807 161.969 0
2449 -95.3257 161.995 0
2450 -91.5916 162.047 0
2451 -87.8663 162.097 0
2452 -84.2086 162.234 0
2453 -80.5551 162.299 0
2454 -76.8899 162.396 0
2455 -73.1735 162.385 0
2456 -69.4488 162.409 0
2457 -65.7662 162.435 0
2458 -62.0648 162.51 0
2459 -58.3749 162.564 0
2460 -54.6259 162.604 0
2461 -50.9399 162.622 0
2462 -47.1951 162.738 0
2463 -43.4512 162.884 0
2464 -39.7667 162.935 0
2465 -36.0648 162.941 0
2466 -32.393 162.975 0
2467 -28.6684 163.079 0
2468 -24.9062 163.207 0
2469 -21.2847 163.25 0
2470 -17.5042 163.273 0
2471 -13.8209 163.355 0
2472 -10.1403 163.447 0
2473 -6.4314 163.505 0
2474 -2.73366 163.557 0
2475 0.922488 163.642 0
2476 4.59349 163.747 0
2477 8.35969 163.792 0
2478 12.0742 163.931 0
2479 15.8358 163.885 0
2480 19.5335 163.975 0
2481 23.2004 164.065 0
2482 26.9062 164.164 0
2483 30.696 164.179 0
2484 34.3606 164.251 0
2485 38.1034 164.333 0
2486 41.7929 164.405 0
2487 45.504 164.499 0
2488 49.1981 164.678 0
2489 52.9478 164.621 0
2490 56.6601 164.663 0
2491 60.3473 164.667 0
2492 64.0507 164.8 0
2493 67.7218 164.908 0
2494 71.5001 164.986 0
2495 75.2293 165.018 0
2496 78.8571 165.041 0
